 4 M  0.1222 0.0733 0.0967 0.3744 -0.2911 0.7244 -0.0011
 5 F  0.4033 0.4144 0.4578 0.7178 -0.3022 0.1722 0.3533
 6 K  -0.0978 0.0733 0.1811 -0.9878 0.8078 0.3100 -0.2944
 7 Y  0.4033 0.4633 0.6011 0.2089 -0.3044 -0.1722 0.5289
 8 K  -0.0978 0.0733 0.1811 -0.9878 0.8078 0.3100 -0.2944
 9 Q  -0.2556 -0.1222 -0.0222 -0.5156 -0.3067 0.5867 -0.4122
 10 V  0.7522 -0.3167 -0.2578 0.3678 -0.2122 -0.0344 1.0000
 11 I  1.0000 -0.0733 -0.0100 0.7244 -0.2067 0.1722 0.7644
 12 V  0.7522 -0.3167 -0.2578 0.3678 -0.2122 -0.0344 1.0000
 13 A  -0.3889 -0.7556 -0.7522 -0.1900 -0.1889 1.0000 -0.5289
 14 R  0.1167 0.4144 0.5178 -1.0000 1.0000 0.5867 -0.4122
 15 A  -0.3889 -0.7556 -0.7522 -0.1900 -0.1889 1.0000 -0.5289
 16 D  -0.2367 -0.4633 -0.3122 -0.8522 -1.0000 -0.1722 -0.7056
 17 L  0.2367 -0.0733 -0.0100 0.6622 -0.2067 0.7933 -0.0589
 18 K  -0.0978 0.0733 0.1811 -0.9878 0.8078 0.3100 -0.2944
 19 L  0.2367 -0.0733 -0.0100 0.6622 -0.2067 0.7933 -0.0589
 20 S  -0.3744 -0.7078 -0.6044 -0.4044 -0.2944 -0.5178 -0.2356
 21 K  -0.0978 0.0733 0.1811 -0.9878 0.8078 0.3100 -0.2944
 22 G  -1.0000 -1.0000 -1.0000 -0.3800 -0.1989 -1.0000 -1.0000
 23 K  -0.0978 0.0733 0.1811 -0.9878 0.8078 0.3100 -0.2944
 24 L  0.2367 -0.0733 -0.0100 0.6622 -0.2067 0.7933 -0.0589
 25 A  -0.3889 -0.7556 -0.7522 -0.1900 -0.1889 1.0000 -0.5289
 26 A  -0.3889 -0.7556 -0.7522 -0.1900 -0.1889 1.0000 -0.5289
 27 Q  -0.2556 -0.1222 -0.0222 -0.5156 -0.3067 0.5867 -0.4122
 28 V  0.7522 -0.3167 -0.2578 0.3678 -0.2122 -0.0344 1.0000
 29 A  -0.3889 -0.7556 -0.7522 -0.1900 -0.1889 1.0000 -0.5289
 30 H  0.4267 0.1222 0.1533 -0.3011 0.2167 -0.0344 -0.1178
 31 G  -1.0000 -1.0000 -1.0000 -0.3800 -0.1989 -1.0000 -1.0000
 32 A  -0.3889 -0.7556 -0.7522 -0.1900 -0.1889 1.0000 -0.5289
 33 V  0.7522 -0.3167 -0.2578 0.3678 -0.2122 -0.0344 1.0000
 34 T  0.4467 -0.4633 -0.3567 -0.2211 -0.3200 -0.4478 0.2356
 35 A  -0.3889 -0.7556 -0.7522 -0.1900 -0.1889 1.0000 -0.5289
 36 A  -0.3889 -0.7556 -0.7522 -0.1900 -0.1889 1.0000 -0.5289
 37 F  0.4033 0.4144 0.4578 0.7178 -0.3022 0.1722 0.3533
 38 E  -0.2556 -0.2678 -0.0644 -0.7733 -0.9644 1.0000 -0.6467
 39 A  -0.3889 -0.7556 -0.7522 -0.1900 -0.1889 1.0000 -0.5289
 40 Y  0.4033 0.4633 0.6011 0.2089 -0.3044 -0.1722 0.5289
 41 K  -0.0978 0.0733 0.1811 -0.9878 0.8078 0.3100 -0.2944
 42 K  -0.0978 0.0733 0.1811 -0.9878 0.8078 0.3100 -0.2944
 43 K  -0.0978 0.0733 0.1811 -0.9878 0.8078 0.3100 -0.2944
 44 R  0.1167 0.4144 0.5178 -1.0000 1.0000 0.5867 -0.4122
 45 E  -0.2556 -0.2678 -0.0644 -0.7733 -0.9644 1.0000 -0.6467
 46 W  0.5322 1.0000 1.0000 1.0000 -0.2322 0.3100 0.5878
 47 F  0.4033 0.4144 0.4578 0.7178 -0.3022 0.1722 0.3533
 48 E  -0.2556 -0.2678 -0.0644 -0.7733 -0.9644 1.0000 -0.6467
 49 A  -0.3889 -0.7556 -0.7522 -0.1900 -0.1889 1.0000 -0.5289
 50 W  0.5322 1.0000 1.0000 1.0000 -0.2322 0.3100 0.5878
 51 F  0.4033 0.4144 0.4578 0.7178 -0.3022 0.1722 0.3533
 52 R  0.1167 0.4144 0.5178 -1.0000 1.0000 0.5867 -0.4122
 53 E  -0.2556 -0.2678 -0.0644 -0.7733 -0.9644 1.0000 -0.6467
 54 G  -1.0000 -1.0000 -1.0000 -0.3800 -0.1989 -1.0000 -1.0000
 55 Q  -0.2556 -0.1222 -0.0222 -0.5156 -0.3067 0.5867 -0.4122
 56 K  -0.0978 0.0733 0.1811 -0.9878 0.8078 0.3100 -0.2944
 57 K  -0.0978 0.0733 0.1811 -0.9878 0.8078 0.3100 -0.2944
 58 V  0.7522 -0.3167 -0.2578 0.3678 -0.2122 -0.0344 1.0000
 59 V  0.7522 -0.3167 -0.2578 0.3678 -0.2122 -0.0344 1.0000
 60 V  0.7522 -0.3167 -0.2578 0.3678 -0.2122 -0.0344 1.0000
 61 K  -0.0978 0.0733 0.1811 -0.9878 0.8078 0.3100 -0.2944
 62 V  0.7522 -0.3167 -0.2578 0.3678 -0.2122 -0.0344 1.0000
 63 E  -0.2556 -0.2678 -0.0644 -0.7733 -0.9644 1.0000 -0.6467
 64 S  -0.3744 -0.7078 -0.6044 -0.4044 -0.2944 -0.5178 -0.2356
 65 E  -0.2556 -0.2678 -0.0644 -0.7733 -0.9644 1.0000 -0.6467
 66 E  -0.2556 -0.2678 -0.0644 -0.7733 -0.9644 1.0000 -0.6467
 67 E  -0.2556 -0.2678 -0.0644 -0.7733 -0.9644 1.0000 -0.6467
 68 L  0.2367 -0.0733 -0.0100 0.6622 -0.2067 0.7933 -0.0589
 69 F  0.4033 0.4144 0.4578 0.7178 -0.3022 0.1722 0.3533
 70 K  -0.0978 0.0733 0.1811 -0.9878 0.8078 0.3100 -0.2944
 71 L  0.2367 -0.0733 -0.0100 0.6622 -0.2067 0.7933 -0.0589
 72 K  -0.0978 0.0733 0.1811 -0.9878 0.8078 0.3100 -0.2944
 73 A  -0.3889 -0.7556 -0.7522 -0.1900 -0.1889 1.0000 -0.5289
 74 E  -0.2556 -0.2678 -0.0644 -0.7733 -0.9644 1.0000 -0.6467
 75 A  -0.3889 -0.7556 -0.7522 -0.1900 -0.1889 1.0000 -0.5289
 76 E  -0.2556 -0.2678 -0.0644 -0.7733 -0.9644 1.0000 -0.6467
 77 K  -0.0978 0.0733 0.1811 -0.9878 0.8078 0.3100 -0.2944
 78 L  0.2367 -0.0733 -0.0100 0.6622 -0.2067 0.7933 -0.0589
 79 G  -1.0000 -1.0000 -1.0000 -0.3800 -0.1989 -1.0000 -1.0000
 80 L  0.2367 -0.0733 -0.0100 0.6622 -0.2067 0.7933 -0.0589
 81 P  0.2744 -1.0000 -0.3267 0.0611 -0.0111 -1.0000 0.1178
 82 N  -0.2367 -0.3656 -0.2700 -0.7489 -0.0833 -0.4478 -0.5878
 83 A  -0.3889 -0.7556 -0.7522 -0.1900 -0.1889 1.0000 -0.5289
 84 L  0.2367 -0.0733 -0.0100 0.6622 -0.2067 0.7933 -0.0589
 85 I  1.0000 -0.0733 -0.0100 0.7244 -0.2067 0.1722 0.7644
 86 R  0.1167 0.4144 0.5178 -1.0000 1.0000 0.5867 -0.4122
 87 D  -0.2367 -0.4633 -0.3122 -0.8522 -1.0000 -0.1722 -0.7056
 88 A  -0.3889 -0.7556 -0.7522 -0.1900 -0.1889 1.0000 -0.5289
 89 G  -1.0000 -1.0000 -1.0000 -0.3800 -0.1989 -1.0000 -1.0000
 90 L  0.2367 -0.0733 -0.0100 0.6622 -0.2067 0.7933 -0.0589
 91 T  0.4467 -0.4633 -0.3567 -0.2211 -0.3200 -0.4478 0.2356
 92 E  -0.2556 -0.2678 -0.0644 -0.7733 -0.9644 1.0000 -0.6467
 93 I  1.0000 -0.0733 -0.0100 0.7244 -0.2067 0.1722 0.7644
 94 P  0.2744 -1.0000 -0.3267 0.0611 -0.0111 -1.0000 0.1178
 95 P  0.2744 -1.0000 -0.3267 0.0611 -0.0111 -1.0000 0.1178
 96 G  -1.0000 -1.0000 -1.0000 -0.3800 -0.1989 -1.0000 -1.0000
 97 T  0.4467 -0.4633 -0.3567 -0.2211 -0.3200 -0.4478 0.2356
 98 V  0.7522 -0.3167 -0.2578 0.3678 -0.2122 -0.0344 1.0000
 99 T  0.4467 -0.4633 -0.3567 -0.2211 -0.3200 -0.4478 0.2356
 100 V  0.7522 -0.3167 -0.2578 0.3678 -0.2122 -0.0344 1.0000
 101 L  0.2367 -0.0733 -0.0100 0.6622 -0.2067 0.7933 -0.0589
 102 A  -0.3889 -0.7556 -0.7522 -0.1900 -0.1889 1.0000 -0.5289
 103 V  0.7522 -0.3167 -0.2578 0.3678 -0.2122 -0.0344 1.0000
 104 G  -1.0000 -1.0000 -1.0000 -0.3800 -0.1989 -1.0000 -1.0000
 105 P  0.2744 -1.0000 -0.3267 0.0611 -0.0111 -1.0000 0.1178
 106 A  -0.3889 -0.7556 -0.7522 -0.1900 -0.1889 1.0000 -0.5289
 107 P  0.2744 -1.0000 -0.3267 0.0611 -0.0111 -1.0000 0.1178
 108 E  -0.2556 -0.2678 -0.0644 -0.7733 -0.9644 1.0000 -0.6467
 109 E  -0.2556 -0.2678 -0.0644 -0.7733 -0.9644 1.0000 -0.6467
 110 I  1.0000 -0.0733 -0.0100 0.7244 -0.2067 0.1722 0.7644
 111 V  0.7522 -0.3167 -0.2578 0.3678 -0.2122 -0.0344 1.0000
 112 D  -0.2367 -0.4633 -0.3122 -0.8522 -1.0000 -0.1722 -0.7056
 113 K  -0.0978 0.0733 0.1811 -0.9878 0.8078 0.3100 -0.2944
 114 V  0.7522 -0.3167 -0.2578 0.3678 -0.2122 -0.0344 1.0000
 115 T  0.4467 -0.4633 -0.3567 -0.2211 -0.3200 -0.4478 0.2356
 116 G  -1.0000 -1.0000 -1.0000 -0.3800 -0.1989 -1.0000 -1.0000
 117 N  -0.2367 -0.3656 -0.2700 -0.7489 -0.0833 -0.4478 -0.5878
 118 L  0.2367 -0.0733 -0.0100 0.6622 -0.2067 0.7933 -0.0589
 119 K  -0.0978 0.0733 0.1811 -0.9878 0.8078 0.3100 -0.2944
 120 L  0.2367 -0.0733 -0.0100 0.6622 -0.2067 0.7933 -0.0589
 121 L  0.2367 -0.0733 -0.0100 0.6622 -0.2067 0.7933 -0.0589
