 19 P  0.2744 -1.0000 -0.3267 0.0611 -0.0111 -1.0000 0.1178
 20 P  0.2744 -1.0000 -0.3267 0.0611 -0.0111 -1.0000 0.1178
 21 A  -0.3889 -0.7556 -0.7522 -0.1900 -0.1889 1.0000 -0.5289
 22 D  -0.2367 -0.4633 -0.3122 -0.8522 -1.0000 -0.1722 -0.7056
 23 G  -1.0000 -1.0000 -1.0000 -0.3800 -0.1989 -1.0000 -1.0000
 24 A  -0.3889 -0.7556 -0.7522 -0.1900 -0.1889 1.0000 -0.5289
 25 L  0.2367 -0.0733 -0.0100 0.6622 -0.2067 0.7933 -0.0589
 26 K  -0.0978 0.0733 0.1811 -0.9878 0.8078 0.3100 -0.2944
 27 R  0.1167 0.4144 0.5178 -1.0000 1.0000 0.5867 -0.4122
 28 A  -0.3889 -0.7556 -0.7522 -0.1900 -0.1889 1.0000 -0.5289
 29 E  -0.2556 -0.2678 -0.0644 -0.7733 -0.9644 1.0000 -0.6467
 30 E  -0.2556 -0.2678 -0.0644 -0.7733 -0.9644 1.0000 -0.6467
 31 L  0.2367 -0.0733 -0.0100 0.6622 -0.2067 0.7933 -0.0589
 32 K  -0.0978 0.0733 0.1811 -0.9878 0.8078 0.3100 -0.2944
 33 T  0.4467 -0.4633 -0.3567 -0.2211 -0.3200 -0.4478 0.2356
 34 Q  -0.2556 -0.1222 -0.0222 -0.5156 -0.3067 0.5867 -0.4122
 35 A  -0.3889 -0.7556 -0.7522 -0.1900 -0.1889 1.0000 -0.5289
 36 N  -0.2367 -0.3656 -0.2700 -0.7489 -0.0833 -0.4478 -0.5878
 37 D  -0.2367 -0.4633 -0.3122 -0.8522 -1.0000 -0.1722 -0.7056
 38 Y  0.4033 0.4633 0.6011 0.2089 -0.3044 -0.1722 0.5289
 39 F  0.4033 0.4144 0.4578 0.7178 -0.3022 0.1722 0.3533
 40 K  -0.0978 0.0733 0.1811 -0.9878 0.8078 0.3100 -0.2944
 41 A  -0.3889 -0.7556 -0.7522 -0.1900 -0.1889 1.0000 -0.5289
 42 K  -0.0978 0.0733 0.1811 -0.9878 0.8078 0.3100 -0.2944
 43 D  -0.2367 -0.4633 -0.3122 -0.8522 -1.0000 -0.1722 -0.7056
 44 Y  0.4033 0.4633 0.6011 0.2089 -0.3044 -0.1722 0.5289
 45 E  -0.2556 -0.2678 -0.0644 -0.7733 -0.9644 1.0000 -0.6467
 46 N  -0.2367 -0.3656 -0.2700 -0.7489 -0.0833 -0.4478 -0.5878
 47 A  -0.3889 -0.7556 -0.7522 -0.1900 -0.1889 1.0000 -0.5289
 48 I  1.0000 -0.0733 -0.0100 0.7244 -0.2067 0.1722 0.7644
 49 K  -0.0978 0.0733 0.1811 -0.9878 0.8078 0.3100 -0.2944
 50 F  0.4033 0.4144 0.4578 0.7178 -0.3022 0.1722 0.3533
 51 Y  0.4033 0.4633 0.6011 0.2089 -0.3044 -0.1722 0.5289
 52 S  -0.3744 -0.7078 -0.6044 -0.4044 -0.2944 -0.5178 -0.2356
 53 Q  -0.2556 -0.1222 -0.0222 -0.5156 -0.3067 0.5867 -0.4122
 54 A  -0.3889 -0.7556 -0.7522 -0.1900 -0.1889 1.0000 -0.5289
 55 I  1.0000 -0.0733 -0.0100 0.7244 -0.2067 0.1722 0.7644
 56 E  -0.2556 -0.2678 -0.0644 -0.7733 -0.9644 1.0000 -0.6467
 57 L  0.2367 -0.0733 -0.0100 0.6622 -0.2067 0.7933 -0.0589
 58 N  -0.2367 -0.3656 -0.2700 -0.7489 -0.0833 -0.4478 -0.5878
 59 P  0.2744 -1.0000 -0.3267 0.0611 -0.0111 -1.0000 0.1178
 60 S  -0.3744 -0.7078 -0.6044 -0.4044 -0.2944 -0.5178 -0.2356
 61 N  -0.2367 -0.3656 -0.2700 -0.7489 -0.0833 -0.4478 -0.5878
 62 A  -0.3889 -0.7556 -0.7522 -0.1900 -0.1889 1.0000 -0.5289
 63 I  1.0000 -0.0733 -0.0100 0.7244 -0.2067 0.1722 0.7644
 64 Y  0.4033 0.4633 0.6011 0.2089 -0.3044 -0.1722 0.5289
 65 Y  0.4033 0.4633 0.6011 0.2089 -0.3044 -0.1722 0.5289
 66 G  -1.0000 -1.0000 -1.0000 -0.3800 -0.1989 -1.0000 -1.0000
 67 N  -0.2367 -0.3656 -0.2700 -0.7489 -0.0833 -0.4478 -0.5878
 68 R  0.1167 0.4144 0.5178 -1.0000 1.0000 0.5867 -0.4122
 69 S  -0.3744 -0.7078 -0.6044 -0.4044 -0.2944 -0.5178 -0.2356
 70 L  0.2367 -0.0733 -0.0100 0.6622 -0.2067 0.7933 -0.0589
 71 A  -0.3889 -0.7556 -0.7522 -0.1900 -0.1889 1.0000 -0.5289
 72 Y  0.4033 0.4633 0.6011 0.2089 -0.3044 -0.1722 0.5289
 73 L  0.2367 -0.0733 -0.0100 0.6622 -0.2067 0.7933 -0.0589
 74 R  0.1167 0.4144 0.5178 -1.0000 1.0000 0.5867 -0.4122
 75 T  0.4467 -0.4633 -0.3567 -0.2211 -0.3200 -0.4478 0.2356
 76 E  -0.2556 -0.2678 -0.0644 -0.7733 -0.9644 1.0000 -0.6467
 77 C  -0.1556 -0.3656 -0.3989 0.5644 -0.1267 -0.7244 0.5289
 78 Y  0.4033 0.4633 0.6011 0.2089 -0.3044 -0.1722 0.5289
 79 G  -1.0000 -1.0000 -1.0000 -0.3800 -0.1989 -1.0000 -1.0000
 80 Y  0.4033 0.4633 0.6011 0.2089 -0.3044 -0.1722 0.5289
 81 A  -0.3889 -0.7556 -0.7522 -0.1900 -0.1889 1.0000 -0.5289
 82 L  0.2367 -0.0733 -0.0100 0.6622 -0.2067 0.7933 -0.0589
 83 G  -1.0000 -1.0000 -1.0000 -0.3800 -0.1989 -1.0000 -1.0000
 84 D  -0.2367 -0.4633 -0.3122 -0.8522 -1.0000 -0.1722 -0.7056
 85 A  -0.3889 -0.7556 -0.7522 -0.1900 -0.1889 1.0000 -0.5289
 86 T  0.4467 -0.4633 -0.3567 -0.2211 -0.3200 -0.4478 0.2356
 87 R  0.1167 0.4144 0.5178 -1.0000 1.0000 0.5867 -0.4122
 88 A  -0.3889 -0.7556 -0.7522 -0.1900 -0.1889 1.0000 -0.5289
 89 I  1.0000 -0.0733 -0.0100 0.7244 -0.2067 0.1722 0.7644
 90 E  -0.2556 -0.2678 -0.0644 -0.7733 -0.9644 1.0000 -0.6467
 91 L  0.2367 -0.0733 -0.0100 0.6622 -0.2067 0.7933 -0.0589
 92 D  -0.2367 -0.4633 -0.3122 -0.8522 -1.0000 -0.1722 -0.7056
 93 K  -0.0978 0.0733 0.1811 -0.9878 0.8078 0.3100 -0.2944
 94 K  -0.0978 0.0733 0.1811 -0.9878 0.8078 0.3100 -0.2944
 95 Y  0.4033 0.4633 0.6011 0.2089 -0.3044 -0.1722 0.5289
 96 I  1.0000 -0.0733 -0.0100 0.7244 -0.2067 0.1722 0.7644
 97 K  -0.0978 0.0733 0.1811 -0.9878 0.8078 0.3100 -0.2944
 98 G  -1.0000 -1.0000 -1.0000 -0.3800 -0.1989 -1.0000 -1.0000
 99 Y  0.4033 0.4633 0.6011 0.2089 -0.3044 -0.1722 0.5289
 100 Y  0.4033 0.4633 0.6011 0.2089 -0.3044 -0.1722 0.5289
 101 R  0.1167 0.4144 0.5178 -1.0000 1.0000 0.5867 -0.4122
 102 R  0.1167 0.4144 0.5178 -1.0000 1.0000 0.5867 -0.4122
 103 A  -0.3889 -0.7556 -0.7522 -0.1900 -0.1889 1.0000 -0.5289
 104 A  -0.3889 -0.7556 -0.7522 -0.1900 -0.1889 1.0000 -0.5289
 105 S  -0.3744 -0.7078 -0.6044 -0.4044 -0.2944 -0.5178 -0.2356
 106 N  -0.2367 -0.3656 -0.2700 -0.7489 -0.0833 -0.4478 -0.5878
 107 M  0.1222 0.0733 0.0967 0.3744 -0.2911 0.7244 -0.0011
 108 A  -0.3889 -0.7556 -0.7522 -0.1900 -0.1889 1.0000 -0.5289
 109 L  0.2367 -0.0733 -0.0100 0.6622 -0.2067 0.7933 -0.0589
 110 G  -1.0000 -1.0000 -1.0000 -0.3800 -0.1989 -1.0000 -1.0000
 111 K  -0.0978 0.0733 0.1811 -0.9878 0.8078 0.3100 -0.2944
 112 F  0.4033 0.4144 0.4578 0.7178 -0.3022 0.1722 0.3533
 113 R  0.1167 0.4144 0.5178 -1.0000 1.0000 0.5867 -0.4122
 114 A  -0.3889 -0.7556 -0.7522 -0.1900 -0.1889 1.0000 -0.5289
 115 A  -0.3889 -0.7556 -0.7522 -0.1900 -0.1889 1.0000 -0.5289
 116 L  0.2367 -0.0733 -0.0100 0.6622 -0.2067 0.7933 -0.0589
 117 R  0.1167 0.4144 0.5178 -1.0000 1.0000 0.5867 -0.4122
 118 D  -0.2367 -0.4633 -0.3122 -0.8522 -1.0000 -0.1722 -0.7056
 119 Y  0.4033 0.4633 0.6011 0.2089 -0.3044 -0.1722 0.5289
 120 E  -0.2556 -0.2678 -0.0644 -0.7733 -0.9644 1.0000 -0.6467
 121 T  0.4467 -0.4633 -0.3567 -0.2211 -0.3200 -0.4478 0.2356
 122 V  0.7522 -0.3167 -0.2578 0.3678 -0.2122 -0.0344 1.0000
 123 V  0.7522 -0.3167 -0.2578 0.3678 -0.2122 -0.0344 1.0000
 124 K  -0.0978 0.0733 0.1811 -0.9878 0.8078 0.3100 -0.2944
 125 V  0.7522 -0.3167 -0.2578 0.3678 -0.2122 -0.0344 1.0000
 126 K  -0.0978 0.0733 0.1811 -0.9878 0.8078 0.3100 -0.2944
 127 P  0.2744 -1.0000 -0.3267 0.0611 -0.0111 -1.0000 0.1178
 128 H  0.4267 0.1222 0.1533 -0.3011 0.2167 -0.0344 -0.1178
 129 D  -0.2367 -0.4633 -0.3122 -0.8522 -1.0000 -0.1722 -0.7056
 130 K  -0.0978 0.0733 0.1811 -0.9878 0.8078 0.3100 -0.2944
 131 D  -0.2367 -0.4633 -0.3122 -0.8522 -1.0000 -0.1722 -0.7056
 132 A  -0.3889 -0.7556 -0.7522 -0.1900 -0.1889 1.0000 -0.5289
 133 K  -0.0978 0.0733 0.1811 -0.9878 0.8078 0.3100 -0.2944
 134 M  0.1222 0.0733 0.0967 0.3744 -0.2911 0.7244 -0.0011
 135 K  -0.0978 0.0733 0.1811 -0.9878 0.8078 0.3100 -0.2944
 136 Y  0.4033 0.4633 0.6011 0.2089 -0.3044 -0.1722 0.5289
 137 Q  -0.2556 -0.1222 -0.0222 -0.5156 -0.3067 0.5867 -0.4122
 138 E  -0.2556 -0.2678 -0.0644 -0.7733 -0.9644 1.0000 -0.6467
 139 C  -0.1556 -0.3656 -0.3989 0.5644 -0.1267 -0.7244 0.5289
 140 N  -0.2367 -0.3656 -0.2700 -0.7489 -0.0833 -0.4478 -0.5878
 141 K  -0.0978 0.0733 0.1811 -0.9878 0.8078 0.3100 -0.2944
 142 I  1.0000 -0.0733 -0.0100 0.7244 -0.2067 0.1722 0.7644
 143 V  0.7522 -0.3167 -0.2578 0.3678 -0.2122 -0.0344 1.0000
 144 K  -0.0978 0.0733 0.1811 -0.9878 0.8078 0.3100 -0.2944
 145 Q  -0.2556 -0.1222 -0.0222 -0.5156 -0.3067 0.5867 -0.4122
 146 K  -0.0978 0.0733 0.1811 -0.9878 0.8078 0.3100 -0.2944
 147 A  -0.3889 -0.7556 -0.7522 -0.1900 -0.1889 1.0000 -0.5289
 148 F  0.4033 0.4144 0.4578 0.7178 -0.3022 0.1722 0.3533
 149 E  -0.2556 -0.2678 -0.0644 -0.7733 -0.9644 1.0000 -0.6467
 150 R  0.1167 0.4144 0.5178 -1.0000 1.0000 0.5867 -0.4122
 151 A  -0.3889 -0.7556 -0.7522 -0.1900 -0.1889 1.0000 -0.5289
 152 I  1.0000 -0.0733 -0.0100 0.7244 -0.2067 0.1722 0.7644
 153 A  -0.3889 -0.7556 -0.7522 -0.1900 -0.1889 1.0000 -0.5289
 154 G  -1.0000 -1.0000 -1.0000 -0.3800 -0.1989 -1.0000 -1.0000
 155 D  -0.2367 -0.4633 -0.3122 -0.8522 -1.0000 -0.1722 -0.7056
 156 E  -0.2556 -0.2678 -0.0644 -0.7733 -0.9644 1.0000 -0.6467
 157 H  0.4267 0.1222 0.1533 -0.3011 0.2167 -0.0344 -0.1178
 158 K  -0.0978 0.0733 0.1811 -0.9878 0.8078 0.3100 -0.2944
 159 R  0.1167 0.4144 0.5178 -1.0000 1.0000 0.5867 -0.4122
 160 S  -0.3744 -0.7078 -0.6044 -0.4044 -0.2944 -0.5178 -0.2356
 161 V  0.7522 -0.3167 -0.2578 0.3678 -0.2122 -0.0344 1.0000
 162 V  0.7522 -0.3167 -0.2578 0.3678 -0.2122 -0.0344 1.0000
 163 D  -0.2367 -0.4633 -0.3122 -0.8522 -1.0000 -0.1722 -0.7056
 164 S  -0.3744 -0.7078 -0.6044 -0.4044 -0.2944 -0.5178 -0.2356
 165 L  0.2367 -0.0733 -0.0100 0.6622 -0.2067 0.7933 -0.0589
 166 D  -0.2367 -0.4633 -0.3122 -0.8522 -1.0000 -0.1722 -0.7056
 167 I  1.0000 -0.0733 -0.0100 0.7244 -0.2067 0.1722 0.7644
 168 E  -0.2556 -0.2678 -0.0644 -0.7733 -0.9644 1.0000 -0.6467
 169 S  -0.3744 -0.7078 -0.6044 -0.4044 -0.2944 -0.5178 -0.2356
 170 M  0.1222 0.0733 0.0967 0.3744 -0.2911 0.7244 -0.0011
 171 T  0.4467 -0.4633 -0.3567 -0.2211 -0.3200 -0.4478 0.2356
 172 I  1.0000 -0.0733 -0.0100 0.7244 -0.2067 0.1722 0.7644
 173 E  -0.2556 -0.2678 -0.0644 -0.7733 -0.9644 1.0000 -0.6467
 174 D  -0.2367 -0.4633 -0.3122 -0.8522 -1.0000 -0.1722 -0.7056
 175 E  -0.2556 -0.2678 -0.0644 -0.7733 -0.9644 1.0000 -0.6467
 176 Y  0.4033 0.4633 0.6011 0.2089 -0.3044 -0.1722 0.5289
 177 S  -0.3744 -0.7078 -0.6044 -0.4044 -0.2944 -0.5178 -0.2356
