 1 V  0.7522 -0.3167 -0.2578 0.3678 -0.2122 -0.0344 1.0000
 2 V  0.7522 -0.3167 -0.2578 0.3678 -0.2122 -0.0344 1.0000
 3 P  0.2744 -1.0000 -0.3267 0.0611 -0.0111 -1.0000 0.1178
 4 P  0.2744 -1.0000 -0.3267 0.0611 -0.0111 -1.0000 0.1178
 5 A  -0.3889 -0.7556 -0.7522 -0.1900 -0.1889 1.0000 -0.5289
 6 G  -1.0000 -1.0000 -1.0000 -0.3800 -0.1989 -1.0000 -1.0000
 7 T  0.4467 -0.4633 -0.3567 -0.2211 -0.3200 -0.4478 0.2356
 8 P  0.2744 -1.0000 -0.3267 0.0611 -0.0111 -1.0000 0.1178
 9 W  0.5322 1.0000 1.0000 1.0000 -0.2322 0.3100 0.5878
 10 G  -1.0000 -1.0000 -1.0000 -0.3800 -0.1989 -1.0000 -1.0000
 11 T  0.4467 -0.4633 -0.3567 -0.2211 -0.3200 -0.4478 0.2356
 12 A  -0.3889 -0.7556 -0.7522 -0.1900 -0.1889 1.0000 -0.5289
 13 Y  0.4033 0.4633 0.6011 0.2089 -0.3044 -0.1722 0.5289
 14 D  -0.2367 -0.4633 -0.3122 -0.8522 -1.0000 -0.1722 -0.7056
 15 K  -0.0978 0.0733 0.1811 -0.9878 0.8078 0.3100 -0.2944
 16 A  -0.3889 -0.7556 -0.7522 -0.1900 -0.1889 1.0000 -0.5289
 17 K  -0.0978 0.0733 0.1811 -0.9878 0.8078 0.3100 -0.2944
 18 A  -0.3889 -0.7556 -0.7522 -0.1900 -0.1889 1.0000 -0.5289
 19 A  -0.3889 -0.7556 -0.7522 -0.1900 -0.1889 1.0000 -0.5289
 20 L  0.2367 -0.0733 -0.0100 0.6622 -0.2067 0.7933 -0.0589
 21 A  -0.3889 -0.7556 -0.7522 -0.1900 -0.1889 1.0000 -0.5289
 22 K  -0.0978 0.0733 0.1811 -0.9878 0.8078 0.3100 -0.2944
 23 L  0.2367 -0.0733 -0.0100 0.6622 -0.2067 0.7933 -0.0589
 24 N  -0.2367 -0.3656 -0.2700 -0.7489 -0.0833 -0.4478 -0.5878
 25 L  0.2367 -0.0733 -0.0100 0.6622 -0.2067 0.7933 -0.0589
 26 Q  -0.2556 -0.1222 -0.0222 -0.5156 -0.3067 0.5867 -0.4122
 27 D  -0.2367 -0.4633 -0.3122 -0.8522 -1.0000 -0.1722 -0.7056
 28 K  -0.0978 0.0733 0.1811 -0.9878 0.8078 0.3100 -0.2944
 29 V  0.7522 -0.3167 -0.2578 0.3678 -0.2122 -0.0344 1.0000
 30 G  -1.0000 -1.0000 -1.0000 -0.3800 -0.1989 -1.0000 -1.0000
 31 I  1.0000 -0.0733 -0.0100 0.7244 -0.2067 0.1722 0.7644
 32 V  0.7522 -0.3167 -0.2578 0.3678 -0.2122 -0.0344 1.0000
 33 S  -0.3744 -0.7078 -0.6044 -0.4044 -0.2944 -0.5178 -0.2356
 34 G  -1.0000 -1.0000 -1.0000 -0.3800 -0.1989 -1.0000 -1.0000
 35 V  0.7522 -0.3167 -0.2578 0.3678 -0.2122 -0.0344 1.0000
 36 G  -1.0000 -1.0000 -1.0000 -0.3800 -0.1989 -1.0000 -1.0000
 37 W  0.5322 1.0000 1.0000 1.0000 -0.2322 0.3100 0.5878
 38 N  -0.2367 -0.3656 -0.2700 -0.7489 -0.0833 -0.4478 -0.5878
 39 G  -1.0000 -1.0000 -1.0000 -0.3800 -0.1989 -1.0000 -1.0000
 40 G  -1.0000 -1.0000 -1.0000 -0.3800 -0.1989 -1.0000 -1.0000
 41 P  0.2744 -1.0000 -0.3267 0.0611 -0.0111 -1.0000 0.1178
 42 C  -0.1556 -0.3656 -0.3989 0.5644 -0.1267 -0.7244 0.5289
 43 V  0.7522 -0.3167 -0.2578 0.3678 -0.2122 -0.0344 1.0000
 44 G  -1.0000 -1.0000 -1.0000 -0.3800 -0.1989 -1.0000 -1.0000
 45 N  -0.2367 -0.3656 -0.2700 -0.7489 -0.0833 -0.4478 -0.5878
 46 T  0.4467 -0.4633 -0.3567 -0.2211 -0.3200 -0.4478 0.2356
 47 S  -0.3744 -0.7078 -0.6044 -0.4044 -0.2944 -0.5178 -0.2356
 48 P  0.2744 -1.0000 -0.3267 0.0611 -0.0111 -1.0000 0.1178
 49 A  -0.3889 -0.7556 -0.7522 -0.1900 -0.1889 1.0000 -0.5289
 50 S  -0.3744 -0.7078 -0.6044 -0.4044 -0.2944 -0.5178 -0.2356
 51 K  -0.0978 0.0733 0.1811 -0.9878 0.8078 0.3100 -0.2944
 52 I  1.0000 -0.0733 -0.0100 0.7244 -0.2067 0.1722 0.7644
 53 S  -0.3744 -0.7078 -0.6044 -0.4044 -0.2944 -0.5178 -0.2356
 54 Y  0.4033 0.4633 0.6011 0.2089 -0.3044 -0.1722 0.5289
 55 P  0.2744 -1.0000 -0.3267 0.0611 -0.0111 -1.0000 0.1178
 56 S  -0.3744 -0.7078 -0.6044 -0.4044 -0.2944 -0.5178 -0.2356
 57 L  0.2367 -0.0733 -0.0100 0.6622 -0.2067 0.7933 -0.0589
 58 C  -0.1556 -0.3656 -0.3989 0.5644 -0.1267 -0.7244 0.5289
 59 L  0.2367 -0.0733 -0.0100 0.6622 -0.2067 0.7933 -0.0589
 60 Q  -0.2556 -0.1222 -0.0222 -0.5156 -0.3067 0.5867 -0.4122
 61 D  -0.2367 -0.4633 -0.3122 -0.8522 -1.0000 -0.1722 -0.7056
 62 G  -1.0000 -1.0000 -1.0000 -0.3800 -0.1989 -1.0000 -1.0000
 63 P  0.2744 -1.0000 -0.3267 0.0611 -0.0111 -1.0000 0.1178
 64 L  0.2367 -0.0733 -0.0100 0.6622 -0.2067 0.7933 -0.0589
 65 G  -1.0000 -1.0000 -1.0000 -0.3800 -0.1989 -1.0000 -1.0000
 66 V  0.7522 -0.3167 -0.2578 0.3678 -0.2122 -0.0344 1.0000
 67 R  0.1167 0.4144 0.5178 -1.0000 1.0000 0.5867 -0.4122
 68 Y  0.4033 0.4633 0.6011 0.2089 -0.3044 -0.1722 0.5289
 69 S  -0.3744 -0.7078 -0.6044 -0.4044 -0.2944 -0.5178 -0.2356
 70 T  0.4467 -0.4633 -0.3567 -0.2211 -0.3200 -0.4478 0.2356
 71 G  -1.0000 -1.0000 -1.0000 -0.3800 -0.1989 -1.0000 -1.0000
 72 S  -0.3744 -0.7078 -0.6044 -0.4044 -0.2944 -0.5178 -0.2356
 73 T  0.4467 -0.4633 -0.3567 -0.2211 -0.3200 -0.4478 0.2356
 74 A  -0.3889 -0.7556 -0.7522 -0.1900 -0.1889 1.0000 -0.5289
 75 F  0.4033 0.4144 0.4578 0.7178 -0.3022 0.1722 0.3533
 76 T  0.4467 -0.4633 -0.3567 -0.2211 -0.3200 -0.4478 0.2356
 77 P  0.2744 -1.0000 -0.3267 0.0611 -0.0111 -1.0000 0.1178
 78 G  -1.0000 -1.0000 -1.0000 -0.3800 -0.1989 -1.0000 -1.0000
 79 V  0.7522 -0.3167 -0.2578 0.3678 -0.2122 -0.0344 1.0000
 80 Q  -0.2556 -0.1222 -0.0222 -0.5156 -0.3067 0.5867 -0.4122
 81 A  -0.3889 -0.7556 -0.7522 -0.1900 -0.1889 1.0000 -0.5289
 82 A  -0.3889 -0.7556 -0.7522 -0.1900 -0.1889 1.0000 -0.5289
 83 S  -0.3744 -0.7078 -0.6044 -0.4044 -0.2944 -0.5178 -0.2356
 84 T  0.4467 -0.4633 -0.3567 -0.2211 -0.3200 -0.4478 0.2356
 85 W  0.5322 1.0000 1.0000 1.0000 -0.2322 0.3100 0.5878
 86 D  -0.2367 -0.4633 -0.3122 -0.8522 -1.0000 -0.1722 -0.7056
 87 V  0.7522 -0.3167 -0.2578 0.3678 -0.2122 -0.0344 1.0000
 88 N  -0.2367 -0.3656 -0.2700 -0.7489 -0.0833 -0.4478 -0.5878
 89 L  0.2367 -0.0733 -0.0100 0.6622 -0.2067 0.7933 -0.0589
 90 I  1.0000 -0.0733 -0.0100 0.7244 -0.2067 0.1722 0.7644
 91 R  0.1167 0.4144 0.5178 -1.0000 1.0000 0.5867 -0.4122
 92 E  -0.2556 -0.2678 -0.0644 -0.7733 -0.9644 1.0000 -0.6467
 93 R  0.1167 0.4144 0.5178 -1.0000 1.0000 0.5867 -0.4122
 94 G  -1.0000 -1.0000 -1.0000 -0.3800 -0.1989 -1.0000 -1.0000
 95 Q  -0.2556 -0.1222 -0.0222 -0.5156 -0.3067 0.5867 -0.4122
 96 F  0.4033 0.4144 0.4578 0.7178 -0.3022 0.1722 0.3533
 97 I  1.0000 -0.0733 -0.0100 0.7244 -0.2067 0.1722 0.7644
 98 G  -1.0000 -1.0000 -1.0000 -0.3800 -0.1989 -1.0000 -1.0000
 99 E  -0.2556 -0.2678 -0.0644 -0.7733 -0.9644 1.0000 -0.6467
 100 E  -0.2556 -0.2678 -0.0644 -0.7733 -0.9644 1.0000 -0.6467
 101 V  0.7522 -0.3167 -0.2578 0.3678 -0.2122 -0.0344 1.0000
 102 K  -0.0978 0.0733 0.1811 -0.9878 0.8078 0.3100 -0.2944
 103 A  -0.3889 -0.7556 -0.7522 -0.1900 -0.1889 1.0000 -0.5289
 104 S  -0.3744 -0.7078 -0.6044 -0.4044 -0.2944 -0.5178 -0.2356
 105 G  -1.0000 -1.0000 -1.0000 -0.3800 -0.1989 -1.0000 -1.0000
 106 I  1.0000 -0.0733 -0.0100 0.7244 -0.2067 0.1722 0.7644
 107 H  0.4267 0.1222 0.1533 -0.3011 0.2167 -0.0344 -0.1178
 108 V  0.7522 -0.3167 -0.2578 0.3678 -0.2122 -0.0344 1.0000
 109 I  1.0000 -0.0733 -0.0100 0.7244 -0.2067 0.1722 0.7644
 110 L  0.2367 -0.0733 -0.0100 0.6622 -0.2067 0.7933 -0.0589
 111 G  -1.0000 -1.0000 -1.0000 -0.3800 -0.1989 -1.0000 -1.0000
 112 P  0.2744 -1.0000 -0.3267 0.0611 -0.0111 -1.0000 0.1178
 113 V  0.7522 -0.3167 -0.2578 0.3678 -0.2122 -0.0344 1.0000
 114 A  -0.3889 -0.7556 -0.7522 -0.1900 -0.1889 1.0000 -0.5289
 115 G  -1.0000 -1.0000 -1.0000 -0.3800 -0.1989 -1.0000 -1.0000
 116 P  0.2744 -1.0000 -0.3267 0.0611 -0.0111 -1.0000 0.1178
 117 L  0.2367 -0.0733 -0.0100 0.6622 -0.2067 0.7933 -0.0589
 118 G  -1.0000 -1.0000 -1.0000 -0.3800 -0.1989 -1.0000 -1.0000
 119 K  -0.0978 0.0733 0.1811 -0.9878 0.8078 0.3100 -0.2944
 120 T  0.4467 -0.4633 -0.3567 -0.2211 -0.3200 -0.4478 0.2356
 121 P  0.2744 -1.0000 -0.3267 0.0611 -0.0111 -1.0000 0.1178
 122 Q  -0.2556 -0.1222 -0.0222 -0.5156 -0.3067 0.5867 -0.4122
 123 G  -1.0000 -1.0000 -1.0000 -0.3800 -0.1989 -1.0000 -1.0000
 124 G  -1.0000 -1.0000 -1.0000 -0.3800 -0.1989 -1.0000 -1.0000
 125 R  0.1167 0.4144 0.5178 -1.0000 1.0000 0.5867 -0.4122
 126 N  -0.2367 -0.3656 -0.2700 -0.7489 -0.0833 -0.4478 -0.5878
 127 W  0.5322 1.0000 1.0000 1.0000 -0.2322 0.3100 0.5878
 128 E  -0.2556 -0.2678 -0.0644 -0.7733 -0.9644 1.0000 -0.6467
 129 G  -1.0000 -1.0000 -1.0000 -0.3800 -0.1989 -1.0000 -1.0000
 130 F  0.4033 0.4144 0.4578 0.7178 -0.3022 0.1722 0.3533
 131 G  -1.0000 -1.0000 -1.0000 -0.3800 -0.1989 -1.0000 -1.0000
 132 V  0.7522 -0.3167 -0.2578 0.3678 -0.2122 -0.0344 1.0000
 133 D  -0.2367 -0.4633 -0.3122 -0.8522 -1.0000 -0.1722 -0.7056
 134 P  0.2744 -1.0000 -0.3267 0.0611 -0.0111 -1.0000 0.1178
 135 Y  0.4033 0.4633 0.6011 0.2089 -0.3044 -0.1722 0.5289
 136 L  0.2367 -0.0733 -0.0100 0.6622 -0.2067 0.7933 -0.0589
 137 T  0.4467 -0.4633 -0.3567 -0.2211 -0.3200 -0.4478 0.2356
 138 G  -1.0000 -1.0000 -1.0000 -0.3800 -0.1989 -1.0000 -1.0000
 139 I  1.0000 -0.0733 -0.0100 0.7244 -0.2067 0.1722 0.7644
 140 A  -0.3889 -0.7556 -0.7522 -0.1900 -0.1889 1.0000 -0.5289
 141 M  0.1222 0.0733 0.0967 0.3744 -0.2911 0.7244 -0.0011
 142 G  -1.0000 -1.0000 -1.0000 -0.3800 -0.1989 -1.0000 -1.0000
 143 Q  -0.2556 -0.1222 -0.0222 -0.5156 -0.3067 0.5867 -0.4122
 144 T  0.4467 -0.4633 -0.3567 -0.2211 -0.3200 -0.4478 0.2356
 145 I  1.0000 -0.0733 -0.0100 0.7244 -0.2067 0.1722 0.7644
 146 N  -0.2367 -0.3656 -0.2700 -0.7489 -0.0833 -0.4478 -0.5878
 147 G  -1.0000 -1.0000 -1.0000 -0.3800 -0.1989 -1.0000 -1.0000
 148 I  1.0000 -0.0733 -0.0100 0.7244 -0.2067 0.1722 0.7644
 149 Q  -0.2556 -0.1222 -0.0222 -0.5156 -0.3067 0.5867 -0.4122
 150 S  -0.3744 -0.7078 -0.6044 -0.4044 -0.2944 -0.5178 -0.2356
 151 V  0.7522 -0.3167 -0.2578 0.3678 -0.2122 -0.0344 1.0000
 152 G  -1.0000 -1.0000 -1.0000 -0.3800 -0.1989 -1.0000 -1.0000
 153 V  0.7522 -0.3167 -0.2578 0.3678 -0.2122 -0.0344 1.0000
 154 Q  -0.2556 -0.1222 -0.0222 -0.5156 -0.3067 0.5867 -0.4122
 155 A  -0.3889 -0.7556 -0.7522 -0.1900 -0.1889 1.0000 -0.5289
 156 T  0.4467 -0.4633 -0.3567 -0.2211 -0.3200 -0.4478 0.2356
 157 A  -0.3889 -0.7556 -0.7522 -0.1900 -0.1889 1.0000 -0.5289
 158 K  -0.0978 0.0733 0.1811 -0.9878 0.8078 0.3100 -0.2944
 159 H  0.4267 0.1222 0.1533 -0.3011 0.2167 -0.0344 -0.1178
 160 Y  0.4033 0.4633 0.6011 0.2089 -0.3044 -0.1722 0.5289
 161 I  1.0000 -0.0733 -0.0100 0.7244 -0.2067 0.1722 0.7644
 162 L  0.2367 -0.0733 -0.0100 0.6622 -0.2067 0.7933 -0.0589
 163 N  -0.2367 -0.3656 -0.2700 -0.7489 -0.0833 -0.4478 -0.5878
 164 E  -0.2556 -0.2678 -0.0644 -0.7733 -0.9644 1.0000 -0.6467
 165 Q  -0.2556 -0.1222 -0.0222 -0.5156 -0.3067 0.5867 -0.4122
 166 E  -0.2556 -0.2678 -0.0644 -0.7733 -0.9644 1.0000 -0.6467
 167 L  0.2367 -0.0733 -0.0100 0.6622 -0.2067 0.7933 -0.0589
 168 N  -0.2367 -0.3656 -0.2700 -0.7489 -0.0833 -0.4478 -0.5878
 169 R  0.1167 0.4144 0.5178 -1.0000 1.0000 0.5867 -0.4122
 170 E  -0.2556 -0.2678 -0.0644 -0.7733 -0.9644 1.0000 -0.6467
 171 T  0.4467 -0.4633 -0.3567 -0.2211 -0.3200 -0.4478 0.2356
 172 I  1.0000 -0.0733 -0.0100 0.7244 -0.2067 0.1722 0.7644
 173 S  -0.3744 -0.7078 -0.6044 -0.4044 -0.2944 -0.5178 -0.2356
 174 S  -0.3744 -0.7078 -0.6044 -0.4044 -0.2944 -0.5178 -0.2356
 175 N  -0.2367 -0.3656 -0.2700 -0.7489 -0.0833 -0.4478 -0.5878
 176 P  0.2744 -1.0000 -0.3267 0.0611 -0.0111 -1.0000 0.1178
 177 D  -0.2367 -0.4633 -0.3122 -0.8522 -1.0000 -0.1722 -0.7056
 178 D  -0.2367 -0.4633 -0.3122 -0.8522 -1.0000 -0.1722 -0.7056
 179 R  0.1167 0.4144 0.5178 -1.0000 1.0000 0.5867 -0.4122
 180 T  0.4467 -0.4633 -0.3567 -0.2211 -0.3200 -0.4478 0.2356
 181 L  0.2367 -0.0733 -0.0100 0.6622 -0.2067 0.7933 -0.0589
 182 H  0.4267 0.1222 0.1533 -0.3011 0.2167 -0.0344 -0.1178
 183 E  -0.2556 -0.2678 -0.0644 -0.7733 -0.9644 1.0000 -0.6467
 184 L  0.2367 -0.0733 -0.0100 0.6622 -0.2067 0.7933 -0.0589
 185 Y  0.4033 0.4633 0.6011 0.2089 -0.3044 -0.1722 0.5289
 186 T  0.4467 -0.4633 -0.3567 -0.2211 -0.3200 -0.4478 0.2356
 187 W  0.5322 1.0000 1.0000 1.0000 -0.2322 0.3100 0.5878
 188 P  0.2744 -1.0000 -0.3267 0.0611 -0.0111 -1.0000 0.1178
 189 F  0.4033 0.4144 0.4578 0.7178 -0.3022 0.1722 0.3533
 190 A  -0.3889 -0.7556 -0.7522 -0.1900 -0.1889 1.0000 -0.5289
 191 D  -0.2367 -0.4633 -0.3122 -0.8522 -1.0000 -0.1722 -0.7056
 192 A  -0.3889 -0.7556 -0.7522 -0.1900 -0.1889 1.0000 -0.5289
 193 V  0.7522 -0.3167 -0.2578 0.3678 -0.2122 -0.0344 1.0000
 194 Q  -0.2556 -0.1222 -0.0222 -0.5156 -0.3067 0.5867 -0.4122
 195 A  -0.3889 -0.7556 -0.7522 -0.1900 -0.1889 1.0000 -0.5289
 196 N  -0.2367 -0.3656 -0.2700 -0.7489 -0.0833 -0.4478 -0.5878
 197 V  0.7522 -0.3167 -0.2578 0.3678 -0.2122 -0.0344 1.0000
 198 A  -0.3889 -0.7556 -0.7522 -0.1900 -0.1889 1.0000 -0.5289
 199 S  -0.3744 -0.7078 -0.6044 -0.4044 -0.2944 -0.5178 -0.2356
 200 V  0.7522 -0.3167 -0.2578 0.3678 -0.2122 -0.0344 1.0000
 201 M  0.1222 0.0733 0.0967 0.3744 -0.2911 0.7244 -0.0011
 202 C  -0.1556 -0.3656 -0.3989 0.5644 -0.1267 -0.7244 0.5289
 203 S  -0.3744 -0.7078 -0.6044 -0.4044 -0.2944 -0.5178 -0.2356
 204 Y  0.4033 0.4633 0.6011 0.2089 -0.3044 -0.1722 0.5289
 205 N  -0.2367 -0.3656 -0.2700 -0.7489 -0.0833 -0.4478 -0.5878
 206 K  -0.0978 0.0733 0.1811 -0.9878 0.8078 0.3100 -0.2944
 207 V  0.7522 -0.3167 -0.2578 0.3678 -0.2122 -0.0344 1.0000
 208 N  -0.2367 -0.3656 -0.2700 -0.7489 -0.0833 -0.4478 -0.5878
 209 T  0.4467 -0.4633 -0.3567 -0.2211 -0.3200 -0.4478 0.2356
 210 T  0.4467 -0.4633 -0.3567 -0.2211 -0.3200 -0.4478 0.2356
 211 W  0.5322 1.0000 1.0000 1.0000 -0.2322 0.3100 0.5878
 212 A  -0.3889 -0.7556 -0.7522 -0.1900 -0.1889 1.0000 -0.5289
 213 C  -0.1556 -0.3656 -0.3989 0.5644 -0.1267 -0.7244 0.5289
 214 E  -0.2556 -0.2678 -0.0644 -0.7733 -0.9644 1.0000 -0.6467
 215 D  -0.2367 -0.4633 -0.3122 -0.8522 -1.0000 -0.1722 -0.7056
 216 Q  -0.2556 -0.1222 -0.0222 -0.5156 -0.3067 0.5867 -0.4122
 217 Y  0.4033 0.4633 0.6011 0.2089 -0.3044 -0.1722 0.5289
 218 T  0.4467 -0.4633 -0.3567 -0.2211 -0.3200 -0.4478 0.2356
 219 L  0.2367 -0.0733 -0.0100 0.6622 -0.2067 0.7933 -0.0589
 220 Q  -0.2556 -0.1222 -0.0222 -0.5156 -0.3067 0.5867 -0.4122
 221 T  0.4467 -0.4633 -0.3567 -0.2211 -0.3200 -0.4478 0.2356
 222 V  0.7522 -0.3167 -0.2578 0.3678 -0.2122 -0.0344 1.0000
 223 L  0.2367 -0.0733 -0.0100 0.6622 -0.2067 0.7933 -0.0589
 224 K  -0.0978 0.0733 0.1811 -0.9878 0.8078 0.3100 -0.2944
 225 D  -0.2367 -0.4633 -0.3122 -0.8522 -1.0000 -0.1722 -0.7056
 226 Q  -0.2556 -0.1222 -0.0222 -0.5156 -0.3067 0.5867 -0.4122
 227 L  0.2367 -0.0733 -0.0100 0.6622 -0.2067 0.7933 -0.0589
 228 G  -1.0000 -1.0000 -1.0000 -0.3800 -0.1989 -1.0000 -1.0000
 229 F  0.4033 0.4144 0.4578 0.7178 -0.3022 0.1722 0.3533
 230 P  0.2744 -1.0000 -0.3267 0.0611 -0.0111 -1.0000 0.1178
 231 G  -1.0000 -1.0000 -1.0000 -0.3800 -0.1989 -1.0000 -1.0000
 232 Y  0.4033 0.4633 0.6011 0.2089 -0.3044 -0.1722 0.5289
 233 V  0.7522 -0.3167 -0.2578 0.3678 -0.2122 -0.0344 1.0000
 234 M  0.1222 0.0733 0.0967 0.3744 -0.2911 0.7244 -0.0011
 235 T  0.4467 -0.4633 -0.3567 -0.2211 -0.3200 -0.4478 0.2356
 236 D  -0.2367 -0.4633 -0.3122 -0.8522 -1.0000 -0.1722 -0.7056
 237 W  0.5322 1.0000 1.0000 1.0000 -0.2322 0.3100 0.5878
 238 N  -0.2367 -0.3656 -0.2700 -0.7489 -0.0833 -0.4478 -0.5878
 239 A  -0.3889 -0.7556 -0.7522 -0.1900 -0.1889 1.0000 -0.5289
 240 Q  -0.2556 -0.1222 -0.0222 -0.5156 -0.3067 0.5867 -0.4122
 241 H  0.4267 0.1222 0.1533 -0.3011 0.2167 -0.0344 -0.1178
 242 T  0.4467 -0.4633 -0.3567 -0.2211 -0.3200 -0.4478 0.2356
 243 T  0.4467 -0.4633 -0.3567 -0.2211 -0.3200 -0.4478 0.2356
 244 V  0.7522 -0.3167 -0.2578 0.3678 -0.2122 -0.0344 1.0000
 245 Q  -0.2556 -0.1222 -0.0222 -0.5156 -0.3067 0.5867 -0.4122
 246 S  -0.3744 -0.7078 -0.6044 -0.4044 -0.2944 -0.5178 -0.2356
 247 A  -0.3889 -0.7556 -0.7522 -0.1900 -0.1889 1.0000 -0.5289
 248 N  -0.2367 -0.3656 -0.2700 -0.7489 -0.0833 -0.4478 -0.5878
 249 S  -0.3744 -0.7078 -0.6044 -0.4044 -0.2944 -0.5178 -0.2356
 250 G  -1.0000 -1.0000 -1.0000 -0.3800 -0.1989 -1.0000 -1.0000
 251 L  0.2367 -0.0733 -0.0100 0.6622 -0.2067 0.7933 -0.0589
 252 D  -0.2367 -0.4633 -0.3122 -0.8522 -1.0000 -0.1722 -0.7056
 253 M  0.1222 0.0733 0.0967 0.3744 -0.2911 0.7244 -0.0011
 254 S  -0.3744 -0.7078 -0.6044 -0.4044 -0.2944 -0.5178 -0.2356
 255 M  0.1222 0.0733 0.0967 0.3744 -0.2911 0.7244 -0.0011
 256 P  0.2744 -1.0000 -0.3267 0.0611 -0.0111 -1.0000 0.1178
 257 G  -1.0000 -1.0000 -1.0000 -0.3800 -0.1989 -1.0000 -1.0000
 258 T  0.4467 -0.4633 -0.3567 -0.2211 -0.3200 -0.4478 0.2356
 259 D  -0.2367 -0.4633 -0.3122 -0.8522 -1.0000 -0.1722 -0.7056
 260 F  0.4033 0.4144 0.4578 0.7178 -0.3022 0.1722 0.3533
 261 N  -0.2367 -0.3656 -0.2700 -0.7489 -0.0833 -0.4478 -0.5878
 262 G  -1.0000 -1.0000 -1.0000 -0.3800 -0.1989 -1.0000 -1.0000
 263 N  -0.2367 -0.3656 -0.2700 -0.7489 -0.0833 -0.4478 -0.5878
 264 N  -0.2367 -0.3656 -0.2700 -0.7489 -0.0833 -0.4478 -0.5878
 265 R  0.1167 0.4144 0.5178 -1.0000 1.0000 0.5867 -0.4122
 266 L  0.2367 -0.0733 -0.0100 0.6622 -0.2067 0.7933 -0.0589
 267 W  0.5322 1.0000 1.0000 1.0000 -0.2322 0.3100 0.5878
 268 G  -1.0000 -1.0000 -1.0000 -0.3800 -0.1989 -1.0000 -1.0000
 269 P  0.2744 -1.0000 -0.3267 0.0611 -0.0111 -1.0000 0.1178
 270 A  -0.3889 -0.7556 -0.7522 -0.1900 -0.1889 1.0000 -0.5289
 271 L  0.2367 -0.0733 -0.0100 0.6622 -0.2067 0.7933 -0.0589
 272 T  0.4467 -0.4633 -0.3567 -0.2211 -0.3200 -0.4478 0.2356
 273 N  -0.2367 -0.3656 -0.2700 -0.7489 -0.0833 -0.4478 -0.5878
 274 A  -0.3889 -0.7556 -0.7522 -0.1900 -0.1889 1.0000 -0.5289
 275 V  0.7522 -0.3167 -0.2578 0.3678 -0.2122 -0.0344 1.0000
 276 N  -0.2367 -0.3656 -0.2700 -0.7489 -0.0833 -0.4478 -0.5878
 277 S  -0.3744 -0.7078 -0.6044 -0.4044 -0.2944 -0.5178 -0.2356
 278 N  -0.2367 -0.3656 -0.2700 -0.7489 -0.0833 -0.4478 -0.5878
 279 Q  -0.2556 -0.1222 -0.0222 -0.5156 -0.3067 0.5867 -0.4122
 280 V  0.7522 -0.3167 -0.2578 0.3678 -0.2122 -0.0344 1.0000
 281 P  0.2744 -1.0000 -0.3267 0.0611 -0.0111 -1.0000 0.1178
 282 T  0.4467 -0.4633 -0.3567 -0.2211 -0.3200 -0.4478 0.2356
 283 S  -0.3744 -0.7078 -0.6044 -0.4044 -0.2944 -0.5178 -0.2356
 284 R  0.1167 0.4144 0.5178 -1.0000 1.0000 0.5867 -0.4122
 285 V  0.7522 -0.3167 -0.2578 0.3678 -0.2122 -0.0344 1.0000
 286 D  -0.2367 -0.4633 -0.3122 -0.8522 -1.0000 -0.1722 -0.7056
 287 D  -0.2367 -0.4633 -0.3122 -0.8522 -1.0000 -0.1722 -0.7056
 288 M  0.1222 0.0733 0.0967 0.3744 -0.2911 0.7244 -0.0011
 289 V  0.7522 -0.3167 -0.2578 0.3678 -0.2122 -0.0344 1.0000
 290 T  0.4467 -0.4633 -0.3567 -0.2211 -0.3200 -0.4478 0.2356
 291 R  0.1167 0.4144 0.5178 -1.0000 1.0000 0.5867 -0.4122
 292 I  1.0000 -0.0733 -0.0100 0.7244 -0.2067 0.1722 0.7644
 293 L  0.2367 -0.0733 -0.0100 0.6622 -0.2067 0.7933 -0.0589
 294 A  -0.3889 -0.7556 -0.7522 -0.1900 -0.1889 1.0000 -0.5289
 295 A  -0.3889 -0.7556 -0.7522 -0.1900 -0.1889 1.0000 -0.5289
 296 W  0.5322 1.0000 1.0000 1.0000 -0.2322 0.3100 0.5878
 297 Y  0.4033 0.4633 0.6011 0.2089 -0.3044 -0.1722 0.5289
 298 L  0.2367 -0.0733 -0.0100 0.6622 -0.2067 0.7933 -0.0589
 299 T  0.4467 -0.4633 -0.3567 -0.2211 -0.3200 -0.4478 0.2356
 300 G  -1.0000 -1.0000 -1.0000 -0.3800 -0.1989 -1.0000 -1.0000
 301 Q  -0.2556 -0.1222 -0.0222 -0.5156 -0.3067 0.5867 -0.4122
 302 D  -0.2367 -0.4633 -0.3122 -0.8522 -1.0000 -0.1722 -0.7056
 303 Q  -0.2556 -0.1222 -0.0222 -0.5156 -0.3067 0.5867 -0.4122
 304 A  -0.3889 -0.7556 -0.7522 -0.1900 -0.1889 1.0000 -0.5289
 305 G  -1.0000 -1.0000 -1.0000 -0.3800 -0.1989 -1.0000 -1.0000
 306 Y  0.4033 0.4633 0.6011 0.2089 -0.3044 -0.1722 0.5289
 307 P  0.2744 -1.0000 -0.3267 0.0611 -0.0111 -1.0000 0.1178
 308 S  -0.3744 -0.7078 -0.6044 -0.4044 -0.2944 -0.5178 -0.2356
 309 F  0.4033 0.4144 0.4578 0.7178 -0.3022 0.1722 0.3533
 310 N  -0.2367 -0.3656 -0.2700 -0.7489 -0.0833 -0.4478 -0.5878
 311 I  1.0000 -0.0733 -0.0100 0.7244 -0.2067 0.1722 0.7644
 312 S  -0.3744 -0.7078 -0.6044 -0.4044 -0.2944 -0.5178 -0.2356
 313 R  0.1167 0.4144 0.5178 -1.0000 1.0000 0.5867 -0.4122
 314 N  -0.2367 -0.3656 -0.2700 -0.7489 -0.0833 -0.4478 -0.5878
 315 V  0.7522 -0.3167 -0.2578 0.3678 -0.2122 -0.0344 1.0000
 316 Q  -0.2556 -0.1222 -0.0222 -0.5156 -0.3067 0.5867 -0.4122
 317 G  -1.0000 -1.0000 -1.0000 -0.3800 -0.1989 -1.0000 -1.0000
 318 N  -0.2367 -0.3656 -0.2700 -0.7489 -0.0833 -0.4478 -0.5878
 319 H  0.4267 0.1222 0.1533 -0.3011 0.2167 -0.0344 -0.1178
 320 K  -0.0978 0.0733 0.1811 -0.9878 0.8078 0.3100 -0.2944
 321 T  0.4467 -0.4633 -0.3567 -0.2211 -0.3200 -0.4478 0.2356
 322 N  -0.2367 -0.3656 -0.2700 -0.7489 -0.0833 -0.4478 -0.5878
 323 V  0.7522 -0.3167 -0.2578 0.3678 -0.2122 -0.0344 1.0000
 324 R  0.1167 0.4144 0.5178 -1.0000 1.0000 0.5867 -0.4122
 325 A  -0.3889 -0.7556 -0.7522 -0.1900 -0.1889 1.0000 -0.5289
 326 I  1.0000 -0.0733 -0.0100 0.7244 -0.2067 0.1722 0.7644
 327 A  -0.3889 -0.7556 -0.7522 -0.1900 -0.1889 1.0000 -0.5289
 328 R  0.1167 0.4144 0.5178 -1.0000 1.0000 0.5867 -0.4122
 329 D  -0.2367 -0.4633 -0.3122 -0.8522 -1.0000 -0.1722 -0.7056
 330 G  -1.0000 -1.0000 -1.0000 -0.3800 -0.1989 -1.0000 -1.0000
 331 I  1.0000 -0.0733 -0.0100 0.7244 -0.2067 0.1722 0.7644
 332 V  0.7522 -0.3167 -0.2578 0.3678 -0.2122 -0.0344 1.0000
 333 L  0.2367 -0.0733 -0.0100 0.6622 -0.2067 0.7933 -0.0589
 334 L  0.2367 -0.0733 -0.0100 0.6622 -0.2067 0.7933 -0.0589
 335 K  -0.0978 0.0733 0.1811 -0.9878 0.8078 0.3100 -0.2944
 336 N  -0.2367 -0.3656 -0.2700 -0.7489 -0.0833 -0.4478 -0.5878
 337 D  -0.2367 -0.4633 -0.3122 -0.8522 -1.0000 -0.1722 -0.7056
 338 A  -0.3889 -0.7556 -0.7522 -0.1900 -0.1889 1.0000 -0.5289
 339 N  -0.2367 -0.3656 -0.2700 -0.7489 -0.0833 -0.4478 -0.5878
 340 I  1.0000 -0.0733 -0.0100 0.7244 -0.2067 0.1722 0.7644
 341 L  0.2367 -0.0733 -0.0100 0.6622 -0.2067 0.7933 -0.0589
 342 P  0.2744 -1.0000 -0.3267 0.0611 -0.0111 -1.0000 0.1178
 343 L  0.2367 -0.0733 -0.0100 0.6622 -0.2067 0.7933 -0.0589
 344 K  -0.0978 0.0733 0.1811 -0.9878 0.8078 0.3100 -0.2944
 345 K  -0.0978 0.0733 0.1811 -0.9878 0.8078 0.3100 -0.2944
 346 P  0.2744 -1.0000 -0.3267 0.0611 -0.0111 -1.0000 0.1178
 347 A  -0.3889 -0.7556 -0.7522 -0.1900 -0.1889 1.0000 -0.5289
 348 S  -0.3744 -0.7078 -0.6044 -0.4044 -0.2944 -0.5178 -0.2356
 349 I  1.0000 -0.0733 -0.0100 0.7244 -0.2067 0.1722 0.7644
 350 A  -0.3889 -0.7556 -0.7522 -0.1900 -0.1889 1.0000 -0.5289
 351 V  0.7522 -0.3167 -0.2578 0.3678 -0.2122 -0.0344 1.0000
 352 V  0.7522 -0.3167 -0.2578 0.3678 -0.2122 -0.0344 1.0000
 353 G  -1.0000 -1.0000 -1.0000 -0.3800 -0.1989 -1.0000 -1.0000
 354 S  -0.3744 -0.7078 -0.6044 -0.4044 -0.2944 -0.5178 -0.2356
 355 A  -0.3889 -0.7556 -0.7522 -0.1900 -0.1889 1.0000 -0.5289
 356 A  -0.3889 -0.7556 -0.7522 -0.1900 -0.1889 1.0000 -0.5289
 357 I  1.0000 -0.0733 -0.0100 0.7244 -0.2067 0.1722 0.7644
 358 I  1.0000 -0.0733 -0.0100 0.7244 -0.2067 0.1722 0.7644
 359 G  -1.0000 -1.0000 -1.0000 -0.3800 -0.1989 -1.0000 -1.0000
 360 N  -0.2367 -0.3656 -0.2700 -0.7489 -0.0833 -0.4478 -0.5878
 361 H  0.4267 0.1222 0.1533 -0.3011 0.2167 -0.0344 -0.1178
 362 A  -0.3889 -0.7556 -0.7522 -0.1900 -0.1889 1.0000 -0.5289
 363 R  0.1167 0.4144 0.5178 -1.0000 1.0000 0.5867 -0.4122
 364 N  -0.2367 -0.3656 -0.2700 -0.7489 -0.0833 -0.4478 -0.5878
 365 S  -0.3744 -0.7078 -0.6044 -0.4044 -0.2944 -0.5178 -0.2356
 366 P  0.2744 -1.0000 -0.3267 0.0611 -0.0111 -1.0000 0.1178
 367 S  -0.3744 -0.7078 -0.6044 -0.4044 -0.2944 -0.5178 -0.2356
 368 C  -0.1556 -0.3656 -0.3989 0.5644 -0.1267 -0.7244 0.5289
 369 N  -0.2367 -0.3656 -0.2700 -0.7489 -0.0833 -0.4478 -0.5878
 370 D  -0.2367 -0.4633 -0.3122 -0.8522 -1.0000 -0.1722 -0.7056
 371 K  -0.0978 0.0733 0.1811 -0.9878 0.8078 0.3100 -0.2944
 372 G  -1.0000 -1.0000 -1.0000 -0.3800 -0.1989 -1.0000 -1.0000
 373 C  -0.1556 -0.3656 -0.3989 0.5644 -0.1267 -0.7244 0.5289
 374 D  -0.2367 -0.4633 -0.3122 -0.8522 -1.0000 -0.1722 -0.7056
 375 D  -0.2367 -0.4633 -0.3122 -0.8522 -1.0000 -0.1722 -0.7056
 376 G  -1.0000 -1.0000 -1.0000 -0.3800 -0.1989 -1.0000 -1.0000
 377 A  -0.3889 -0.7556 -0.7522 -0.1900 -0.1889 1.0000 -0.5289
 378 L  0.2367 -0.0733 -0.0100 0.6622 -0.2067 0.7933 -0.0589
 379 G  -1.0000 -1.0000 -1.0000 -0.3800 -0.1989 -1.0000 -1.0000
 380 M  0.1222 0.0733 0.0967 0.3744 -0.2911 0.7244 -0.0011
 381 G  -1.0000 -1.0000 -1.0000 -0.3800 -0.1989 -1.0000 -1.0000
 382 W  0.5322 1.0000 1.0000 1.0000 -0.2322 0.3100 0.5878
 383 G  -1.0000 -1.0000 -1.0000 -0.3800 -0.1989 -1.0000 -1.0000
 384 S  -0.3744 -0.7078 -0.6044 -0.4044 -0.2944 -0.5178 -0.2356
 385 G  -1.0000 -1.0000 -1.0000 -0.3800 -0.1989 -1.0000 -1.0000
 386 A  -0.3889 -0.7556 -0.7522 -0.1900 -0.1889 1.0000 -0.5289
 387 V  0.7522 -0.3167 -0.2578 0.3678 -0.2122 -0.0344 1.0000
 388 N  -0.2367 -0.3656 -0.2700 -0.7489 -0.0833 -0.4478 -0.5878
 389 Y  0.4033 0.4633 0.6011 0.2089 -0.3044 -0.1722 0.5289
 390 P  0.2744 -1.0000 -0.3267 0.0611 -0.0111 -1.0000 0.1178
 391 Y  0.4033 0.4633 0.6011 0.2089 -0.3044 -0.1722 0.5289
 392 F  0.4033 0.4144 0.4578 0.7178 -0.3022 0.1722 0.3533
 393 V  0.7522 -0.3167 -0.2578 0.3678 -0.2122 -0.0344 1.0000
 394 A  -0.3889 -0.7556 -0.7522 -0.1900 -0.1889 1.0000 -0.5289
 395 P  0.2744 -1.0000 -0.3267 0.0611 -0.0111 -1.0000 0.1178
 396 Y  0.4033 0.4633 0.6011 0.2089 -0.3044 -0.1722 0.5289
 397 D  -0.2367 -0.4633 -0.3122 -0.8522 -1.0000 -0.1722 -0.7056
 398 A  -0.3889 -0.7556 -0.7522 -0.1900 -0.1889 1.0000 -0.5289
 399 I  1.0000 -0.0733 -0.0100 0.7244 -0.2067 0.1722 0.7644
 400 N  -0.2367 -0.3656 -0.2700 -0.7489 -0.0833 -0.4478 -0.5878
 401 T  0.4467 -0.4633 -0.3567 -0.2211 -0.3200 -0.4478 0.2356
 402 R  0.1167 0.4144 0.5178 -1.0000 1.0000 0.5867 -0.4122
 403 A  -0.3889 -0.7556 -0.7522 -0.1900 -0.1889 1.0000 -0.5289
 404 S  -0.3744 -0.7078 -0.6044 -0.4044 -0.2944 -0.5178 -0.2356
 405 S  -0.3744 -0.7078 -0.6044 -0.4044 -0.2944 -0.5178 -0.2356
 406 Q  -0.2556 -0.1222 -0.0222 -0.5156 -0.3067 0.5867 -0.4122
 407 G  -1.0000 -1.0000 -1.0000 -0.3800 -0.1989 -1.0000 -1.0000
 408 T  0.4467 -0.4633 -0.3567 -0.2211 -0.3200 -0.4478 0.2356
 409 Q  -0.2556 -0.1222 -0.0222 -0.5156 -0.3067 0.5867 -0.4122
 410 V  0.7522 -0.3167 -0.2578 0.3678 -0.2122 -0.0344 1.0000
 411 T  0.4467 -0.4633 -0.3567 -0.2211 -0.3200 -0.4478 0.2356
 412 L  0.2367 -0.0733 -0.0100 0.6622 -0.2067 0.7933 -0.0589
 413 S  -0.3744 -0.7078 -0.6044 -0.4044 -0.2944 -0.5178 -0.2356
 414 N  -0.2367 -0.3656 -0.2700 -0.7489 -0.0833 -0.4478 -0.5878
 415 T  0.4467 -0.4633 -0.3567 -0.2211 -0.3200 -0.4478 0.2356
 416 D  -0.2367 -0.4633 -0.3122 -0.8522 -1.0000 -0.1722 -0.7056
 417 N  -0.2367 -0.3656 -0.2700 -0.7489 -0.0833 -0.4478 -0.5878
 418 T  0.4467 -0.4633 -0.3567 -0.2211 -0.3200 -0.4478 0.2356
 419 S  -0.3744 -0.7078 -0.6044 -0.4044 -0.2944 -0.5178 -0.2356
 420 S  -0.3744 -0.7078 -0.6044 -0.4044 -0.2944 -0.5178 -0.2356
 421 G  -1.0000 -1.0000 -1.0000 -0.3800 -0.1989 -1.0000 -1.0000
 422 A  -0.3889 -0.7556 -0.7522 -0.1900 -0.1889 1.0000 -0.5289
 423 S  -0.3744 -0.7078 -0.6044 -0.4044 -0.2944 -0.5178 -0.2356
 424 A  -0.3889 -0.7556 -0.7522 -0.1900 -0.1889 1.0000 -0.5289
 425 A  -0.3889 -0.7556 -0.7522 -0.1900 -0.1889 1.0000 -0.5289
 426 R  0.1167 0.4144 0.5178 -1.0000 1.0000 0.5867 -0.4122
 427 G  -1.0000 -1.0000 -1.0000 -0.3800 -0.1989 -1.0000 -1.0000
 428 K  -0.0978 0.0733 0.1811 -0.9878 0.8078 0.3100 -0.2944
 429 D  -0.2367 -0.4633 -0.3122 -0.8522 -1.0000 -0.1722 -0.7056
 430 V  0.7522 -0.3167 -0.2578 0.3678 -0.2122 -0.0344 1.0000
 431 A  -0.3889 -0.7556 -0.7522 -0.1900 -0.1889 1.0000 -0.5289
 432 I  1.0000 -0.0733 -0.0100 0.7244 -0.2067 0.1722 0.7644
 433 V  0.7522 -0.3167 -0.2578 0.3678 -0.2122 -0.0344 1.0000
 434 F  0.4033 0.4144 0.4578 0.7178 -0.3022 0.1722 0.3533
 435 I  1.0000 -0.0733 -0.0100 0.7244 -0.2067 0.1722 0.7644
 436 T  0.4467 -0.4633 -0.3567 -0.2211 -0.3200 -0.4478 0.2356
 437 A  -0.3889 -0.7556 -0.7522 -0.1900 -0.1889 1.0000 -0.5289
 438 D  -0.2367 -0.4633 -0.3122 -0.8522 -1.0000 -0.1722 -0.7056
 439 S  -0.3744 -0.7078 -0.6044 -0.4044 -0.2944 -0.5178 -0.2356
 440 G  -1.0000 -1.0000 -1.0000 -0.3800 -0.1989 -1.0000 -1.0000
 441 E  -0.2556 -0.2678 -0.0644 -0.7733 -0.9644 1.0000 -0.6467
 442 G  -1.0000 -1.0000 -1.0000 -0.3800 -0.1989 -1.0000 -1.0000
 443 Y  0.4033 0.4633 0.6011 0.2089 -0.3044 -0.1722 0.5289
 444 I  1.0000 -0.0733 -0.0100 0.7244 -0.2067 0.1722 0.7644
 445 T  0.4467 -0.4633 -0.3567 -0.2211 -0.3200 -0.4478 0.2356
 446 V  0.7522 -0.3167 -0.2578 0.3678 -0.2122 -0.0344 1.0000
 447 E  -0.2556 -0.2678 -0.0644 -0.7733 -0.9644 1.0000 -0.6467
 448 G  -1.0000 -1.0000 -1.0000 -0.3800 -0.1989 -1.0000 -1.0000
 449 N  -0.2367 -0.3656 -0.2700 -0.7489 -0.0833 -0.4478 -0.5878
 450 A  -0.3889 -0.7556 -0.7522 -0.1900 -0.1889 1.0000 -0.5289
 451 G  -1.0000 -1.0000 -1.0000 -0.3800 -0.1989 -1.0000 -1.0000
 452 D  -0.2367 -0.4633 -0.3122 -0.8522 -1.0000 -0.1722 -0.7056
 453 R  0.1167 0.4144 0.5178 -1.0000 1.0000 0.5867 -0.4122
 454 N  -0.2367 -0.3656 -0.2700 -0.7489 -0.0833 -0.4478 -0.5878
 455 N  -0.2367 -0.3656 -0.2700 -0.7489 -0.0833 -0.4478 -0.5878
 456 L  0.2367 -0.0733 -0.0100 0.6622 -0.2067 0.7933 -0.0589
 457 D  -0.2367 -0.4633 -0.3122 -0.8522 -1.0000 -0.1722 -0.7056
 458 P  0.2744 -1.0000 -0.3267 0.0611 -0.0111 -1.0000 0.1178
 459 W  0.5322 1.0000 1.0000 1.0000 -0.2322 0.3100 0.5878
 460 H  0.4267 0.1222 0.1533 -0.3011 0.2167 -0.0344 -0.1178
 461 N  -0.2367 -0.3656 -0.2700 -0.7489 -0.0833 -0.4478 -0.5878
 462 G  -1.0000 -1.0000 -1.0000 -0.3800 -0.1989 -1.0000 -1.0000
 463 N  -0.2367 -0.3656 -0.2700 -0.7489 -0.0833 -0.4478 -0.5878
 464 A  -0.3889 -0.7556 -0.7522 -0.1900 -0.1889 1.0000 -0.5289
 465 L  0.2367 -0.0733 -0.0100 0.6622 -0.2067 0.7933 -0.0589
 466 V  0.7522 -0.3167 -0.2578 0.3678 -0.2122 -0.0344 1.0000
 467 Q  -0.2556 -0.1222 -0.0222 -0.5156 -0.3067 0.5867 -0.4122
 468 A  -0.3889 -0.7556 -0.7522 -0.1900 -0.1889 1.0000 -0.5289
 469 V  0.7522 -0.3167 -0.2578 0.3678 -0.2122 -0.0344 1.0000
 470 A  -0.3889 -0.7556 -0.7522 -0.1900 -0.1889 1.0000 -0.5289
 471 G  -1.0000 -1.0000 -1.0000 -0.3800 -0.1989 -1.0000 -1.0000
 472 A  -0.3889 -0.7556 -0.7522 -0.1900 -0.1889 1.0000 -0.5289
 473 N  -0.2367 -0.3656 -0.2700 -0.7489 -0.0833 -0.4478 -0.5878
 474 S  -0.3744 -0.7078 -0.6044 -0.4044 -0.2944 -0.5178 -0.2356
 475 N  -0.2367 -0.3656 -0.2700 -0.7489 -0.0833 -0.4478 -0.5878
 476 V  0.7522 -0.3167 -0.2578 0.3678 -0.2122 -0.0344 1.0000
 477 I  1.0000 -0.0733 -0.0100 0.7244 -0.2067 0.1722 0.7644
 478 V  0.7522 -0.3167 -0.2578 0.3678 -0.2122 -0.0344 1.0000
 479 V  0.7522 -0.3167 -0.2578 0.3678 -0.2122 -0.0344 1.0000
 480 V  0.7522 -0.3167 -0.2578 0.3678 -0.2122 -0.0344 1.0000
 481 H  0.4267 0.1222 0.1533 -0.3011 0.2167 -0.0344 -0.1178
 482 S  -0.3744 -0.7078 -0.6044 -0.4044 -0.2944 -0.5178 -0.2356
 483 V  0.7522 -0.3167 -0.2578 0.3678 -0.2122 -0.0344 1.0000
 484 G  -1.0000 -1.0000 -1.0000 -0.3800 -0.1989 -1.0000 -1.0000
 485 A  -0.3889 -0.7556 -0.7522 -0.1900 -0.1889 1.0000 -0.5289
 486 I  1.0000 -0.0733 -0.0100 0.7244 -0.2067 0.1722 0.7644
 487 I  1.0000 -0.0733 -0.0100 0.7244 -0.2067 0.1722 0.7644
 488 L  0.2367 -0.0733 -0.0100 0.6622 -0.2067 0.7933 -0.0589
 489 E  -0.2556 -0.2678 -0.0644 -0.7733 -0.9644 1.0000 -0.6467
 490 Q  -0.2556 -0.1222 -0.0222 -0.5156 -0.3067 0.5867 -0.4122
 491 I  1.0000 -0.0733 -0.0100 0.7244 -0.2067 0.1722 0.7644
 492 L  0.2367 -0.0733 -0.0100 0.6622 -0.2067 0.7933 -0.0589
 493 A  -0.3889 -0.7556 -0.7522 -0.1900 -0.1889 1.0000 -0.5289
 494 L  0.2367 -0.0733 -0.0100 0.6622 -0.2067 0.7933 -0.0589
 495 P  0.2744 -1.0000 -0.3267 0.0611 -0.0111 -1.0000 0.1178
 496 Q  -0.2556 -0.1222 -0.0222 -0.5156 -0.3067 0.5867 -0.4122
 497 V  0.7522 -0.3167 -0.2578 0.3678 -0.2122 -0.0344 1.0000
 498 K  -0.0978 0.0733 0.1811 -0.9878 0.8078 0.3100 -0.2944
 499 A  -0.3889 -0.7556 -0.7522 -0.1900 -0.1889 1.0000 -0.5289
 500 V  0.7522 -0.3167 -0.2578 0.3678 -0.2122 -0.0344 1.0000
 501 V  0.7522 -0.3167 -0.2578 0.3678 -0.2122 -0.0344 1.0000
 502 W  0.5322 1.0000 1.0000 1.0000 -0.2322 0.3100 0.5878
 503 A  -0.3889 -0.7556 -0.7522 -0.1900 -0.1889 1.0000 -0.5289
 504 G  -1.0000 -1.0000 -1.0000 -0.3800 -0.1989 -1.0000 -1.0000
 505 L  0.2367 -0.0733 -0.0100 0.6622 -0.2067 0.7933 -0.0589
 506 P  0.2744 -1.0000 -0.3267 0.0611 -0.0111 -1.0000 0.1178
 507 S  -0.3744 -0.7078 -0.6044 -0.4044 -0.2944 -0.5178 -0.2356
 508 Q  -0.2556 -0.1222 -0.0222 -0.5156 -0.3067 0.5867 -0.4122
 509 E  -0.2556 -0.2678 -0.0644 -0.7733 -0.9644 1.0000 -0.6467
 510 S  -0.3744 -0.7078 -0.6044 -0.4044 -0.2944 -0.5178 -0.2356
 511 G  -1.0000 -1.0000 -1.0000 -0.3800 -0.1989 -1.0000 -1.0000
 512 N  -0.2367 -0.3656 -0.2700 -0.7489 -0.0833 -0.4478 -0.5878
 513 A  -0.3889 -0.7556 -0.7522 -0.1900 -0.1889 1.0000 -0.5289
 514 L  0.2367 -0.0733 -0.0100 0.6622 -0.2067 0.7933 -0.0589
 515 V  0.7522 -0.3167 -0.2578 0.3678 -0.2122 -0.0344 1.0000
 516 D  -0.2367 -0.4633 -0.3122 -0.8522 -1.0000 -0.1722 -0.7056
 517 V  0.7522 -0.3167 -0.2578 0.3678 -0.2122 -0.0344 1.0000
 518 L  0.2367 -0.0733 -0.0100 0.6622 -0.2067 0.7933 -0.0589
 519 W  0.5322 1.0000 1.0000 1.0000 -0.2322 0.3100 0.5878
 520 G  -1.0000 -1.0000 -1.0000 -0.3800 -0.1989 -1.0000 -1.0000
 521 D  -0.2367 -0.4633 -0.3122 -0.8522 -1.0000 -0.1722 -0.7056
 522 V  0.7522 -0.3167 -0.2578 0.3678 -0.2122 -0.0344 1.0000
 523 S  -0.3744 -0.7078 -0.6044 -0.4044 -0.2944 -0.5178 -0.2356
 524 P  0.2744 -1.0000 -0.3267 0.0611 -0.0111 -1.0000 0.1178
 525 S  -0.3744 -0.7078 -0.6044 -0.4044 -0.2944 -0.5178 -0.2356
 526 G  -1.0000 -1.0000 -1.0000 -0.3800 -0.1989 -1.0000 -1.0000
 527 K  -0.0978 0.0733 0.1811 -0.9878 0.8078 0.3100 -0.2944
 528 L  0.2367 -0.0733 -0.0100 0.6622 -0.2067 0.7933 -0.0589
 529 V  0.7522 -0.3167 -0.2578 0.3678 -0.2122 -0.0344 1.0000
 530 Y  0.4033 0.4633 0.6011 0.2089 -0.3044 -0.1722 0.5289
 531 T  0.4467 -0.4633 -0.3567 -0.2211 -0.3200 -0.4478 0.2356
 532 I  1.0000 -0.0733 -0.0100 0.7244 -0.2067 0.1722 0.7644
 533 A  -0.3889 -0.7556 -0.7522 -0.1900 -0.1889 1.0000 -0.5289
 534 K  -0.0978 0.0733 0.1811 -0.9878 0.8078 0.3100 -0.2944
 535 S  -0.3744 -0.7078 -0.6044 -0.4044 -0.2944 -0.5178 -0.2356
 536 P  0.2744 -1.0000 -0.3267 0.0611 -0.0111 -1.0000 0.1178
 537 N  -0.2367 -0.3656 -0.2700 -0.7489 -0.0833 -0.4478 -0.5878
 538 D  -0.2367 -0.4633 -0.3122 -0.8522 -1.0000 -0.1722 -0.7056
 539 Y  0.4033 0.4633 0.6011 0.2089 -0.3044 -0.1722 0.5289
 540 N  -0.2367 -0.3656 -0.2700 -0.7489 -0.0833 -0.4478 -0.5878
 541 T  0.4467 -0.4633 -0.3567 -0.2211 -0.3200 -0.4478 0.2356
 542 R  0.1167 0.4144 0.5178 -1.0000 1.0000 0.5867 -0.4122
 543 I  1.0000 -0.0733 -0.0100 0.7244 -0.2067 0.1722 0.7644
 544 V  0.7522 -0.3167 -0.2578 0.3678 -0.2122 -0.0344 1.0000
 545 S  -0.3744 -0.7078 -0.6044 -0.4044 -0.2944 -0.5178 -0.2356
 546 G  -1.0000 -1.0000 -1.0000 -0.3800 -0.1989 -1.0000 -1.0000
 547 G  -1.0000 -1.0000 -1.0000 -0.3800 -0.1989 -1.0000 -1.0000
 548 S  -0.3744 -0.7078 -0.6044 -0.4044 -0.2944 -0.5178 -0.2356
 549 D  -0.2367 -0.4633 -0.3122 -0.8522 -1.0000 -0.1722 -0.7056
 550 S  -0.3744 -0.7078 -0.6044 -0.4044 -0.2944 -0.5178 -0.2356
 551 F  0.4033 0.4144 0.4578 0.7178 -0.3022 0.1722 0.3533
 552 S  -0.3744 -0.7078 -0.6044 -0.4044 -0.2944 -0.5178 -0.2356
 553 E  -0.2556 -0.2678 -0.0644 -0.7733 -0.9644 1.0000 -0.6467
 554 G  -1.0000 -1.0000 -1.0000 -0.3800 -0.1989 -1.0000 -1.0000
 555 L  0.2367 -0.0733 -0.0100 0.6622 -0.2067 0.7933 -0.0589
 556 F  0.4033 0.4144 0.4578 0.7178 -0.3022 0.1722 0.3533
 557 I  1.0000 -0.0733 -0.0100 0.7244 -0.2067 0.1722 0.7644
 558 D  -0.2367 -0.4633 -0.3122 -0.8522 -1.0000 -0.1722 -0.7056
 559 Y  0.4033 0.4633 0.6011 0.2089 -0.3044 -0.1722 0.5289
 560 K  -0.0978 0.0733 0.1811 -0.9878 0.8078 0.3100 -0.2944
 561 H  0.4267 0.1222 0.1533 -0.3011 0.2167 -0.0344 -0.1178
 562 F  0.4033 0.4144 0.4578 0.7178 -0.3022 0.1722 0.3533
 563 D  -0.2367 -0.4633 -0.3122 -0.8522 -1.0000 -0.1722 -0.7056
 564 D  -0.2367 -0.4633 -0.3122 -0.8522 -1.0000 -0.1722 -0.7056
 565 A  -0.3889 -0.7556 -0.7522 -0.1900 -0.1889 1.0000 -0.5289
 566 N  -0.2367 -0.3656 -0.2700 -0.7489 -0.0833 -0.4478 -0.5878
 567 I  1.0000 -0.0733 -0.0100 0.7244 -0.2067 0.1722 0.7644
 568 T  0.4467 -0.4633 -0.3567 -0.2211 -0.3200 -0.4478 0.2356
 569 P  0.2744 -1.0000 -0.3267 0.0611 -0.0111 -1.0000 0.1178
 570 R  0.1167 0.4144 0.5178 -1.0000 1.0000 0.5867 -0.4122
 571 Y  0.4033 0.4633 0.6011 0.2089 -0.3044 -0.1722 0.5289
 572 E  -0.2556 -0.2678 -0.0644 -0.7733 -0.9644 1.0000 -0.6467
 573 F  0.4033 0.4144 0.4578 0.7178 -0.3022 0.1722 0.3533
 574 G  -1.0000 -1.0000 -1.0000 -0.3800 -0.1989 -1.0000 -1.0000
 575 Y  0.4033 0.4633 0.6011 0.2089 -0.3044 -0.1722 0.5289
 576 G  -1.0000 -1.0000 -1.0000 -0.3800 -0.1989 -1.0000 -1.0000
 577 L  0.2367 -0.0733 -0.0100 0.6622 -0.2067 0.7933 -0.0589
 578 S  -0.3744 -0.7078 -0.6044 -0.4044 -0.2944 -0.5178 -0.2356
 579 Y  0.4033 0.4633 0.6011 0.2089 -0.3044 -0.1722 0.5289
 580 T  0.4467 -0.4633 -0.3567 -0.2211 -0.3200 -0.4478 0.2356
 581 K  -0.0978 0.0733 0.1811 -0.9878 0.8078 0.3100 -0.2944
 582 F  0.4033 0.4144 0.4578 0.7178 -0.3022 0.1722 0.3533
 583 N  -0.2367 -0.3656 -0.2700 -0.7489 -0.0833 -0.4478 -0.5878
 584 Y  0.4033 0.4633 0.6011 0.2089 -0.3044 -0.1722 0.5289
 585 S  -0.3744 -0.7078 -0.6044 -0.4044 -0.2944 -0.5178 -0.2356
 586 R  0.1167 0.4144 0.5178 -1.0000 1.0000 0.5867 -0.4122
 587 L  0.2367 -0.0733 -0.0100 0.6622 -0.2067 0.7933 -0.0589
 588 S  -0.3744 -0.7078 -0.6044 -0.4044 -0.2944 -0.5178 -0.2356
 589 V  0.7522 -0.3167 -0.2578 0.3678 -0.2122 -0.0344 1.0000
 590 L  0.2367 -0.0733 -0.0100 0.6622 -0.2067 0.7933 -0.0589
 591 S  -0.3744 -0.7078 -0.6044 -0.4044 -0.2944 -0.5178 -0.2356
 592 T  0.4467 -0.4633 -0.3567 -0.2211 -0.3200 -0.4478 0.2356
 593 A  -0.3889 -0.7556 -0.7522 -0.1900 -0.1889 1.0000 -0.5289
 594 K  -0.0978 0.0733 0.1811 -0.9878 0.8078 0.3100 -0.2944
 595 S  -0.3744 -0.7078 -0.6044 -0.4044 -0.2944 -0.5178 -0.2356
 596 G  -1.0000 -1.0000 -1.0000 -0.3800 -0.1989 -1.0000 -1.0000
 597 P  0.2744 -1.0000 -0.3267 0.0611 -0.0111 -1.0000 0.1178
 598 A  -0.3889 -0.7556 -0.7522 -0.1900 -0.1889 1.0000 -0.5289
 599 T  0.4467 -0.4633 -0.3567 -0.2211 -0.3200 -0.4478 0.2356
 600 G  -1.0000 -1.0000 -1.0000 -0.3800 -0.1989 -1.0000 -1.0000
 601 A  -0.3889 -0.7556 -0.7522 -0.1900 -0.1889 1.0000 -0.5289
 602 V  0.7522 -0.3167 -0.2578 0.3678 -0.2122 -0.0344 1.0000
 603 V  0.7522 -0.3167 -0.2578 0.3678 -0.2122 -0.0344 1.0000
 604 P  0.2744 -1.0000 -0.3267 0.0611 -0.0111 -1.0000 0.1178
 605 G  -1.0000 -1.0000 -1.0000 -0.3800 -0.1989 -1.0000 -1.0000
 606 G  -1.0000 -1.0000 -1.0000 -0.3800 -0.1989 -1.0000 -1.0000
 607 P  0.2744 -1.0000 -0.3267 0.0611 -0.0111 -1.0000 0.1178
 608 S  -0.3744 -0.7078 -0.6044 -0.4044 -0.2944 -0.5178 -0.2356
 609 D  -0.2367 -0.4633 -0.3122 -0.8522 -1.0000 -0.1722 -0.7056
 610 L  0.2367 -0.0733 -0.0100 0.6622 -0.2067 0.7933 -0.0589
 611 F  0.4033 0.4144 0.4578 0.7178 -0.3022 0.1722 0.3533
 612 Q  -0.2556 -0.1222 -0.0222 -0.5156 -0.3067 0.5867 -0.4122
 613 N  -0.2367 -0.3656 -0.2700 -0.7489 -0.0833 -0.4478 -0.5878
 614 V  0.7522 -0.3167 -0.2578 0.3678 -0.2122 -0.0344 1.0000
 615 A  -0.3889 -0.7556 -0.7522 -0.1900 -0.1889 1.0000 -0.5289
 616 T  0.4467 -0.4633 -0.3567 -0.2211 -0.3200 -0.4478 0.2356
 617 V  0.7522 -0.3167 -0.2578 0.3678 -0.2122 -0.0344 1.0000
 618 T  0.4467 -0.4633 -0.3567 -0.2211 -0.3200 -0.4478 0.2356
 619 V  0.7522 -0.3167 -0.2578 0.3678 -0.2122 -0.0344 1.0000
 620 D  -0.2367 -0.4633 -0.3122 -0.8522 -1.0000 -0.1722 -0.7056
 621 I  1.0000 -0.0733 -0.0100 0.7244 -0.2067 0.1722 0.7644
 622 A  -0.3889 -0.7556 -0.7522 -0.1900 -0.1889 1.0000 -0.5289
 623 N  -0.2367 -0.3656 -0.2700 -0.7489 -0.0833 -0.4478 -0.5878
 624 S  -0.3744 -0.7078 -0.6044 -0.4044 -0.2944 -0.5178 -0.2356
 625 G  -1.0000 -1.0000 -1.0000 -0.3800 -0.1989 -1.0000 -1.0000
 626 Q  -0.2556 -0.1222 -0.0222 -0.5156 -0.3067 0.5867 -0.4122
 627 V  0.7522 -0.3167 -0.2578 0.3678 -0.2122 -0.0344 1.0000
 628 T  0.4467 -0.4633 -0.3567 -0.2211 -0.3200 -0.4478 0.2356
 629 G  -1.0000 -1.0000 -1.0000 -0.3800 -0.1989 -1.0000 -1.0000
 630 A  -0.3889 -0.7556 -0.7522 -0.1900 -0.1889 1.0000 -0.5289
 631 E  -0.2556 -0.2678 -0.0644 -0.7733 -0.9644 1.0000 -0.6467
 632 V  0.7522 -0.3167 -0.2578 0.3678 -0.2122 -0.0344 1.0000
 633 A  -0.3889 -0.7556 -0.7522 -0.1900 -0.1889 1.0000 -0.5289
 634 Q  -0.2556 -0.1222 -0.0222 -0.5156 -0.3067 0.5867 -0.4122
 635 L  0.2367 -0.0733 -0.0100 0.6622 -0.2067 0.7933 -0.0589
 636 Y  0.4033 0.4633 0.6011 0.2089 -0.3044 -0.1722 0.5289
 637 I  1.0000 -0.0733 -0.0100 0.7244 -0.2067 0.1722 0.7644
 638 T  0.4467 -0.4633 -0.3567 -0.2211 -0.3200 -0.4478 0.2356
 639 Y  0.4033 0.4633 0.6011 0.2089 -0.3044 -0.1722 0.5289
 640 P  0.2744 -1.0000 -0.3267 0.0611 -0.0111 -1.0000 0.1178
 641 S  -0.3744 -0.7078 -0.6044 -0.4044 -0.2944 -0.5178 -0.2356
 642 S  -0.3744 -0.7078 -0.6044 -0.4044 -0.2944 -0.5178 -0.2356
 643 A  -0.3889 -0.7556 -0.7522 -0.1900 -0.1889 1.0000 -0.5289
 644 P  0.2744 -1.0000 -0.3267 0.0611 -0.0111 -1.0000 0.1178
 645 R  0.1167 0.4144 0.5178 -1.0000 1.0000 0.5867 -0.4122
 646 T  0.4467 -0.4633 -0.3567 -0.2211 -0.3200 -0.4478 0.2356
 647 P  0.2744 -1.0000 -0.3267 0.0611 -0.0111 -1.0000 0.1178
 648 P  0.2744 -1.0000 -0.3267 0.0611 -0.0111 -1.0000 0.1178
 649 K  -0.0978 0.0733 0.1811 -0.9878 0.8078 0.3100 -0.2944
 650 Q  -0.2556 -0.1222 -0.0222 -0.5156 -0.3067 0.5867 -0.4122
 651 L  0.2367 -0.0733 -0.0100 0.6622 -0.2067 0.7933 -0.0589
 652 R  0.1167 0.4144 0.5178 -1.0000 1.0000 0.5867 -0.4122
 653 G  -1.0000 -1.0000 -1.0000 -0.3800 -0.1989 -1.0000 -1.0000
 654 F  0.4033 0.4144 0.4578 0.7178 -0.3022 0.1722 0.3533
 655 A  -0.3889 -0.7556 -0.7522 -0.1900 -0.1889 1.0000 -0.5289
 656 K  -0.0978 0.0733 0.1811 -0.9878 0.8078 0.3100 -0.2944
 657 L  0.2367 -0.0733 -0.0100 0.6622 -0.2067 0.7933 -0.0589
 658 N  -0.2367 -0.3656 -0.2700 -0.7489 -0.0833 -0.4478 -0.5878
 659 L  0.2367 -0.0733 -0.0100 0.6622 -0.2067 0.7933 -0.0589
 660 T  0.4467 -0.4633 -0.3567 -0.2211 -0.3200 -0.4478 0.2356
 661 P  0.2744 -1.0000 -0.3267 0.0611 -0.0111 -1.0000 0.1178
 662 G  -1.0000 -1.0000 -1.0000 -0.3800 -0.1989 -1.0000 -1.0000
 663 Q  -0.2556 -0.1222 -0.0222 -0.5156 -0.3067 0.5867 -0.4122
 664 S  -0.3744 -0.7078 -0.6044 -0.4044 -0.2944 -0.5178 -0.2356
 665 G  -1.0000 -1.0000 -1.0000 -0.3800 -0.1989 -1.0000 -1.0000
 666 T  0.4467 -0.4633 -0.3567 -0.2211 -0.3200 -0.4478 0.2356
 667 A  -0.3889 -0.7556 -0.7522 -0.1900 -0.1889 1.0000 -0.5289
 668 T  0.4467 -0.4633 -0.3567 -0.2211 -0.3200 -0.4478 0.2356
 669 F  0.4033 0.4144 0.4578 0.7178 -0.3022 0.1722 0.3533
 670 N  -0.2367 -0.3656 -0.2700 -0.7489 -0.0833 -0.4478 -0.5878
 671 I  1.0000 -0.0733 -0.0100 0.7244 -0.2067 0.1722 0.7644
 672 R  0.1167 0.4144 0.5178 -1.0000 1.0000 0.5867 -0.4122
 673 R  0.1167 0.4144 0.5178 -1.0000 1.0000 0.5867 -0.4122
 674 R  0.1167 0.4144 0.5178 -1.0000 1.0000 0.5867 -0.4122
 675 D  -0.2367 -0.4633 -0.3122 -0.8522 -1.0000 -0.1722 -0.7056
 676 L  0.2367 -0.0733 -0.0100 0.6622 -0.2067 0.7933 -0.0589
 677 S  -0.3744 -0.7078 -0.6044 -0.4044 -0.2944 -0.5178 -0.2356
 678 Y  0.4033 0.4633 0.6011 0.2089 -0.3044 -0.1722 0.5289
 679 W  0.5322 1.0000 1.0000 1.0000 -0.2322 0.3100 0.5878
 680 D  -0.2367 -0.4633 -0.3122 -0.8522 -1.0000 -0.1722 -0.7056
 681 T  0.4467 -0.4633 -0.3567 -0.2211 -0.3200 -0.4478 0.2356
 682 A  -0.3889 -0.7556 -0.7522 -0.1900 -0.1889 1.0000 -0.5289
 683 S  -0.3744 -0.7078 -0.6044 -0.4044 -0.2944 -0.5178 -0.2356
 684 Q  -0.2556 -0.1222 -0.0222 -0.5156 -0.3067 0.5867 -0.4122
 685 K  -0.0978 0.0733 0.1811 -0.9878 0.8078 0.3100 -0.2944
 686 W  0.5322 1.0000 1.0000 1.0000 -0.2322 0.3100 0.5878
 687 V  0.7522 -0.3167 -0.2578 0.3678 -0.2122 -0.0344 1.0000
 688 V  0.7522 -0.3167 -0.2578 0.3678 -0.2122 -0.0344 1.0000
 689 P  0.2744 -1.0000 -0.3267 0.0611 -0.0111 -1.0000 0.1178
 690 S  -0.3744 -0.7078 -0.6044 -0.4044 -0.2944 -0.5178 -0.2356
 691 G  -1.0000 -1.0000 -1.0000 -0.3800 -0.1989 -1.0000 -1.0000
 692 S  -0.3744 -0.7078 -0.6044 -0.4044 -0.2944 -0.5178 -0.2356
 693 F  0.4033 0.4144 0.4578 0.7178 -0.3022 0.1722 0.3533
 694 G  -1.0000 -1.0000 -1.0000 -0.3800 -0.1989 -1.0000 -1.0000
 695 I  1.0000 -0.0733 -0.0100 0.7244 -0.2067 0.1722 0.7644
 696 S  -0.3744 -0.7078 -0.6044 -0.4044 -0.2944 -0.5178 -0.2356
 697 V  0.7522 -0.3167 -0.2578 0.3678 -0.2122 -0.0344 1.0000
 698 G  -1.0000 -1.0000 -1.0000 -0.3800 -0.1989 -1.0000 -1.0000
 699 A  -0.3889 -0.7556 -0.7522 -0.1900 -0.1889 1.0000 -0.5289
 700 S  -0.3744 -0.7078 -0.6044 -0.4044 -0.2944 -0.5178 -0.2356
 701 S  -0.3744 -0.7078 -0.6044 -0.4044 -0.2944 -0.5178 -0.2356
 702 R  0.1167 0.4144 0.5178 -1.0000 1.0000 0.5867 -0.4122
 703 D  -0.2367 -0.4633 -0.3122 -0.8522 -1.0000 -0.1722 -0.7056
 704 I  1.0000 -0.0733 -0.0100 0.7244 -0.2067 0.1722 0.7644
 705 R  0.1167 0.4144 0.5178 -1.0000 1.0000 0.5867 -0.4122
 706 L  0.2367 -0.0733 -0.0100 0.6622 -0.2067 0.7933 -0.0589
 707 T  0.4467 -0.4633 -0.3567 -0.2211 -0.3200 -0.4478 0.2356
 708 S  -0.3744 -0.7078 -0.6044 -0.4044 -0.2944 -0.5178 -0.2356
 709 T  0.4467 -0.4633 -0.3567 -0.2211 -0.3200 -0.4478 0.2356
 710 L  0.2367 -0.0733 -0.0100 0.6622 -0.2067 0.7933 -0.0589
 711 S  -0.3744 -0.7078 -0.6044 -0.4044 -0.2944 -0.5178 -0.2356
 712 V  0.7522 -0.3167 -0.2578 0.3678 -0.2122 -0.0344 1.0000
 713 A  -0.3889 -0.7556 -0.7522 -0.1900 -0.1889 1.0000 -0.5289
