 2 A  -0.3889 -0.7556 -0.7522 -0.1900 -0.1889 1.0000 -0.5289
 3 Q  -0.2556 -0.1222 -0.0222 -0.5156 -0.3067 0.5867 -0.4122
 4 P  0.2744 -1.0000 -0.3267 0.0611 -0.0111 -1.0000 0.1178
 5 A  -0.3889 -0.7556 -0.7522 -0.1900 -0.1889 1.0000 -0.5289
 6 A  -0.3889 -0.7556 -0.7522 -0.1900 -0.1889 1.0000 -0.5289
 7 I  1.0000 -0.0733 -0.0100 0.7244 -0.2067 0.1722 0.7644
 8 I  1.0000 -0.0733 -0.0100 0.7244 -0.2067 0.1722 0.7644
 9 R  0.1167 0.4144 0.5178 -1.0000 1.0000 0.5867 -0.4122
 10 I  1.0000 -0.0733 -0.0100 0.7244 -0.2067 0.1722 0.7644
 11 K  -0.0978 0.0733 0.1811 -0.9878 0.8078 0.3100 -0.2944
 12 N  -0.2367 -0.3656 -0.2700 -0.7489 -0.0833 -0.4478 -0.5878
 13 L  0.2367 -0.0733 -0.0100 0.6622 -0.2067 0.7933 -0.0589
 14 R  0.1167 0.4144 0.5178 -1.0000 1.0000 0.5867 -0.4122
 15 L  0.2367 -0.0733 -0.0100 0.6622 -0.2067 0.7933 -0.0589
 16 R  0.1167 0.4144 0.5178 -1.0000 1.0000 0.5867 -0.4122
 17 T  0.4467 -0.4633 -0.3567 -0.2211 -0.3200 -0.4478 0.2356
 18 F  0.4033 0.4144 0.4578 0.7178 -0.3022 0.1722 0.3533
 19 I  1.0000 -0.0733 -0.0100 0.7244 -0.2067 0.1722 0.7644
 20 G  -1.0000 -1.0000 -1.0000 -0.3800 -0.1989 -1.0000 -1.0000
 21 I  1.0000 -0.0733 -0.0100 0.7244 -0.2067 0.1722 0.7644
 22 K  -0.0978 0.0733 0.1811 -0.9878 0.8078 0.3100 -0.2944
 23 E  -0.2556 -0.2678 -0.0644 -0.7733 -0.9644 1.0000 -0.6467
 24 E  -0.2556 -0.2678 -0.0644 -0.7733 -0.9644 1.0000 -0.6467
 25 E  -0.2556 -0.2678 -0.0644 -0.7733 -0.9644 1.0000 -0.6467
 26 I  1.0000 -0.0733 -0.0100 0.7244 -0.2067 0.1722 0.7644
 27 N  -0.2367 -0.3656 -0.2700 -0.7489 -0.0833 -0.4478 -0.5878
 28 N  -0.2367 -0.3656 -0.2700 -0.7489 -0.0833 -0.4478 -0.5878
 29 R  0.1167 0.4144 0.5178 -1.0000 1.0000 0.5867 -0.4122
 30 Q  -0.2556 -0.1222 -0.0222 -0.5156 -0.3067 0.5867 -0.4122
 31 D  -0.2367 -0.4633 -0.3122 -0.8522 -1.0000 -0.1722 -0.7056
 32 I  1.0000 -0.0733 -0.0100 0.7244 -0.2067 0.1722 0.7644
 33 V  0.7522 -0.3167 -0.2578 0.3678 -0.2122 -0.0344 1.0000
 34 I  1.0000 -0.0733 -0.0100 0.7244 -0.2067 0.1722 0.7644
 35 N  -0.2367 -0.3656 -0.2700 -0.7489 -0.0833 -0.4478 -0.5878
 36 V  0.7522 -0.3167 -0.2578 0.3678 -0.2122 -0.0344 1.0000
 37 T  0.4467 -0.4633 -0.3567 -0.2211 -0.3200 -0.4478 0.2356
 38 I  1.0000 -0.0733 -0.0100 0.7244 -0.2067 0.1722 0.7644
 39 H  0.4267 0.1222 0.1533 -0.3011 0.2167 -0.0344 -0.1178
 40 Y  0.4033 0.4633 0.6011 0.2089 -0.3044 -0.1722 0.5289
 41 P  0.2744 -1.0000 -0.3267 0.0611 -0.0111 -1.0000 0.1178
 42 A  -0.3889 -0.7556 -0.7522 -0.1900 -0.1889 1.0000 -0.5289
 43 D  -0.2367 -0.4633 -0.3122 -0.8522 -1.0000 -0.1722 -0.7056
 44 K  -0.0978 0.0733 0.1811 -0.9878 0.8078 0.3100 -0.2944
 45 A  -0.3889 -0.7556 -0.7522 -0.1900 -0.1889 1.0000 -0.5289
 46 R  0.1167 0.4144 0.5178 -1.0000 1.0000 0.5867 -0.4122
 47 T  0.4467 -0.4633 -0.3567 -0.2211 -0.3200 -0.4478 0.2356
 48 S  -0.3744 -0.7078 -0.6044 -0.4044 -0.2944 -0.5178 -0.2356
 49 E  -0.2556 -0.2678 -0.0644 -0.7733 -0.9644 1.0000 -0.6467
 50 D  -0.2367 -0.4633 -0.3122 -0.8522 -1.0000 -0.1722 -0.7056
 51 I  1.0000 -0.0733 -0.0100 0.7244 -0.2067 0.1722 0.7644
 52 N  -0.2367 -0.3656 -0.2700 -0.7489 -0.0833 -0.4478 -0.5878
 53 D  -0.2367 -0.4633 -0.3122 -0.8522 -1.0000 -0.1722 -0.7056
 54 A  -0.3889 -0.7556 -0.7522 -0.1900 -0.1889 1.0000 -0.5289
 55 L  0.2367 -0.0733 -0.0100 0.6622 -0.2067 0.7933 -0.0589
 56 N  -0.2367 -0.3656 -0.2700 -0.7489 -0.0833 -0.4478 -0.5878
 57 Y  0.4033 0.4633 0.6011 0.2089 -0.3044 -0.1722 0.5289
 58 R  0.1167 0.4144 0.5178 -1.0000 1.0000 0.5867 -0.4122
 59 T  0.4467 -0.4633 -0.3567 -0.2211 -0.3200 -0.4478 0.2356
 60 V  0.7522 -0.3167 -0.2578 0.3678 -0.2122 -0.0344 1.0000
 61 T  0.4467 -0.4633 -0.3567 -0.2211 -0.3200 -0.4478 0.2356
 62 K  -0.0978 0.0733 0.1811 -0.9878 0.8078 0.3100 -0.2944
 63 N  -0.2367 -0.3656 -0.2700 -0.7489 -0.0833 -0.4478 -0.5878
 64 I  1.0000 -0.0733 -0.0100 0.7244 -0.2067 0.1722 0.7644
 65 I  1.0000 -0.0733 -0.0100 0.7244 -0.2067 0.1722 0.7644
 66 Q  -0.2556 -0.1222 -0.0222 -0.5156 -0.3067 0.5867 -0.4122
 67 H  0.4267 0.1222 0.1533 -0.3011 0.2167 -0.0344 -0.1178
 68 V  0.7522 -0.3167 -0.2578 0.3678 -0.2122 -0.0344 1.0000
 69 E  -0.2556 -0.2678 -0.0644 -0.7733 -0.9644 1.0000 -0.6467
 70 N  -0.2367 -0.3656 -0.2700 -0.7489 -0.0833 -0.4478 -0.5878
 71 N  -0.2367 -0.3656 -0.2700 -0.7489 -0.0833 -0.4478 -0.5878
 72 R  0.1167 0.4144 0.5178 -1.0000 1.0000 0.5867 -0.4122
 73 F  0.4033 0.4144 0.4578 0.7178 -0.3022 0.1722 0.3533
 74 S  -0.3744 -0.7078 -0.6044 -0.4044 -0.2944 -0.5178 -0.2356
 75 L  0.2367 -0.0733 -0.0100 0.6622 -0.2067 0.7933 -0.0589
 76 L  0.2367 -0.0733 -0.0100 0.6622 -0.2067 0.7933 -0.0589
 77 E  -0.2556 -0.2678 -0.0644 -0.7733 -0.9644 1.0000 -0.6467
 78 K  -0.0978 0.0733 0.1811 -0.9878 0.8078 0.3100 -0.2944
 79 L  0.2367 -0.0733 -0.0100 0.6622 -0.2067 0.7933 -0.0589
 80 T  0.4467 -0.4633 -0.3567 -0.2211 -0.3200 -0.4478 0.2356
 81 Q  -0.2556 -0.1222 -0.0222 -0.5156 -0.3067 0.5867 -0.4122
 82 D  -0.2367 -0.4633 -0.3122 -0.8522 -1.0000 -0.1722 -0.7056
 83 V  0.7522 -0.3167 -0.2578 0.3678 -0.2122 -0.0344 1.0000
 84 L  0.2367 -0.0733 -0.0100 0.6622 -0.2067 0.7933 -0.0589
 85 D  -0.2367 -0.4633 -0.3122 -0.8522 -1.0000 -0.1722 -0.7056
 86 I  1.0000 -0.0733 -0.0100 0.7244 -0.2067 0.1722 0.7644
 87 A  -0.3889 -0.7556 -0.7522 -0.1900 -0.1889 1.0000 -0.5289
 88 R  0.1167 0.4144 0.5178 -1.0000 1.0000 0.5867 -0.4122
 89 E  -0.2556 -0.2678 -0.0644 -0.7733 -0.9644 1.0000 -0.6467
 90 H  0.4267 0.1222 0.1533 -0.3011 0.2167 -0.0344 -0.1178
 91 H  0.4267 0.1222 0.1533 -0.3011 0.2167 -0.0344 -0.1178
 92 W  0.5322 1.0000 1.0000 1.0000 -0.2322 0.3100 0.5878
 93 V  0.7522 -0.3167 -0.2578 0.3678 -0.2122 -0.0344 1.0000
 94 T  0.4467 -0.4633 -0.3567 -0.2211 -0.3200 -0.4478 0.2356
 95 Y  0.4033 0.4633 0.6011 0.2089 -0.3044 -0.1722 0.5289
 96 A  -0.3889 -0.7556 -0.7522 -0.1900 -0.1889 1.0000 -0.5289
 97 E  -0.2556 -0.2678 -0.0644 -0.7733 -0.9644 1.0000 -0.6467
 98 V  0.7522 -0.3167 -0.2578 0.3678 -0.2122 -0.0344 1.0000
 99 E  -0.2556 -0.2678 -0.0644 -0.7733 -0.9644 1.0000 -0.6467
 100 I  1.0000 -0.0733 -0.0100 0.7244 -0.2067 0.1722 0.7644
 101 D  -0.2367 -0.4633 -0.3122 -0.8522 -1.0000 -0.1722 -0.7056
 102 K  -0.0978 0.0733 0.1811 -0.9878 0.8078 0.3100 -0.2944
 103 L  0.2367 -0.0733 -0.0100 0.6622 -0.2067 0.7933 -0.0589
 104 H  0.4267 0.1222 0.1533 -0.3011 0.2167 -0.0344 -0.1178
 105 A  -0.3889 -0.7556 -0.7522 -0.1900 -0.1889 1.0000 -0.5289
 106 L  0.2367 -0.0733 -0.0100 0.6622 -0.2067 0.7933 -0.0589
 107 R  0.1167 0.4144 0.5178 -1.0000 1.0000 0.5867 -0.4122
 108 Y  0.4033 0.4633 0.6011 0.2089 -0.3044 -0.1722 0.5289
 109 A  -0.3889 -0.7556 -0.7522 -0.1900 -0.1889 1.0000 -0.5289
 110 D  -0.2367 -0.4633 -0.3122 -0.8522 -1.0000 -0.1722 -0.7056
 111 S  -0.3744 -0.7078 -0.6044 -0.4044 -0.2944 -0.5178 -0.2356
 112 V  0.7522 -0.3167 -0.2578 0.3678 -0.2122 -0.0344 1.0000
 113 S  -0.3744 -0.7078 -0.6044 -0.4044 -0.2944 -0.5178 -0.2356
 114 M  0.1222 0.0733 0.0967 0.3744 -0.2911 0.7244 -0.0011
 115 T  0.4467 -0.4633 -0.3567 -0.2211 -0.3200 -0.4478 0.2356
 116 L  0.2367 -0.0733 -0.0100 0.6622 -0.2067 0.7933 -0.0589
 117 S  -0.3744 -0.7078 -0.6044 -0.4044 -0.2944 -0.5178 -0.2356
 118 W  0.5322 1.0000 1.0000 1.0000 -0.2322 0.3100 0.5878
 119 Q  -0.2556 -0.1222 -0.0222 -0.5156 -0.3067 0.5867 -0.4122
 120 R  0.1167 0.4144 0.5178 -1.0000 1.0000 0.5867 -0.4122
