 4 L  0.2367 -0.0733 -0.0100 0.6622 -0.2067 0.7933 -0.0589
 5 F  0.4033 0.4144 0.4578 0.7178 -0.3022 0.1722 0.3533
 6 K  -0.0978 0.0733 0.1811 -0.9878 0.8078 0.3100 -0.2944
 7 L  0.2367 -0.0733 -0.0100 0.6622 -0.2067 0.7933 -0.0589
 8 G  -1.0000 -1.0000 -1.0000 -0.3800 -0.1989 -1.0000 -1.0000
 9 A  -0.3889 -0.7556 -0.7522 -0.1900 -0.1889 1.0000 -0.5289
 10 E  -0.2556 -0.2678 -0.0644 -0.7733 -0.9644 1.0000 -0.6467
 11 N  -0.2367 -0.3656 -0.2700 -0.7489 -0.0833 -0.4478 -0.5878
 12 I  1.0000 -0.0733 -0.0100 0.7244 -0.2067 0.1722 0.7644
 13 F  0.4033 0.4144 0.4578 0.7178 -0.3022 0.1722 0.3533
 14 L  0.2367 -0.0733 -0.0100 0.6622 -0.2067 0.7933 -0.0589
 15 G  -1.0000 -1.0000 -1.0000 -0.3800 -0.1989 -1.0000 -1.0000
 16 R  0.1167 0.4144 0.5178 -1.0000 1.0000 0.5867 -0.4122
 17 K  -0.0978 0.0733 0.1811 -0.9878 0.8078 0.3100 -0.2944
 18 A  -0.3889 -0.7556 -0.7522 -0.1900 -0.1889 1.0000 -0.5289
 19 A  -0.3889 -0.7556 -0.7522 -0.1900 -0.1889 1.0000 -0.5289
 20 T  0.4467 -0.4633 -0.3567 -0.2211 -0.3200 -0.4478 0.2356
 21 K  -0.0978 0.0733 0.1811 -0.9878 0.8078 0.3100 -0.2944
 22 E  -0.2556 -0.2678 -0.0644 -0.7733 -0.9644 1.0000 -0.6467
 23 E  -0.2556 -0.2678 -0.0644 -0.7733 -0.9644 1.0000 -0.6467
 24 A  -0.3889 -0.7556 -0.7522 -0.1900 -0.1889 1.0000 -0.5289
 25 I  1.0000 -0.0733 -0.0100 0.7244 -0.2067 0.1722 0.7644
 26 R  0.1167 0.4144 0.5178 -1.0000 1.0000 0.5867 -0.4122
 27 F  0.4033 0.4144 0.4578 0.7178 -0.3022 0.1722 0.3533
 28 A  -0.3889 -0.7556 -0.7522 -0.1900 -0.1889 1.0000 -0.5289
 29 G  -1.0000 -1.0000 -1.0000 -0.3800 -0.1989 -1.0000 -1.0000
 30 E  -0.2556 -0.2678 -0.0644 -0.7733 -0.9644 1.0000 -0.6467
 31 Q  -0.2556 -0.1222 -0.0222 -0.5156 -0.3067 0.5867 -0.4122
 32 L  0.2367 -0.0733 -0.0100 0.6622 -0.2067 0.7933 -0.0589
 33 V  0.7522 -0.3167 -0.2578 0.3678 -0.2122 -0.0344 1.0000
 34 K  -0.0978 0.0733 0.1811 -0.9878 0.8078 0.3100 -0.2944
 35 G  -1.0000 -1.0000 -1.0000 -0.3800 -0.1989 -1.0000 -1.0000
 36 G  -1.0000 -1.0000 -1.0000 -0.3800 -0.1989 -1.0000 -1.0000
 37 Y  0.4033 0.4633 0.6011 0.2089 -0.3044 -0.1722 0.5289
 38 V  0.7522 -0.3167 -0.2578 0.3678 -0.2122 -0.0344 1.0000
 39 E  -0.2556 -0.2678 -0.0644 -0.7733 -0.9644 1.0000 -0.6467
 40 P  0.2744 -1.0000 -0.3267 0.0611 -0.0111 -1.0000 0.1178
 41 E  -0.2556 -0.2678 -0.0644 -0.7733 -0.9644 1.0000 -0.6467
 42 Y  0.4033 0.4633 0.6011 0.2089 -0.3044 -0.1722 0.5289
 43 V  0.7522 -0.3167 -0.2578 0.3678 -0.2122 -0.0344 1.0000
 44 Q  -0.2556 -0.1222 -0.0222 -0.5156 -0.3067 0.5867 -0.4122
 45 A  -0.3889 -0.7556 -0.7522 -0.1900 -0.1889 1.0000 -0.5289
 46 M  0.1222 0.0733 0.0967 0.3744 -0.2911 0.7244 -0.0011
 47 L  0.2367 -0.0733 -0.0100 0.6622 -0.2067 0.7933 -0.0589
 48 D  -0.2367 -0.4633 -0.3122 -0.8522 -1.0000 -0.1722 -0.7056
 49 R  0.1167 0.4144 0.5178 -1.0000 1.0000 0.5867 -0.4122
 50 E  -0.2556 -0.2678 -0.0644 -0.7733 -0.9644 1.0000 -0.6467
 51 K  -0.0978 0.0733 0.1811 -0.9878 0.8078 0.3100 -0.2944
 52 L  0.2367 -0.0733 -0.0100 0.6622 -0.2067 0.7933 -0.0589
 53 T  0.4467 -0.4633 -0.3567 -0.2211 -0.3200 -0.4478 0.2356
 54 P  0.2744 -1.0000 -0.3267 0.0611 -0.0111 -1.0000 0.1178
 55 T  0.4467 -0.4633 -0.3567 -0.2211 -0.3200 -0.4478 0.2356
 56 Y  0.4033 0.4633 0.6011 0.2089 -0.3044 -0.1722 0.5289
 57 L  0.2367 -0.0733 -0.0100 0.6622 -0.2067 0.7933 -0.0589
 58 G  -1.0000 -1.0000 -1.0000 -0.3800 -0.1989 -1.0000 -1.0000
 59 E  -0.2556 -0.2678 -0.0644 -0.7733 -0.9644 1.0000 -0.6467
 60 S  -0.3744 -0.7078 -0.6044 -0.4044 -0.2944 -0.5178 -0.2356
 61 I  1.0000 -0.0733 -0.0100 0.7244 -0.2067 0.1722 0.7644
 62 A  -0.3889 -0.7556 -0.7522 -0.1900 -0.1889 1.0000 -0.5289
 63 V  0.7522 -0.3167 -0.2578 0.3678 -0.2122 -0.0344 1.0000
 64 P  0.2744 -1.0000 -0.3267 0.0611 -0.0111 -1.0000 0.1178
 65 H  0.4267 0.1222 0.1533 -0.3011 0.2167 -0.0344 -0.1178
 66 G  -1.0000 -1.0000 -1.0000 -0.3800 -0.1989 -1.0000 -1.0000
 67 T  0.4467 -0.4633 -0.3567 -0.2211 -0.3200 -0.4478 0.2356
 68 V  0.7522 -0.3167 -0.2578 0.3678 -0.2122 -0.0344 1.0000
 69 E  -0.2556 -0.2678 -0.0644 -0.7733 -0.9644 1.0000 -0.6467
 70 A  -0.3889 -0.7556 -0.7522 -0.1900 -0.1889 1.0000 -0.5289
 71 K  -0.0978 0.0733 0.1811 -0.9878 0.8078 0.3100 -0.2944
 72 D  -0.2367 -0.4633 -0.3122 -0.8522 -1.0000 -0.1722 -0.7056
 73 R  0.1167 0.4144 0.5178 -1.0000 1.0000 0.5867 -0.4122
 74 V  0.7522 -0.3167 -0.2578 0.3678 -0.2122 -0.0344 1.0000
 75 L  0.2367 -0.0733 -0.0100 0.6622 -0.2067 0.7933 -0.0589
 76 K  -0.0978 0.0733 0.1811 -0.9878 0.8078 0.3100 -0.2944
 77 T  0.4467 -0.4633 -0.3567 -0.2211 -0.3200 -0.4478 0.2356
 78 G  -1.0000 -1.0000 -1.0000 -0.3800 -0.1989 -1.0000 -1.0000
 79 V  0.7522 -0.3167 -0.2578 0.3678 -0.2122 -0.0344 1.0000
 80 V  0.7522 -0.3167 -0.2578 0.3678 -0.2122 -0.0344 1.0000
 81 F  0.4033 0.4144 0.4578 0.7178 -0.3022 0.1722 0.3533
 82 C  -0.1556 -0.3656 -0.3989 0.5644 -0.1267 -0.7244 0.5289
 83 Q  -0.2556 -0.1222 -0.0222 -0.5156 -0.3067 0.5867 -0.4122
 84 Y  0.4033 0.4633 0.6011 0.2089 -0.3044 -0.1722 0.5289
 85 P  0.2744 -1.0000 -0.3267 0.0611 -0.0111 -1.0000 0.1178
 86 E  -0.2556 -0.2678 -0.0644 -0.7733 -0.9644 1.0000 -0.6467
 87 G  -1.0000 -1.0000 -1.0000 -0.3800 -0.1989 -1.0000 -1.0000
 88 V  0.7522 -0.3167 -0.2578 0.3678 -0.2122 -0.0344 1.0000
 89 R  0.1167 0.4144 0.5178 -1.0000 1.0000 0.5867 -0.4122
 90 F  0.4033 0.4144 0.4578 0.7178 -0.3022 0.1722 0.3533
 91 G  -1.0000 -1.0000 -1.0000 -0.3800 -0.1989 -1.0000 -1.0000
 92 E  -0.2556 -0.2678 -0.0644 -0.7733 -0.9644 1.0000 -0.6467
 93 E  -0.2556 -0.2678 -0.0644 -0.7733 -0.9644 1.0000 -0.6467
 94 E  -0.2556 -0.2678 -0.0644 -0.7733 -0.9644 1.0000 -0.6467
 95 D  -0.2367 -0.4633 -0.3122 -0.8522 -1.0000 -0.1722 -0.7056
 96 D  -0.2367 -0.4633 -0.3122 -0.8522 -1.0000 -0.1722 -0.7056
 97 I  1.0000 -0.0733 -0.0100 0.7244 -0.2067 0.1722 0.7644
 98 A  -0.3889 -0.7556 -0.7522 -0.1900 -0.1889 1.0000 -0.5289
 99 R  0.1167 0.4144 0.5178 -1.0000 1.0000 0.5867 -0.4122
 100 L  0.2367 -0.0733 -0.0100 0.6622 -0.2067 0.7933 -0.0589
 101 V  0.7522 -0.3167 -0.2578 0.3678 -0.2122 -0.0344 1.0000
 102 I  1.0000 -0.0733 -0.0100 0.7244 -0.2067 0.1722 0.7644
 103 G  -1.0000 -1.0000 -1.0000 -0.3800 -0.1989 -1.0000 -1.0000
 104 I  1.0000 -0.0733 -0.0100 0.7244 -0.2067 0.1722 0.7644
 105 A  -0.3889 -0.7556 -0.7522 -0.1900 -0.1889 1.0000 -0.5289
 106 A  -0.3889 -0.7556 -0.7522 -0.1900 -0.1889 1.0000 -0.5289
 107 R  0.1167 0.4144 0.5178 -1.0000 1.0000 0.5867 -0.4122
 108 N  -0.2367 -0.3656 -0.2700 -0.7489 -0.0833 -0.4478 -0.5878
 109 N  -0.2367 -0.3656 -0.2700 -0.7489 -0.0833 -0.4478 -0.5878
 110 E  -0.2556 -0.2678 -0.0644 -0.7733 -0.9644 1.0000 -0.6467
 111 H  0.4267 0.1222 0.1533 -0.3011 0.2167 -0.0344 -0.1178
 112 I  1.0000 -0.0733 -0.0100 0.7244 -0.2067 0.1722 0.7644
 113 Q  -0.2556 -0.1222 -0.0222 -0.5156 -0.3067 0.5867 -0.4122
 114 V  0.7522 -0.3167 -0.2578 0.3678 -0.2122 -0.0344 1.0000
 115 I  1.0000 -0.0733 -0.0100 0.7244 -0.2067 0.1722 0.7644
 116 T  0.4467 -0.4633 -0.3567 -0.2211 -0.3200 -0.4478 0.2356
 117 S  -0.3744 -0.7078 -0.6044 -0.4044 -0.2944 -0.5178 -0.2356
 118 L  0.2367 -0.0733 -0.0100 0.6622 -0.2067 0.7933 -0.0589
 119 T  0.4467 -0.4633 -0.3567 -0.2211 -0.3200 -0.4478 0.2356
 120 N  -0.2367 -0.3656 -0.2700 -0.7489 -0.0833 -0.4478 -0.5878
 121 A  -0.3889 -0.7556 -0.7522 -0.1900 -0.1889 1.0000 -0.5289
 122 L  0.2367 -0.0733 -0.0100 0.6622 -0.2067 0.7933 -0.0589
 123 D  -0.2367 -0.4633 -0.3122 -0.8522 -1.0000 -0.1722 -0.7056
 124 D  -0.2367 -0.4633 -0.3122 -0.8522 -1.0000 -0.1722 -0.7056
 125 E  -0.2556 -0.2678 -0.0644 -0.7733 -0.9644 1.0000 -0.6467
 126 S  -0.3744 -0.7078 -0.6044 -0.4044 -0.2944 -0.5178 -0.2356
 127 V  0.7522 -0.3167 -0.2578 0.3678 -0.2122 -0.0344 1.0000
 128 I  1.0000 -0.0733 -0.0100 0.7244 -0.2067 0.1722 0.7644
 129 E  -0.2556 -0.2678 -0.0644 -0.7733 -0.9644 1.0000 -0.6467
 130 R  0.1167 0.4144 0.5178 -1.0000 1.0000 0.5867 -0.4122
 131 L  0.2367 -0.0733 -0.0100 0.6622 -0.2067 0.7933 -0.0589
 132 A  -0.3889 -0.7556 -0.7522 -0.1900 -0.1889 1.0000 -0.5289
 133 H  0.4267 0.1222 0.1533 -0.3011 0.2167 -0.0344 -0.1178
 134 T  0.4467 -0.4633 -0.3567 -0.2211 -0.3200 -0.4478 0.2356
 135 T  0.4467 -0.4633 -0.3567 -0.2211 -0.3200 -0.4478 0.2356
 136 S  -0.3744 -0.7078 -0.6044 -0.4044 -0.2944 -0.5178 -0.2356
 137 V  0.7522 -0.3167 -0.2578 0.3678 -0.2122 -0.0344 1.0000
 138 D  -0.2367 -0.4633 -0.3122 -0.8522 -1.0000 -0.1722 -0.7056
 139 E  -0.2556 -0.2678 -0.0644 -0.7733 -0.9644 1.0000 -0.6467
 140 V  0.7522 -0.3167 -0.2578 0.3678 -0.2122 -0.0344 1.0000
 141 L  0.2367 -0.0733 -0.0100 0.6622 -0.2067 0.7933 -0.0589
 142 E  -0.2556 -0.2678 -0.0644 -0.7733 -0.9644 1.0000 -0.6467
 143 L  0.2367 -0.0733 -0.0100 0.6622 -0.2067 0.7933 -0.0589
 144 L  0.2367 -0.0733 -0.0100 0.6622 -0.2067 0.7933 -0.0589
 145 A  -0.3889 -0.7556 -0.7522 -0.1900 -0.1889 1.0000 -0.5289
 146 G  -1.0000 -1.0000 -1.0000 -0.3800 -0.1989 -1.0000 -1.0000
 147 R  0.1167 0.4144 0.5178 -1.0000 1.0000 0.5867 -0.4122
 148 K  -0.0978 0.0733 0.1811 -0.9878 0.8078 0.3100 -0.2944
