 507 S  -0.3744 -0.7078 -0.6044 -0.4044 -0.2944 -0.5178 -0.2356
 508 G  -1.0000 -1.0000 -1.0000 -0.3800 -0.1989 -1.0000 -1.0000
 509 L  0.2367 -0.0733 -0.0100 0.6622 -0.2067 0.7933 -0.0589
 510 V  0.7522 -0.3167 -0.2578 0.3678 -0.2122 -0.0344 1.0000
 511 P  0.2744 -1.0000 -0.3267 0.0611 -0.0111 -1.0000 0.1178
 ! !  -1.0000 -1.0000 -1.0000 -1.0000 -1.0000 -1.0000 -1.0000
 513 G  -1.0000 -1.0000 -1.0000 -0.3800 -0.1989 -1.0000 -1.0000
 514 S  -0.3744 -0.7078 -0.6044 -0.4044 -0.2944 -0.5178 -0.2356
 515 D  -0.2367 -0.4633 -0.3122 -0.8522 -1.0000 -0.1722 -0.7056
 516 I  1.0000 -0.0733 -0.0100 0.7244 -0.2067 0.1722 0.7644
 517 D  -0.2367 -0.4633 -0.3122 -0.8522 -1.0000 -0.1722 -0.7056
 518 A  -0.3889 -0.7556 -0.7522 -0.1900 -0.1889 1.0000 -0.5289
 519 T  0.4467 -0.4633 -0.3567 -0.2211 -0.3200 -0.4478 0.2356
 520 Q  -0.2556 -0.1222 -0.0222 -0.5156 -0.3067 0.5867 -0.4122
 521 L  0.2367 -0.0733 -0.0100 0.6622 -0.2067 0.7933 -0.0589
 522 Q  -0.2556 -0.1222 -0.0222 -0.5156 -0.3067 0.5867 -0.4122
 523 G  -1.0000 -1.0000 -1.0000 -0.3800 -0.1989 -1.0000 -1.0000
 524 L  0.2367 -0.0733 -0.0100 0.6622 -0.2067 0.7933 -0.0589
 525 L  0.2367 -0.0733 -0.0100 0.6622 -0.2067 0.7933 -0.0589
 526 N  -0.2367 -0.3656 -0.2700 -0.7489 -0.0833 -0.4478 -0.5878
 527 Q  -0.2556 -0.1222 -0.0222 -0.5156 -0.3067 0.5867 -0.4122
 528 E  -0.2556 -0.2678 -0.0644 -0.7733 -0.9644 1.0000 -0.6467
 529 L  0.2367 -0.0733 -0.0100 0.6622 -0.2067 0.7933 -0.0589
 530 L  0.2367 -0.0733 -0.0100 0.6622 -0.2067 0.7933 -0.0589
 ! !  -1.0000 -1.0000 -1.0000 -1.0000 -1.0000 -1.0000 -1.0000
 536 D  -0.2367 -0.4633 -0.3122 -0.8522 -1.0000 -0.1722 -0.7056
 537 M  0.1222 0.0733 0.0967 0.3744 -0.2911 0.7244 -0.0011
 538 F  0.4033 0.4144 0.4578 0.7178 -0.3022 0.1722 0.3533
 539 S  -0.3744 -0.7078 -0.6044 -0.4044 -0.2944 -0.5178 -0.2356
 540 L  0.2367 -0.0733 -0.0100 0.6622 -0.2067 0.7933 -0.0589
 541 D  -0.2367 -0.4633 -0.3122 -0.8522 -1.0000 -0.1722 -0.7056
 542 E  -0.2556 -0.2678 -0.0644 -0.7733 -0.9644 1.0000 -0.6467
 543 C  -0.1556 -0.3656 -0.3989 0.5644 -0.1267 -0.7244 0.5289
 544 R  0.1167 0.4144 0.5178 -1.0000 1.0000 0.5867 -0.4122
 545 S  -0.3744 -0.7078 -0.6044 -0.4044 -0.2944 -0.5178 -0.2356
 546 L  0.2367 -0.0733 -0.0100 0.6622 -0.2067 0.7933 -0.0589
 547 V  0.7522 -0.3167 -0.2578 0.3678 -0.2122 -0.0344 1.0000
 548 A  -0.3889 -0.7556 -0.7522 -0.1900 -0.1889 1.0000 -0.5289
 549 L  0.2367 -0.0733 -0.0100 0.6622 -0.2067 0.7933 -0.0589
 550 M  0.1222 0.0733 0.0967 0.3744 -0.2911 0.7244 -0.0011
 551 E  -0.2556 -0.2678 -0.0644 -0.7733 -0.9644 1.0000 -0.6467
 552 L  0.2367 -0.0733 -0.0100 0.6622 -0.2067 0.7933 -0.0589
 553 K  -0.0978 0.0733 0.1811 -0.9878 0.8078 0.3100 -0.2944
 554 V  0.7522 -0.3167 -0.2578 0.3678 -0.2122 -0.0344 1.0000
 555 N  -0.2367 -0.3656 -0.2700 -0.7489 -0.0833 -0.4478 -0.5878
 556 G  -1.0000 -1.0000 -1.0000 -0.3800 -0.1989 -1.0000 -1.0000
 557 R  0.1167 0.4144 0.5178 -1.0000 1.0000 0.5867 -0.4122
 558 L  0.2367 -0.0733 -0.0100 0.6622 -0.2067 0.7933 -0.0589
 559 D  -0.2367 -0.4633 -0.3122 -0.8522 -1.0000 -0.1722 -0.7056
 560 Q  -0.2556 -0.1222 -0.0222 -0.5156 -0.3067 0.5867 -0.4122
 561 E  -0.2556 -0.2678 -0.0644 -0.7733 -0.9644 1.0000 -0.6467
 562 E  -0.2556 -0.2678 -0.0644 -0.7733 -0.9644 1.0000 -0.6467
 563 F  0.4033 0.4144 0.4578 0.7178 -0.3022 0.1722 0.3533
 564 A  -0.3889 -0.7556 -0.7522 -0.1900 -0.1889 1.0000 -0.5289
 565 R  0.1167 0.4144 0.5178 -1.0000 1.0000 0.5867 -0.4122
 566 L  0.2367 -0.0733 -0.0100 0.6622 -0.2067 0.7933 -0.0589
 567 W  0.5322 1.0000 1.0000 1.0000 -0.2322 0.3100 0.5878
 568 K  -0.0978 0.0733 0.1811 -0.9878 0.8078 0.3100 -0.2944
 569 R  0.1167 0.4144 0.5178 -1.0000 1.0000 0.5867 -0.4122
 570 L  0.2367 -0.0733 -0.0100 0.6622 -0.2067 0.7933 -0.0589
 571 V  0.7522 -0.3167 -0.2578 0.3678 -0.2122 -0.0344 1.0000
 572 H  0.4267 0.1222 0.1533 -0.3011 0.2167 -0.0344 -0.1178
 573 Y  0.4033 0.4633 0.6011 0.2089 -0.3044 -0.1722 0.5289
 574 Q  -0.2556 -0.1222 -0.0222 -0.5156 -0.3067 0.5867 -0.4122
 575 H  0.4267 0.1222 0.1533 -0.3011 0.2167 -0.0344 -0.1178
 576 V  0.7522 -0.3167 -0.2578 0.3678 -0.2122 -0.0344 1.0000
 577 F  0.4033 0.4144 0.4578 0.7178 -0.3022 0.1722 0.3533
 578 Q  -0.2556 -0.1222 -0.0222 -0.5156 -0.3067 0.5867 -0.4122
 579 K  -0.0978 0.0733 0.1811 -0.9878 0.8078 0.3100 -0.2944
 580 V  0.7522 -0.3167 -0.2578 0.3678 -0.2122 -0.0344 1.0000
 581 Q  -0.2556 -0.1222 -0.0222 -0.5156 -0.3067 0.5867 -0.4122
 582 T  0.4467 -0.4633 -0.3567 -0.2211 -0.3200 -0.4478 0.2356
 583 S  -0.3744 -0.7078 -0.6044 -0.4044 -0.2944 -0.5178 -0.2356
 584 P  0.2744 -1.0000 -0.3267 0.0611 -0.0111 -1.0000 0.1178
 585 G  -1.0000 -1.0000 -1.0000 -0.3800 -0.1989 -1.0000 -1.0000
 586 V  0.7522 -0.3167 -0.2578 0.3678 -0.2122 -0.0344 1.0000
 587 L  0.2367 -0.0733 -0.0100 0.6622 -0.2067 0.7933 -0.0589
 588 L  0.2367 -0.0733 -0.0100 0.6622 -0.2067 0.7933 -0.0589
 589 S  -0.3744 -0.7078 -0.6044 -0.4044 -0.2944 -0.5178 -0.2356
 590 S  -0.3744 -0.7078 -0.6044 -0.4044 -0.2944 -0.5178 -0.2356
 591 D  -0.2367 -0.4633 -0.3122 -0.8522 -1.0000 -0.1722 -0.7056
 592 L  0.2367 -0.0733 -0.0100 0.6622 -0.2067 0.7933 -0.0589
 593 W  0.5322 1.0000 1.0000 1.0000 -0.2322 0.3100 0.5878
 594 K  -0.0978 0.0733 0.1811 -0.9878 0.8078 0.3100 -0.2944
 595 A  -0.3889 -0.7556 -0.7522 -0.1900 -0.1889 1.0000 -0.5289
 596 I  1.0000 -0.0733 -0.0100 0.7244 -0.2067 0.1722 0.7644
 597 E  -0.2556 -0.2678 -0.0644 -0.7733 -0.9644 1.0000 -0.6467
 598 N  -0.2367 -0.3656 -0.2700 -0.7489 -0.0833 -0.4478 -0.5878
 599 T  0.4467 -0.4633 -0.3567 -0.2211 -0.3200 -0.4478 0.2356
 600 D  -0.2367 -0.4633 -0.3122 -0.8522 -1.0000 -0.1722 -0.7056
 601 F  0.4033 0.4144 0.4578 0.7178 -0.3022 0.1722 0.3533
 602 L  0.2367 -0.0733 -0.0100 0.6622 -0.2067 0.7933 -0.0589
 603 R  0.1167 0.4144 0.5178 -1.0000 1.0000 0.5867 -0.4122
 604 G  -1.0000 -1.0000 -1.0000 -0.3800 -0.1989 -1.0000 -1.0000
 605 I  1.0000 -0.0733 -0.0100 0.7244 -0.2067 0.1722 0.7644
 606 F  0.4033 0.4144 0.4578 0.7178 -0.3022 0.1722 0.3533
 607 I  1.0000 -0.0733 -0.0100 0.7244 -0.2067 0.1722 0.7644
 608 S  -0.3744 -0.7078 -0.6044 -0.4044 -0.2944 -0.5178 -0.2356
 609 R  0.1167 0.4144 0.5178 -1.0000 1.0000 0.5867 -0.4122
 610 E  -0.2556 -0.2678 -0.0644 -0.7733 -0.9644 1.0000 -0.6467
 611 L  0.2367 -0.0733 -0.0100 0.6622 -0.2067 0.7933 -0.0589
 612 L  0.2367 -0.0733 -0.0100 0.6622 -0.2067 0.7933 -0.0589
 613 H  0.4267 0.1222 0.1533 -0.3011 0.2167 -0.0344 -0.1178
 614 L  0.2367 -0.0733 -0.0100 0.6622 -0.2067 0.7933 -0.0589
 615 V  0.7522 -0.3167 -0.2578 0.3678 -0.2122 -0.0344 1.0000
 616 T  0.4467 -0.4633 -0.3567 -0.2211 -0.3200 -0.4478 0.2356
 617 L  0.2367 -0.0733 -0.0100 0.6622 -0.2067 0.7933 -0.0589
 618 R  0.1167 0.4144 0.5178 -1.0000 1.0000 0.5867 -0.4122
 619 Y  0.4033 0.4633 0.6011 0.2089 -0.3044 -0.1722 0.5289
 620 S  -0.3744 -0.7078 -0.6044 -0.4044 -0.2944 -0.5178 -0.2356
 621 D  -0.2367 -0.4633 -0.3122 -0.8522 -1.0000 -0.1722 -0.7056
 622 S  -0.3744 -0.7078 -0.6044 -0.4044 -0.2944 -0.5178 -0.2356
 623 V  0.7522 -0.3167 -0.2578 0.3678 -0.2122 -0.0344 1.0000
 624 G  -1.0000 -1.0000 -1.0000 -0.3800 -0.1989 -1.0000 -1.0000
 625 R  0.1167 0.4144 0.5178 -1.0000 1.0000 0.5867 -0.4122
 626 V  0.7522 -0.3167 -0.2578 0.3678 -0.2122 -0.0344 1.0000
 627 S  -0.3744 -0.7078 -0.6044 -0.4044 -0.2944 -0.5178 -0.2356
 628 F  0.4033 0.4144 0.4578 0.7178 -0.3022 0.1722 0.3533
 629 P  0.2744 -1.0000 -0.3267 0.0611 -0.0111 -1.0000 0.1178
 630 S  -0.3744 -0.7078 -0.6044 -0.4044 -0.2944 -0.5178 -0.2356
 631 L  0.2367 -0.0733 -0.0100 0.6622 -0.2067 0.7933 -0.0589
 632 V  0.7522 -0.3167 -0.2578 0.3678 -0.2122 -0.0344 1.0000
 633 C  -0.1556 -0.3656 -0.3989 0.5644 -0.1267 -0.7244 0.5289
 634 F  0.4033 0.4144 0.4578 0.7178 -0.3022 0.1722 0.3533
 635 L  0.2367 -0.0733 -0.0100 0.6622 -0.2067 0.7933 -0.0589
 636 M  0.1222 0.0733 0.0967 0.3744 -0.2911 0.7244 -0.0011
 637 R  0.1167 0.4144 0.5178 -1.0000 1.0000 0.5867 -0.4122
 638 L  0.2367 -0.0733 -0.0100 0.6622 -0.2067 0.7933 -0.0589
 639 E  -0.2556 -0.2678 -0.0644 -0.7733 -0.9644 1.0000 -0.6467
 640 A  -0.3889 -0.7556 -0.7522 -0.1900 -0.1889 1.0000 -0.5289
 641 M  0.1222 0.0733 0.0967 0.3744 -0.2911 0.7244 -0.0011
 642 A  -0.3889 -0.7556 -0.7522 -0.1900 -0.1889 1.0000 -0.5289
 643 K  -0.0978 0.0733 0.1811 -0.9878 0.8078 0.3100 -0.2944
 644 T  0.4467 -0.4633 -0.3567 -0.2211 -0.3200 -0.4478 0.2356
 645 F  0.4033 0.4144 0.4578 0.7178 -0.3022 0.1722 0.3533
 646 R  0.1167 0.4144 0.5178 -1.0000 1.0000 0.5867 -0.4122
 647 N  -0.2367 -0.3656 -0.2700 -0.7489 -0.0833 -0.4478 -0.5878
 648 L  0.2367 -0.0733 -0.0100 0.6622 -0.2067 0.7933 -0.0589
 649 S  -0.3744 -0.7078 -0.6044 -0.4044 -0.2944 -0.5178 -0.2356
 650 K  -0.0978 0.0733 0.1811 -0.9878 0.8078 0.3100 -0.2944
 651 D  -0.2367 -0.4633 -0.3122 -0.8522 -1.0000 -0.1722 -0.7056
 652 G  -1.0000 -1.0000 -1.0000 -0.3800 -0.1989 -1.0000 -1.0000
 653 K  -0.0978 0.0733 0.1811 -0.9878 0.8078 0.3100 -0.2944
 654 G  -1.0000 -1.0000 -1.0000 -0.3800 -0.1989 -1.0000 -1.0000
 655 L  0.2367 -0.0733 -0.0100 0.6622 -0.2067 0.7933 -0.0589
 656 Y  0.4033 0.4633 0.6011 0.2089 -0.3044 -0.1722 0.5289
 657 L  0.2367 -0.0733 -0.0100 0.6622 -0.2067 0.7933 -0.0589
 658 T  0.4467 -0.4633 -0.3567 -0.2211 -0.3200 -0.4478 0.2356
 659 E  -0.2556 -0.2678 -0.0644 -0.7733 -0.9644 1.0000 -0.6467
 660 M  0.1222 0.0733 0.0967 0.3744 -0.2911 0.7244 -0.0011
 661 E  -0.2556 -0.2678 -0.0644 -0.7733 -0.9644 1.0000 -0.6467
 662 W  0.5322 1.0000 1.0000 1.0000 -0.2322 0.3100 0.5878
 663 M  0.1222 0.0733 0.0967 0.3744 -0.2911 0.7244 -0.0011
 664 S  -0.3744 -0.7078 -0.6044 -0.4044 -0.2944 -0.5178 -0.2356
 665 L  0.2367 -0.0733 -0.0100 0.6622 -0.2067 0.7933 -0.0589
 666 V  0.7522 -0.3167 -0.2578 0.3678 -0.2122 -0.0344 1.0000
 667 M  0.1222 0.0733 0.0967 0.3744 -0.2911 0.7244 -0.0011
 668 Y  0.4033 0.4633 0.6011 0.2089 -0.3044 -0.1722 0.5289
 669 N  -0.2367 -0.3656 -0.2700 -0.7489 -0.0833 -0.4478 -0.5878
