 1 A  -0.3889 -0.7556 -0.7522 -0.1900 -0.1889 1.0000 -0.5289
 2 P  0.2744 -1.0000 -0.3267 0.0611 -0.0111 -1.0000 0.1178
 3 M  0.1222 0.0733 0.0967 0.3744 -0.2911 0.7244 -0.0011
 4 K  -0.0978 0.0733 0.1811 -0.9878 0.8078 0.3100 -0.2944
 5 L  0.2367 -0.0733 -0.0100 0.6622 -0.2067 0.7933 -0.0589
 6 Y  0.4033 0.4633 0.6011 0.2089 -0.3044 -0.1722 0.5289
 7 G  -1.0000 -1.0000 -1.0000 -0.3800 -0.1989 -1.0000 -1.0000
 8 A  -0.3889 -0.7556 -0.7522 -0.1900 -0.1889 1.0000 -0.5289
 9 V  0.7522 -0.3167 -0.2578 0.3678 -0.2122 -0.0344 1.0000
 10 M  0.1222 0.0733 0.0967 0.3744 -0.2911 0.7244 -0.0011
 11 S  -0.3744 -0.7078 -0.6044 -0.4044 -0.2944 -0.5178 -0.2356
 12 W  0.5322 1.0000 1.0000 1.0000 -0.2322 0.3100 0.5878
 13 N  -0.2367 -0.3656 -0.2700 -0.7489 -0.0833 -0.4478 -0.5878
 14 L  0.2367 -0.0733 -0.0100 0.6622 -0.2067 0.7933 -0.0589
 15 T  0.4467 -0.4633 -0.3567 -0.2211 -0.3200 -0.4478 0.2356
 16 R  0.1167 0.4144 0.5178 -1.0000 1.0000 0.5867 -0.4122
 17 C  -0.1556 -0.3656 -0.3989 0.5644 -0.1267 -0.7244 0.5289
 18 A  -0.3889 -0.7556 -0.7522 -0.1900 -0.1889 1.0000 -0.5289
 19 T  0.4467 -0.4633 -0.3567 -0.2211 -0.3200 -0.4478 0.2356
 20 A  -0.3889 -0.7556 -0.7522 -0.1900 -0.1889 1.0000 -0.5289
 21 L  0.2367 -0.0733 -0.0100 0.6622 -0.2067 0.7933 -0.0589
 22 E  -0.2556 -0.2678 -0.0644 -0.7733 -0.9644 1.0000 -0.6467
 23 E  -0.2556 -0.2678 -0.0644 -0.7733 -0.9644 1.0000 -0.6467
 24 A  -0.3889 -0.7556 -0.7522 -0.1900 -0.1889 1.0000 -0.5289
 25 G  -1.0000 -1.0000 -1.0000 -0.3800 -0.1989 -1.0000 -1.0000
 26 S  -0.3744 -0.7078 -0.6044 -0.4044 -0.2944 -0.5178 -0.2356
 27 D  -0.2367 -0.4633 -0.3122 -0.8522 -1.0000 -0.1722 -0.7056
 28 Y  0.4033 0.4633 0.6011 0.2089 -0.3044 -0.1722 0.5289
 29 E  -0.2556 -0.2678 -0.0644 -0.7733 -0.9644 1.0000 -0.6467
 30 I  1.0000 -0.0733 -0.0100 0.7244 -0.2067 0.1722 0.7644
 31 V  0.7522 -0.3167 -0.2578 0.3678 -0.2122 -0.0344 1.0000
 32 P  0.2744 -1.0000 -0.3267 0.0611 -0.0111 -1.0000 0.1178
 33 I  1.0000 -0.0733 -0.0100 0.7244 -0.2067 0.1722 0.7644
 34 N  -0.2367 -0.3656 -0.2700 -0.7489 -0.0833 -0.4478 -0.5878
 35 F  0.4033 0.4144 0.4578 0.7178 -0.3022 0.1722 0.3533
 36 A  -0.3889 -0.7556 -0.7522 -0.1900 -0.1889 1.0000 -0.5289
 37 T  0.4467 -0.4633 -0.3567 -0.2211 -0.3200 -0.4478 0.2356
 38 A  -0.3889 -0.7556 -0.7522 -0.1900 -0.1889 1.0000 -0.5289
 39 E  -0.2556 -0.2678 -0.0644 -0.7733 -0.9644 1.0000 -0.6467
 40 H  0.4267 0.1222 0.1533 -0.3011 0.2167 -0.0344 -0.1178
 41 K  -0.0978 0.0733 0.1811 -0.9878 0.8078 0.3100 -0.2944
 42 S  -0.3744 -0.7078 -0.6044 -0.4044 -0.2944 -0.5178 -0.2356
 43 P  0.2744 -1.0000 -0.3267 0.0611 -0.0111 -1.0000 0.1178
 44 E  -0.2556 -0.2678 -0.0644 -0.7733 -0.9644 1.0000 -0.6467
 45 H  0.4267 0.1222 0.1533 -0.3011 0.2167 -0.0344 -0.1178
 46 L  0.2367 -0.0733 -0.0100 0.6622 -0.2067 0.7933 -0.0589
 47 V  0.7522 -0.3167 -0.2578 0.3678 -0.2122 -0.0344 1.0000
 48 R  0.1167 0.4144 0.5178 -1.0000 1.0000 0.5867 -0.4122
 49 N  -0.2367 -0.3656 -0.2700 -0.7489 -0.0833 -0.4478 -0.5878
 50 P  0.2744 -1.0000 -0.3267 0.0611 -0.0111 -1.0000 0.1178
 51 F  0.4033 0.4144 0.4578 0.7178 -0.3022 0.1722 0.3533
 52 G  -1.0000 -1.0000 -1.0000 -0.3800 -0.1989 -1.0000 -1.0000
 53 Q  -0.2556 -0.1222 -0.0222 -0.5156 -0.3067 0.5867 -0.4122
 54 V  0.7522 -0.3167 -0.2578 0.3678 -0.2122 -0.0344 1.0000
 55 P  0.2744 -1.0000 -0.3267 0.0611 -0.0111 -1.0000 0.1178
 56 A  -0.3889 -0.7556 -0.7522 -0.1900 -0.1889 1.0000 -0.5289
 57 L  0.2367 -0.0733 -0.0100 0.6622 -0.2067 0.7933 -0.0589
 58 Q  -0.2556 -0.1222 -0.0222 -0.5156 -0.3067 0.5867 -0.4122
 59 D  -0.2367 -0.4633 -0.3122 -0.8522 -1.0000 -0.1722 -0.7056
 60 G  -1.0000 -1.0000 -1.0000 -0.3800 -0.1989 -1.0000 -1.0000
 61 D  -0.2367 -0.4633 -0.3122 -0.8522 -1.0000 -0.1722 -0.7056
 62 L  0.2367 -0.0733 -0.0100 0.6622 -0.2067 0.7933 -0.0589
 63 Y  0.4033 0.4633 0.6011 0.2089 -0.3044 -0.1722 0.5289
 64 L  0.2367 -0.0733 -0.0100 0.6622 -0.2067 0.7933 -0.0589
 65 F  0.4033 0.4144 0.4578 0.7178 -0.3022 0.1722 0.3533
 66 E  -0.2556 -0.2678 -0.0644 -0.7733 -0.9644 1.0000 -0.6467
 67 S  -0.3744 -0.7078 -0.6044 -0.4044 -0.2944 -0.5178 -0.2356
 68 R  0.1167 0.4144 0.5178 -1.0000 1.0000 0.5867 -0.4122
 69 A  -0.3889 -0.7556 -0.7522 -0.1900 -0.1889 1.0000 -0.5289
 70 I  1.0000 -0.0733 -0.0100 0.7244 -0.2067 0.1722 0.7644
 71 C  -0.1556 -0.3656 -0.3989 0.5644 -0.1267 -0.7244 0.5289
 72 K  -0.0978 0.0733 0.1811 -0.9878 0.8078 0.3100 -0.2944
 73 Y  0.4033 0.4633 0.6011 0.2089 -0.3044 -0.1722 0.5289
 74 A  -0.3889 -0.7556 -0.7522 -0.1900 -0.1889 1.0000 -0.5289
 75 A  -0.3889 -0.7556 -0.7522 -0.1900 -0.1889 1.0000 -0.5289
 76 R  0.1167 0.4144 0.5178 -1.0000 1.0000 0.5867 -0.4122
 77 K  -0.0978 0.0733 0.1811 -0.9878 0.8078 0.3100 -0.2944
 78 N  -0.2367 -0.3656 -0.2700 -0.7489 -0.0833 -0.4478 -0.5878
 79 K  -0.0978 0.0733 0.1811 -0.9878 0.8078 0.3100 -0.2944
 80 P  0.2744 -1.0000 -0.3267 0.0611 -0.0111 -1.0000 0.1178
 81 E  -0.2556 -0.2678 -0.0644 -0.7733 -0.9644 1.0000 -0.6467
 82 L  0.2367 -0.0733 -0.0100 0.6622 -0.2067 0.7933 -0.0589
 83 L  0.2367 -0.0733 -0.0100 0.6622 -0.2067 0.7933 -0.0589
 84 R  0.1167 0.4144 0.5178 -1.0000 1.0000 0.5867 -0.4122
 85 E  -0.2556 -0.2678 -0.0644 -0.7733 -0.9644 1.0000 -0.6467
 86 G  -1.0000 -1.0000 -1.0000 -0.3800 -0.1989 -1.0000 -1.0000
 88 N  -0.2367 -0.3656 -0.2700 -0.7489 -0.0833 -0.4478 -0.5878
 89 L  0.2367 -0.0733 -0.0100 0.6622 -0.2067 0.7933 -0.0589
 90 E  -0.2556 -0.2678 -0.0644 -0.7733 -0.9644 1.0000 -0.6467
 91 E  -0.2556 -0.2678 -0.0644 -0.7733 -0.9644 1.0000 -0.6467
 92 A  -0.3889 -0.7556 -0.7522 -0.1900 -0.1889 1.0000 -0.5289
 93 A  -0.3889 -0.7556 -0.7522 -0.1900 -0.1889 1.0000 -0.5289
 94 M  0.1222 0.0733 0.0967 0.3744 -0.2911 0.7244 -0.0011
 95 V  0.7522 -0.3167 -0.2578 0.3678 -0.2122 -0.0344 1.0000
 96 D  -0.2367 -0.4633 -0.3122 -0.8522 -1.0000 -0.1722 -0.7056
 97 V  0.7522 -0.3167 -0.2578 0.3678 -0.2122 -0.0344 1.0000
 98 W  0.5322 1.0000 1.0000 1.0000 -0.2322 0.3100 0.5878
 99 I  1.0000 -0.0733 -0.0100 0.7244 -0.2067 0.1722 0.7644
 100 E  -0.2556 -0.2678 -0.0644 -0.7733 -0.9644 1.0000 -0.6467
 101 V  0.7522 -0.3167 -0.2578 0.3678 -0.2122 -0.0344 1.0000
 102 E  -0.2556 -0.2678 -0.0644 -0.7733 -0.9644 1.0000 -0.6467
 103 A  -0.3889 -0.7556 -0.7522 -0.1900 -0.1889 1.0000 -0.5289
 104 N  -0.2367 -0.3656 -0.2700 -0.7489 -0.0833 -0.4478 -0.5878
 105 Q  -0.2556 -0.1222 -0.0222 -0.5156 -0.3067 0.5867 -0.4122
 106 Y  0.4033 0.4633 0.6011 0.2089 -0.3044 -0.1722 0.5289
 107 T  0.4467 -0.4633 -0.3567 -0.2211 -0.3200 -0.4478 0.2356
 108 A  -0.3889 -0.7556 -0.7522 -0.1900 -0.1889 1.0000 -0.5289
 109 A  -0.3889 -0.7556 -0.7522 -0.1900 -0.1889 1.0000 -0.5289
 110 L  0.2367 -0.0733 -0.0100 0.6622 -0.2067 0.7933 -0.0589
 111 N  -0.2367 -0.3656 -0.2700 -0.7489 -0.0833 -0.4478 -0.5878
 112 P  0.2744 -1.0000 -0.3267 0.0611 -0.0111 -1.0000 0.1178
 113 I  1.0000 -0.0733 -0.0100 0.7244 -0.2067 0.1722 0.7644
 114 L  0.2367 -0.0733 -0.0100 0.6622 -0.2067 0.7933 -0.0589
 115 F  0.4033 0.4144 0.4578 0.7178 -0.3022 0.1722 0.3533
 116 Q  -0.2556 -0.1222 -0.0222 -0.5156 -0.3067 0.5867 -0.4122
 117 V  0.7522 -0.3167 -0.2578 0.3678 -0.2122 -0.0344 1.0000
 118 L  0.2367 -0.0733 -0.0100 0.6622 -0.2067 0.7933 -0.0589
 119 I  1.0000 -0.0733 -0.0100 0.7244 -0.2067 0.1722 0.7644
 120 S  -0.3744 -0.7078 -0.6044 -0.4044 -0.2944 -0.5178 -0.2356
 121 P  0.2744 -1.0000 -0.3267 0.0611 -0.0111 -1.0000 0.1178
 122 M  0.1222 0.0733 0.0967 0.3744 -0.2911 0.7244 -0.0011
 123 L  0.2367 -0.0733 -0.0100 0.6622 -0.2067 0.7933 -0.0589
 124 G  -1.0000 -1.0000 -1.0000 -0.3800 -0.1989 -1.0000 -1.0000
 125 G  -1.0000 -1.0000 -1.0000 -0.3800 -0.1989 -1.0000 -1.0000
 126 T  0.4467 -0.4633 -0.3567 -0.2211 -0.3200 -0.4478 0.2356
 127 T  0.4467 -0.4633 -0.3567 -0.2211 -0.3200 -0.4478 0.2356
 128 D  -0.2367 -0.4633 -0.3122 -0.8522 -1.0000 -0.1722 -0.7056
 129 Q  -0.2556 -0.1222 -0.0222 -0.5156 -0.3067 0.5867 -0.4122
 130 K  -0.0978 0.0733 0.1811 -0.9878 0.8078 0.3100 -0.2944
 131 V  0.7522 -0.3167 -0.2578 0.3678 -0.2122 -0.0344 1.0000
 132 V  0.7522 -0.3167 -0.2578 0.3678 -0.2122 -0.0344 1.0000
 133 D  -0.2367 -0.4633 -0.3122 -0.8522 -1.0000 -0.1722 -0.7056
 134 E  -0.2556 -0.2678 -0.0644 -0.7733 -0.9644 1.0000 -0.6467
 135 N  -0.2367 -0.3656 -0.2700 -0.7489 -0.0833 -0.4478 -0.5878
 136 L  0.2367 -0.0733 -0.0100 0.6622 -0.2067 0.7933 -0.0589
 137 E  -0.2556 -0.2678 -0.0644 -0.7733 -0.9644 1.0000 -0.6467
 138 K  -0.0978 0.0733 0.1811 -0.9878 0.8078 0.3100 -0.2944
 139 L  0.2367 -0.0733 -0.0100 0.6622 -0.2067 0.7933 -0.0589
 140 K  -0.0978 0.0733 0.1811 -0.9878 0.8078 0.3100 -0.2944
 141 K  -0.0978 0.0733 0.1811 -0.9878 0.8078 0.3100 -0.2944
 142 V  0.7522 -0.3167 -0.2578 0.3678 -0.2122 -0.0344 1.0000
 143 L  0.2367 -0.0733 -0.0100 0.6622 -0.2067 0.7933 -0.0589
 144 E  -0.2556 -0.2678 -0.0644 -0.7733 -0.9644 1.0000 -0.6467
 145 V  0.7522 -0.3167 -0.2578 0.3678 -0.2122 -0.0344 1.0000
 146 Y  0.4033 0.4633 0.6011 0.2089 -0.3044 -0.1722 0.5289
 147 E  -0.2556 -0.2678 -0.0644 -0.7733 -0.9644 1.0000 -0.6467
 148 A  -0.3889 -0.7556 -0.7522 -0.1900 -0.1889 1.0000 -0.5289
 149 R  0.1167 0.4144 0.5178 -1.0000 1.0000 0.5867 -0.4122
 150 L  0.2367 -0.0733 -0.0100 0.6622 -0.2067 0.7933 -0.0589
 151 T  0.4467 -0.4633 -0.3567 -0.2211 -0.3200 -0.4478 0.2356
 152 K  -0.0978 0.0733 0.1811 -0.9878 0.8078 0.3100 -0.2944
 153 C  -0.1556 -0.3656 -0.3989 0.5644 -0.1267 -0.7244 0.5289
 154 K  -0.0978 0.0733 0.1811 -0.9878 0.8078 0.3100 -0.2944
 155 Y  0.4033 0.4633 0.6011 0.2089 -0.3044 -0.1722 0.5289
 156 L  0.2367 -0.0733 -0.0100 0.6622 -0.2067 0.7933 -0.0589
 157 A  -0.3889 -0.7556 -0.7522 -0.1900 -0.1889 1.0000 -0.5289
 158 G  -1.0000 -1.0000 -1.0000 -0.3800 -0.1989 -1.0000 -1.0000
 159 D  -0.2367 -0.4633 -0.3122 -0.8522 -1.0000 -0.1722 -0.7056
 160 F  0.4033 0.4144 0.4578 0.7178 -0.3022 0.1722 0.3533
 161 L  0.2367 -0.0733 -0.0100 0.6622 -0.2067 0.7933 -0.0589
 162 S  -0.3744 -0.7078 -0.6044 -0.4044 -0.2944 -0.5178 -0.2356
 163 L  0.2367 -0.0733 -0.0100 0.6622 -0.2067 0.7933 -0.0589
 164 A  -0.3889 -0.7556 -0.7522 -0.1900 -0.1889 1.0000 -0.5289
 165 D  -0.2367 -0.4633 -0.3122 -0.8522 -1.0000 -0.1722 -0.7056
 166 L  0.2367 -0.0733 -0.0100 0.6622 -0.2067 0.7933 -0.0589
 167 N  -0.2367 -0.3656 -0.2700 -0.7489 -0.0833 -0.4478 -0.5878
 168 H  0.4267 0.1222 0.1533 -0.3011 0.2167 -0.0344 -0.1178
 169 V  0.7522 -0.3167 -0.2578 0.3678 -0.2122 -0.0344 1.0000
 170 S  -0.3744 -0.7078 -0.6044 -0.4044 -0.2944 -0.5178 -0.2356
 171 V  0.7522 -0.3167 -0.2578 0.3678 -0.2122 -0.0344 1.0000
 172 T  0.4467 -0.4633 -0.3567 -0.2211 -0.3200 -0.4478 0.2356
 173 L  0.2367 -0.0733 -0.0100 0.6622 -0.2067 0.7933 -0.0589
 174 C  -0.1556 -0.3656 -0.3989 0.5644 -0.1267 -0.7244 0.5289
 175 L  0.2367 -0.0733 -0.0100 0.6622 -0.2067 0.7933 -0.0589
 176 F  0.4033 0.4144 0.4578 0.7178 -0.3022 0.1722 0.3533
 177 A  -0.3889 -0.7556 -0.7522 -0.1900 -0.1889 1.0000 -0.5289
 178 T  0.4467 -0.4633 -0.3567 -0.2211 -0.3200 -0.4478 0.2356
 179 P  0.2744 -1.0000 -0.3267 0.0611 -0.0111 -1.0000 0.1178
 180 Y  0.4033 0.4633 0.6011 0.2089 -0.3044 -0.1722 0.5289
 181 A  -0.3889 -0.7556 -0.7522 -0.1900 -0.1889 1.0000 -0.5289
 182 S  -0.3744 -0.7078 -0.6044 -0.4044 -0.2944 -0.5178 -0.2356
 183 V  0.7522 -0.3167 -0.2578 0.3678 -0.2122 -0.0344 1.0000
 184 L  0.2367 -0.0733 -0.0100 0.6622 -0.2067 0.7933 -0.0589
 185 D  -0.2367 -0.4633 -0.3122 -0.8522 -1.0000 -0.1722 -0.7056
 186 A  -0.3889 -0.7556 -0.7522 -0.1900 -0.1889 1.0000 -0.5289
 187 Y  0.4033 0.4633 0.6011 0.2089 -0.3044 -0.1722 0.5289
 188 P  0.2744 -1.0000 -0.3267 0.0611 -0.0111 -1.0000 0.1178
 189 H  0.4267 0.1222 0.1533 -0.3011 0.2167 -0.0344 -0.1178
 190 V  0.7522 -0.3167 -0.2578 0.3678 -0.2122 -0.0344 1.0000
 191 K  -0.0978 0.0733 0.1811 -0.9878 0.8078 0.3100 -0.2944
 192 A  -0.3889 -0.7556 -0.7522 -0.1900 -0.1889 1.0000 -0.5289
 193 W  0.5322 1.0000 1.0000 1.0000 -0.2322 0.3100 0.5878
 194 W  0.5322 1.0000 1.0000 1.0000 -0.2322 0.3100 0.5878
 195 S  -0.3744 -0.7078 -0.6044 -0.4044 -0.2944 -0.5178 -0.2356
 196 G  -1.0000 -1.0000 -1.0000 -0.3800 -0.1989 -1.0000 -1.0000
 197 L  0.2367 -0.0733 -0.0100 0.6622 -0.2067 0.7933 -0.0589
 198 M  0.1222 0.0733 0.0967 0.3744 -0.2911 0.7244 -0.0011
 199 E  -0.2556 -0.2678 -0.0644 -0.7733 -0.9644 1.0000 -0.6467
 200 R  0.1167 0.4144 0.5178 -1.0000 1.0000 0.5867 -0.4122
 201 P  0.2744 -1.0000 -0.3267 0.0611 -0.0111 -1.0000 0.1178
 202 S  -0.3744 -0.7078 -0.6044 -0.4044 -0.2944 -0.5178 -0.2356
 203 V  0.7522 -0.3167 -0.2578 0.3678 -0.2122 -0.0344 1.0000
 204 Q  -0.2556 -0.1222 -0.0222 -0.5156 -0.3067 0.5867 -0.4122
 205 K  -0.0978 0.0733 0.1811 -0.9878 0.8078 0.3100 -0.2944
 206 V  0.7522 -0.3167 -0.2578 0.3678 -0.2122 -0.0344 1.0000
 207 A  -0.3889 -0.7556 -0.7522 -0.1900 -0.1889 1.0000 -0.5289
 208 A  -0.3889 -0.7556 -0.7522 -0.1900 -0.1889 1.0000 -0.5289
 209 L  0.2367 -0.0733 -0.0100 0.6622 -0.2067 0.7933 -0.0589
 210 M  0.1222 0.0733 0.0967 0.3744 -0.2911 0.7244 -0.0011
