 201 T  0.4467 -0.4633 -0.3567 -0.2211 -0.3200 -0.4478 0.2356
 202 P  0.2744 -1.0000 -0.3267 0.0611 -0.0111 -1.0000 0.1178
 203 F  0.4033 0.4144 0.4578 0.7178 -0.3022 0.1722 0.3533
 204 K  -0.0978 0.0733 0.1811 -0.9878 0.8078 0.3100 -0.2944
 205 I  1.0000 -0.0733 -0.0100 0.7244 -0.2067 0.1722 0.7644
 206 A  -0.3889 -0.7556 -0.7522 -0.1900 -0.1889 1.0000 -0.5289
 207 M  0.1222 0.0733 0.0967 0.3744 -0.2911 0.7244 -0.0011
 208 V  0.7522 -0.3167 -0.2578 0.3678 -0.2122 -0.0344 1.0000
 209 G  -1.0000 -1.0000 -1.0000 -0.3800 -0.1989 -1.0000 -1.0000
 210 R  0.1167 0.4144 0.5178 -1.0000 1.0000 0.5867 -0.4122
 211 Y  0.4033 0.4633 0.6011 0.2089 -0.3044 -0.1722 0.5289
 212 S  -0.3744 -0.7078 -0.6044 -0.4044 -0.2944 -0.5178 -0.2356
 213 N  -0.2367 -0.3656 -0.2700 -0.7489 -0.0833 -0.4478 -0.5878
 214 E  -0.2556 -0.2678 -0.0644 -0.7733 -0.9644 1.0000 -0.6467
 215 K  -0.0978 0.0733 0.1811 -0.9878 0.8078 0.3100 -0.2944
 216 N  -0.2367 -0.3656 -0.2700 -0.7489 -0.0833 -0.4478 -0.5878
 217 Q  -0.2556 -0.1222 -0.0222 -0.5156 -0.3067 0.5867 -0.4122
 218 S  -0.3744 -0.7078 -0.6044 -0.4044 -0.2944 -0.5178 -0.2356
 219 V  0.7522 -0.3167 -0.2578 0.3678 -0.2122 -0.0344 1.0000
 220 L  0.2367 -0.0733 -0.0100 0.6622 -0.2067 0.7933 -0.0589
 221 I  1.0000 -0.0733 -0.0100 0.7244 -0.2067 0.1722 0.7644
 222 K  -0.0978 0.0733 0.1811 -0.9878 0.8078 0.3100 -0.2944
 223 A  -0.3889 -0.7556 -0.7522 -0.1900 -0.1889 1.0000 -0.5289
 224 V  0.7522 -0.3167 -0.2578 0.3678 -0.2122 -0.0344 1.0000
 225 A  -0.3889 -0.7556 -0.7522 -0.1900 -0.1889 1.0000 -0.5289
 226 L  0.2367 -0.0733 -0.0100 0.6622 -0.2067 0.7933 -0.0589
 227 S  -0.3744 -0.7078 -0.6044 -0.4044 -0.2944 -0.5178 -0.2356
 228 K  -0.0978 0.0733 0.1811 -0.9878 0.8078 0.3100 -0.2944
 229 Y  0.4033 0.4633 0.6011 0.2089 -0.3044 -0.1722 0.5289
 230 K  -0.0978 0.0733 0.1811 -0.9878 0.8078 0.3100 -0.2944
 231 Q  -0.2556 -0.1222 -0.0222 -0.5156 -0.3067 0.5867 -0.4122
 232 D  -0.2367 -0.4633 -0.3122 -0.8522 -1.0000 -0.1722 -0.7056
 233 I  1.0000 -0.0733 -0.0100 0.7244 -0.2067 0.1722 0.7644
 234 V  0.7522 -0.3167 -0.2578 0.3678 -0.2122 -0.0344 1.0000
 235 L  0.2367 -0.0733 -0.0100 0.6622 -0.2067 0.7933 -0.0589
 236 L  0.2367 -0.0733 -0.0100 0.6622 -0.2067 0.7933 -0.0589
 237 L  0.2367 -0.0733 -0.0100 0.6622 -0.2067 0.7933 -0.0589
 238 K  -0.0978 0.0733 0.1811 -0.9878 0.8078 0.3100 -0.2944
 239 G  -1.0000 -1.0000 -1.0000 -0.3800 -0.1989 -1.0000 -1.0000
 240 K  -0.0978 0.0733 0.1811 -0.9878 0.8078 0.3100 -0.2944
 241 G  -1.0000 -1.0000 -1.0000 -0.3800 -0.1989 -1.0000 -1.0000
 242 P  0.2744 -1.0000 -0.3267 0.0611 -0.0111 -1.0000 0.1178
 243 D  -0.2367 -0.4633 -0.3122 -0.8522 -1.0000 -0.1722 -0.7056
 244 E  -0.2556 -0.2678 -0.0644 -0.7733 -0.9644 1.0000 -0.6467
 245 K  -0.0978 0.0733 0.1811 -0.9878 0.8078 0.3100 -0.2944
 246 K  -0.0978 0.0733 0.1811 -0.9878 0.8078 0.3100 -0.2944
 247 I  1.0000 -0.0733 -0.0100 0.7244 -0.2067 0.1722 0.7644
 248 K  -0.0978 0.0733 0.1811 -0.9878 0.8078 0.3100 -0.2944
 249 L  0.2367 -0.0733 -0.0100 0.6622 -0.2067 0.7933 -0.0589
 250 L  0.2367 -0.0733 -0.0100 0.6622 -0.2067 0.7933 -0.0589
 251 A  -0.3889 -0.7556 -0.7522 -0.1900 -0.1889 1.0000 -0.5289
 252 Q  -0.2556 -0.1222 -0.0222 -0.5156 -0.3067 0.5867 -0.4122
 253 K  -0.0978 0.0733 0.1811 -0.9878 0.8078 0.3100 -0.2944
 254 L  0.2367 -0.0733 -0.0100 0.6622 -0.2067 0.7933 -0.0589
 255 G  -1.0000 -1.0000 -1.0000 -0.3800 -0.1989 -1.0000 -1.0000
 256 V  0.7522 -0.3167 -0.2578 0.3678 -0.2122 -0.0344 1.0000
 257 K  -0.0978 0.0733 0.1811 -0.9878 0.8078 0.3100 -0.2944
 258 A  -0.3889 -0.7556 -0.7522 -0.1900 -0.1889 1.0000 -0.5289
 259 E  -0.2556 -0.2678 -0.0644 -0.7733 -0.9644 1.0000 -0.6467
 260 F  0.4033 0.4144 0.4578 0.7178 -0.3022 0.1722 0.3533
 261 G  -1.0000 -1.0000 -1.0000 -0.3800 -0.1989 -1.0000 -1.0000
 262 F  0.4033 0.4144 0.4578 0.7178 -0.3022 0.1722 0.3533
 263 V  0.7522 -0.3167 -0.2578 0.3678 -0.2122 -0.0344 1.0000
 264 N  -0.2367 -0.3656 -0.2700 -0.7489 -0.0833 -0.4478 -0.5878
 265 S  -0.3744 -0.7078 -0.6044 -0.4044 -0.2944 -0.5178 -0.2356
 266 N  -0.2367 -0.3656 -0.2700 -0.7489 -0.0833 -0.4478 -0.5878
 267 E  -0.2556 -0.2678 -0.0644 -0.7733 -0.9644 1.0000 -0.6467
 268 L  0.2367 -0.0733 -0.0100 0.6622 -0.2067 0.7933 -0.0589
 269 L  0.2367 -0.0733 -0.0100 0.6622 -0.2067 0.7933 -0.0589
 270 E  -0.2556 -0.2678 -0.0644 -0.7733 -0.9644 1.0000 -0.6467
 271 I  1.0000 -0.0733 -0.0100 0.7244 -0.2067 0.1722 0.7644
 272 L  0.2367 -0.0733 -0.0100 0.6622 -0.2067 0.7933 -0.0589
 273 K  -0.0978 0.0733 0.1811 -0.9878 0.8078 0.3100 -0.2944
 274 T  0.4467 -0.4633 -0.3567 -0.2211 -0.3200 -0.4478 0.2356
 275 C  -0.1556 -0.3656 -0.3989 0.5644 -0.1267 -0.7244 0.5289
 276 T  0.4467 -0.4633 -0.3567 -0.2211 -0.3200 -0.4478 0.2356
 277 L  0.2367 -0.0733 -0.0100 0.6622 -0.2067 0.7933 -0.0589
 278 Y  0.4033 0.4633 0.6011 0.2089 -0.3044 -0.1722 0.5289
 279 V  0.7522 -0.3167 -0.2578 0.3678 -0.2122 -0.0344 1.0000
 280 H  0.4267 0.1222 0.1533 -0.3011 0.2167 -0.0344 -0.1178
 281 A  -0.3889 -0.7556 -0.7522 -0.1900 -0.1889 1.0000 -0.5289
 282 A  -0.3889 -0.7556 -0.7522 -0.1900 -0.1889 1.0000 -0.5289
 283 N  -0.2367 -0.3656 -0.2700 -0.7489 -0.0833 -0.4478 -0.5878
 284 V  0.7522 -0.3167 -0.2578 0.3678 -0.2122 -0.0344 1.0000
 285 E  -0.2556 -0.2678 -0.0644 -0.7733 -0.9644 1.0000 -0.6467
 286 S  -0.3744 -0.7078 -0.6044 -0.4044 -0.2944 -0.5178 -0.2356
 287 E  -0.2556 -0.2678 -0.0644 -0.7733 -0.9644 1.0000 -0.6467
 288 A  -0.3889 -0.7556 -0.7522 -0.1900 -0.1889 1.0000 -0.5289
 289 I  1.0000 -0.0733 -0.0100 0.7244 -0.2067 0.1722 0.7644
 290 A  -0.3889 -0.7556 -0.7522 -0.1900 -0.1889 1.0000 -0.5289
 291 C  -0.1556 -0.3656 -0.3989 0.5644 -0.1267 -0.7244 0.5289
 292 L  0.2367 -0.0733 -0.0100 0.6622 -0.2067 0.7933 -0.0589
 293 E  -0.2556 -0.2678 -0.0644 -0.7733 -0.9644 1.0000 -0.6467
 294 A  -0.3889 -0.7556 -0.7522 -0.1900 -0.1889 1.0000 -0.5289
 295 I  1.0000 -0.0733 -0.0100 0.7244 -0.2067 0.1722 0.7644
 296 S  -0.3744 -0.7078 -0.6044 -0.4044 -0.2944 -0.5178 -0.2356
 297 V  0.7522 -0.3167 -0.2578 0.3678 -0.2122 -0.0344 1.0000
 298 G  -1.0000 -1.0000 -1.0000 -0.3800 -0.1989 -1.0000 -1.0000
 299 I  1.0000 -0.0733 -0.0100 0.7244 -0.2067 0.1722 0.7644
 300 V  0.7522 -0.3167 -0.2578 0.3678 -0.2122 -0.0344 1.0000
 301 P  0.2744 -1.0000 -0.3267 0.0611 -0.0111 -1.0000 0.1178
 302 V  0.7522 -0.3167 -0.2578 0.3678 -0.2122 -0.0344 1.0000
 303 I  1.0000 -0.0733 -0.0100 0.7244 -0.2067 0.1722 0.7644
 304 A  -0.3889 -0.7556 -0.7522 -0.1900 -0.1889 1.0000 -0.5289
 305 N  -0.2367 -0.3656 -0.2700 -0.7489 -0.0833 -0.4478 -0.5878
 306 S  -0.3744 -0.7078 -0.6044 -0.4044 -0.2944 -0.5178 -0.2356
 307 P  0.2744 -1.0000 -0.3267 0.0611 -0.0111 -1.0000 0.1178
 308 L  0.2367 -0.0733 -0.0100 0.6622 -0.2067 0.7933 -0.0589
 309 S  -0.3744 -0.7078 -0.6044 -0.4044 -0.2944 -0.5178 -0.2356
 310 A  -0.3889 -0.7556 -0.7522 -0.1900 -0.1889 1.0000 -0.5289
 311 T  0.4467 -0.4633 -0.3567 -0.2211 -0.3200 -0.4478 0.2356
 312 R  0.1167 0.4144 0.5178 -1.0000 1.0000 0.5867 -0.4122
 313 Q  -0.2556 -0.1222 -0.0222 -0.5156 -0.3067 0.5867 -0.4122
 314 F  0.4033 0.4144 0.4578 0.7178 -0.3022 0.1722 0.3533
 315 A  -0.3889 -0.7556 -0.7522 -0.1900 -0.1889 1.0000 -0.5289
 316 L  0.2367 -0.0733 -0.0100 0.6622 -0.2067 0.7933 -0.0589
 317 D  -0.2367 -0.4633 -0.3122 -0.8522 -1.0000 -0.1722 -0.7056
 318 E  -0.2556 -0.2678 -0.0644 -0.7733 -0.9644 1.0000 -0.6467
 319 R  0.1167 0.4144 0.5178 -1.0000 1.0000 0.5867 -0.4122
 320 S  -0.3744 -0.7078 -0.6044 -0.4044 -0.2944 -0.5178 -0.2356
 321 L  0.2367 -0.0733 -0.0100 0.6622 -0.2067 0.7933 -0.0589
 322 F  0.4033 0.4144 0.4578 0.7178 -0.3022 0.1722 0.3533
 323 E  -0.2556 -0.2678 -0.0644 -0.7733 -0.9644 1.0000 -0.6467
 324 P  0.2744 -1.0000 -0.3267 0.0611 -0.0111 -1.0000 0.1178
 325 N  -0.2367 -0.3656 -0.2700 -0.7489 -0.0833 -0.4478 -0.5878
 326 N  -0.2367 -0.3656 -0.2700 -0.7489 -0.0833 -0.4478 -0.5878
 327 A  -0.3889 -0.7556 -0.7522 -0.1900 -0.1889 1.0000 -0.5289
 328 K  -0.0978 0.0733 0.1811 -0.9878 0.8078 0.3100 -0.2944
 329 D  -0.2367 -0.4633 -0.3122 -0.8522 -1.0000 -0.1722 -0.7056
 330 L  0.2367 -0.0733 -0.0100 0.6622 -0.2067 0.7933 -0.0589
 331 S  -0.3744 -0.7078 -0.6044 -0.4044 -0.2944 -0.5178 -0.2356
 332 A  -0.3889 -0.7556 -0.7522 -0.1900 -0.1889 1.0000 -0.5289
 333 K  -0.0978 0.0733 0.1811 -0.9878 0.8078 0.3100 -0.2944
 334 I  1.0000 -0.0733 -0.0100 0.7244 -0.2067 0.1722 0.7644
 335 D  -0.2367 -0.4633 -0.3122 -0.8522 -1.0000 -0.1722 -0.7056
 336 W  0.5322 1.0000 1.0000 1.0000 -0.2322 0.3100 0.5878
 337 W  0.5322 1.0000 1.0000 1.0000 -0.2322 0.3100 0.5878
 338 L  0.2367 -0.0733 -0.0100 0.6622 -0.2067 0.7933 -0.0589
 339 E  -0.2556 -0.2678 -0.0644 -0.7733 -0.9644 1.0000 -0.6467
 340 N  -0.2367 -0.3656 -0.2700 -0.7489 -0.0833 -0.4478 -0.5878
 341 K  -0.0978 0.0733 0.1811 -0.9878 0.8078 0.3100 -0.2944
 342 L  0.2367 -0.0733 -0.0100 0.6622 -0.2067 0.7933 -0.0589
 343 E  -0.2556 -0.2678 -0.0644 -0.7733 -0.9644 1.0000 -0.6467
 344 R  0.1167 0.4144 0.5178 -1.0000 1.0000 0.5867 -0.4122
 345 E  -0.2556 -0.2678 -0.0644 -0.7733 -0.9644 1.0000 -0.6467
 346 R  0.1167 0.4144 0.5178 -1.0000 1.0000 0.5867 -0.4122
 347 M  0.1222 0.0733 0.0967 0.3744 -0.2911 0.7244 -0.0011
 348 Q  -0.2556 -0.1222 -0.0222 -0.5156 -0.3067 0.5867 -0.4122
 349 N  -0.2367 -0.3656 -0.2700 -0.7489 -0.0833 -0.4478 -0.5878
 350 E  -0.2556 -0.2678 -0.0644 -0.7733 -0.9644 1.0000 -0.6467
 351 Y  0.4033 0.4633 0.6011 0.2089 -0.3044 -0.1722 0.5289
 352 A  -0.3889 -0.7556 -0.7522 -0.1900 -0.1889 1.0000 -0.5289
 353 K  -0.0978 0.0733 0.1811 -0.9878 0.8078 0.3100 -0.2944
 354 S  -0.3744 -0.7078 -0.6044 -0.4044 -0.2944 -0.5178 -0.2356
 355 A  -0.3889 -0.7556 -0.7522 -0.1900 -0.1889 1.0000 -0.5289
 356 L  0.2367 -0.0733 -0.0100 0.6622 -0.2067 0.7933 -0.0589
 357 N  -0.2367 -0.3656 -0.2700 -0.7489 -0.0833 -0.4478 -0.5878
 358 Y  0.4033 0.4633 0.6011 0.2089 -0.3044 -0.1722 0.5289
 359 T  0.4467 -0.4633 -0.3567 -0.2211 -0.3200 -0.4478 0.2356
