 2 N  -0.2367 -0.3656 -0.2700 -0.7489 -0.0833 -0.4478 -0.5878
 3 L  0.2367 -0.0733 -0.0100 0.6622 -0.2067 0.7933 -0.0589
 4 K  -0.0978 0.0733 0.1811 -0.9878 0.8078 0.3100 -0.2944
 5 L  0.2367 -0.0733 -0.0100 0.6622 -0.2067 0.7933 -0.0589
 6 G  -1.0000 -1.0000 -1.0000 -0.3800 -0.1989 -1.0000 -1.0000
 7 F  0.4033 0.4144 0.4578 0.7178 -0.3022 0.1722 0.3533
 8 L  0.2367 -0.0733 -0.0100 0.6622 -0.2067 0.7933 -0.0589
 9 V  0.7522 -0.3167 -0.2578 0.3678 -0.2122 -0.0344 1.0000
 10 K  -0.0978 0.0733 0.1811 -0.9878 0.8078 0.3100 -0.2944
 11 Q  -0.2556 -0.1222 -0.0222 -0.5156 -0.3067 0.5867 -0.4122
 12 P  0.2744 -1.0000 -0.3267 0.0611 -0.0111 -1.0000 0.1178
 13 E  -0.2556 -0.2678 -0.0644 -0.7733 -0.9644 1.0000 -0.6467
 14 E  -0.2556 -0.2678 -0.0644 -0.7733 -0.9644 1.0000 -0.6467
 15 P  0.2744 -1.0000 -0.3267 0.0611 -0.0111 -1.0000 0.1178
 16 W  0.5322 1.0000 1.0000 1.0000 -0.2322 0.3100 0.5878
 17 F  0.4033 0.4144 0.4578 0.7178 -0.3022 0.1722 0.3533
 18 Q  -0.2556 -0.1222 -0.0222 -0.5156 -0.3067 0.5867 -0.4122
 19 T  0.4467 -0.4633 -0.3567 -0.2211 -0.3200 -0.4478 0.2356
 20 E  -0.2556 -0.2678 -0.0644 -0.7733 -0.9644 1.0000 -0.6467
 21 W  0.5322 1.0000 1.0000 1.0000 -0.2322 0.3100 0.5878
 22 K  -0.0978 0.0733 0.1811 -0.9878 0.8078 0.3100 -0.2944
 23 F  0.4033 0.4144 0.4578 0.7178 -0.3022 0.1722 0.3533
 24 A  -0.3889 -0.7556 -0.7522 -0.1900 -0.1889 1.0000 -0.5289
 25 D  -0.2367 -0.4633 -0.3122 -0.8522 -1.0000 -0.1722 -0.7056
 26 K  -0.0978 0.0733 0.1811 -0.9878 0.8078 0.3100 -0.2944
 27 A  -0.3889 -0.7556 -0.7522 -0.1900 -0.1889 1.0000 -0.5289
 28 G  -1.0000 -1.0000 -1.0000 -0.3800 -0.1989 -1.0000 -1.0000
 29 K  -0.0978 0.0733 0.1811 -0.9878 0.8078 0.3100 -0.2944
 30 D  -0.2367 -0.4633 -0.3122 -0.8522 -1.0000 -0.1722 -0.7056
 31 L  0.2367 -0.0733 -0.0100 0.6622 -0.2067 0.7933 -0.0589
 32 G  -1.0000 -1.0000 -1.0000 -0.3800 -0.1989 -1.0000 -1.0000
 33 F  0.4033 0.4144 0.4578 0.7178 -0.3022 0.1722 0.3533
 34 E  -0.2556 -0.2678 -0.0644 -0.7733 -0.9644 1.0000 -0.6467
 35 V  0.7522 -0.3167 -0.2578 0.3678 -0.2122 -0.0344 1.0000
 36 I  1.0000 -0.0733 -0.0100 0.7244 -0.2067 0.1722 0.7644
 37 K  -0.0978 0.0733 0.1811 -0.9878 0.8078 0.3100 -0.2944
 38 I  1.0000 -0.0733 -0.0100 0.7244 -0.2067 0.1722 0.7644
 39 A  -0.3889 -0.7556 -0.7522 -0.1900 -0.1889 1.0000 -0.5289
 40 V  0.7522 -0.3167 -0.2578 0.3678 -0.2122 -0.0344 1.0000
 41 P  0.2744 -1.0000 -0.3267 0.0611 -0.0111 -1.0000 0.1178
 42 D  -0.2367 -0.4633 -0.3122 -0.8522 -1.0000 -0.1722 -0.7056
 43 G  -1.0000 -1.0000 -1.0000 -0.3800 -0.1989 -1.0000 -1.0000
 44 E  -0.2556 -0.2678 -0.0644 -0.7733 -0.9644 1.0000 -0.6467
 45 K  -0.0978 0.0733 0.1811 -0.9878 0.8078 0.3100 -0.2944
 46 T  0.4467 -0.4633 -0.3567 -0.2211 -0.3200 -0.4478 0.2356
 47 L  0.2367 -0.0733 -0.0100 0.6622 -0.2067 0.7933 -0.0589
 48 N  -0.2367 -0.3656 -0.2700 -0.7489 -0.0833 -0.4478 -0.5878
 49 A  -0.3889 -0.7556 -0.7522 -0.1900 -0.1889 1.0000 -0.5289
 50 I  1.0000 -0.0733 -0.0100 0.7244 -0.2067 0.1722 0.7644
 51 D  -0.2367 -0.4633 -0.3122 -0.8522 -1.0000 -0.1722 -0.7056
 52 S  -0.3744 -0.7078 -0.6044 -0.4044 -0.2944 -0.5178 -0.2356
 53 L  0.2367 -0.0733 -0.0100 0.6622 -0.2067 0.7933 -0.0589
 54 A  -0.3889 -0.7556 -0.7522 -0.1900 -0.1889 1.0000 -0.5289
 55 A  -0.3889 -0.7556 -0.7522 -0.1900 -0.1889 1.0000 -0.5289
 56 S  -0.3744 -0.7078 -0.6044 -0.4044 -0.2944 -0.5178 -0.2356
 57 G  -1.0000 -1.0000 -1.0000 -0.3800 -0.1989 -1.0000 -1.0000
 58 A  -0.3889 -0.7556 -0.7522 -0.1900 -0.1889 1.0000 -0.5289
 59 K  -0.0978 0.0733 0.1811 -0.9878 0.8078 0.3100 -0.2944
 60 G  -1.0000 -1.0000 -1.0000 -0.3800 -0.1989 -1.0000 -1.0000
 61 F  0.4033 0.4144 0.4578 0.7178 -0.3022 0.1722 0.3533
 62 V  0.7522 -0.3167 -0.2578 0.3678 -0.2122 -0.0344 1.0000
 63 I  1.0000 -0.0733 -0.0100 0.7244 -0.2067 0.1722 0.7644
 64 C  -0.1556 -0.3656 -0.3989 0.5644 -0.1267 -0.7244 0.5289
 65 T  0.4467 -0.4633 -0.3567 -0.2211 -0.3200 -0.4478 0.2356
 66 P  0.2744 -1.0000 -0.3267 0.0611 -0.0111 -1.0000 0.1178
 67 D  -0.2367 -0.4633 -0.3122 -0.8522 -1.0000 -0.1722 -0.7056
 68 P  0.2744 -1.0000 -0.3267 0.0611 -0.0111 -1.0000 0.1178
 69 K  -0.0978 0.0733 0.1811 -0.9878 0.8078 0.3100 -0.2944
 70 L  0.2367 -0.0733 -0.0100 0.6622 -0.2067 0.7933 -0.0589
 71 G  -1.0000 -1.0000 -1.0000 -0.3800 -0.1989 -1.0000 -1.0000
 72 S  -0.3744 -0.7078 -0.6044 -0.4044 -0.2944 -0.5178 -0.2356
 73 A  -0.3889 -0.7556 -0.7522 -0.1900 -0.1889 1.0000 -0.5289
 74 I  1.0000 -0.0733 -0.0100 0.7244 -0.2067 0.1722 0.7644
 75 V  0.7522 -0.3167 -0.2578 0.3678 -0.2122 -0.0344 1.0000
 76 A  -0.3889 -0.7556 -0.7522 -0.1900 -0.1889 1.0000 -0.5289
 77 K  -0.0978 0.0733 0.1811 -0.9878 0.8078 0.3100 -0.2944
 78 A  -0.3889 -0.7556 -0.7522 -0.1900 -0.1889 1.0000 -0.5289
 79 R  0.1167 0.4144 0.5178 -1.0000 1.0000 0.5867 -0.4122
 80 G  -1.0000 -1.0000 -1.0000 -0.3800 -0.1989 -1.0000 -1.0000
 81 Y  0.4033 0.4633 0.6011 0.2089 -0.3044 -0.1722 0.5289
 82 D  -0.2367 -0.4633 -0.3122 -0.8522 -1.0000 -0.1722 -0.7056
 83 M  0.1222 0.0733 0.0967 0.3744 -0.2911 0.7244 -0.0011
 84 K  -0.0978 0.0733 0.1811 -0.9878 0.8078 0.3100 -0.2944
 85 V  0.7522 -0.3167 -0.2578 0.3678 -0.2122 -0.0344 1.0000
 86 I  1.0000 -0.0733 -0.0100 0.7244 -0.2067 0.1722 0.7644
 87 A  -0.3889 -0.7556 -0.7522 -0.1900 -0.1889 1.0000 -0.5289
 88 V  0.7522 -0.3167 -0.2578 0.3678 -0.2122 -0.0344 1.0000
 89 D  -0.2367 -0.4633 -0.3122 -0.8522 -1.0000 -0.1722 -0.7056
 90 D  -0.2367 -0.4633 -0.3122 -0.8522 -1.0000 -0.1722 -0.7056
 91 Q  -0.2556 -0.1222 -0.0222 -0.5156 -0.3067 0.5867 -0.4122
 92 F  0.4033 0.4144 0.4578 0.7178 -0.3022 0.1722 0.3533
 93 V  0.7522 -0.3167 -0.2578 0.3678 -0.2122 -0.0344 1.0000
 94 N  -0.2367 -0.3656 -0.2700 -0.7489 -0.0833 -0.4478 -0.5878
 95 A  -0.3889 -0.7556 -0.7522 -0.1900 -0.1889 1.0000 -0.5289
 96 K  -0.0978 0.0733 0.1811 -0.9878 0.8078 0.3100 -0.2944
 97 G  -1.0000 -1.0000 -1.0000 -0.3800 -0.1989 -1.0000 -1.0000
 98 K  -0.0978 0.0733 0.1811 -0.9878 0.8078 0.3100 -0.2944
 99 P  0.2744 -1.0000 -0.3267 0.0611 -0.0111 -1.0000 0.1178
 100 M  0.1222 0.0733 0.0967 0.3744 -0.2911 0.7244 -0.0011
 101 D  -0.2367 -0.4633 -0.3122 -0.8522 -1.0000 -0.1722 -0.7056
 102 T  0.4467 -0.4633 -0.3567 -0.2211 -0.3200 -0.4478 0.2356
 103 V  0.7522 -0.3167 -0.2578 0.3678 -0.2122 -0.0344 1.0000
 104 P  0.2744 -1.0000 -0.3267 0.0611 -0.0111 -1.0000 0.1178
 105 L  0.2367 -0.0733 -0.0100 0.6622 -0.2067 0.7933 -0.0589
 106 V  0.7522 -0.3167 -0.2578 0.3678 -0.2122 -0.0344 1.0000
 107 M  0.1222 0.0733 0.0967 0.3744 -0.2911 0.7244 -0.0011
 108 L  0.2367 -0.0733 -0.0100 0.6622 -0.2067 0.7933 -0.0589
 109 A  -0.3889 -0.7556 -0.7522 -0.1900 -0.1889 1.0000 -0.5289
 110 A  -0.3889 -0.7556 -0.7522 -0.1900 -0.1889 1.0000 -0.5289
 111 T  0.4467 -0.4633 -0.3567 -0.2211 -0.3200 -0.4478 0.2356
 112 K  -0.0978 0.0733 0.1811 -0.9878 0.8078 0.3100 -0.2944
 113 I  1.0000 -0.0733 -0.0100 0.7244 -0.2067 0.1722 0.7644
 114 G  -1.0000 -1.0000 -1.0000 -0.3800 -0.1989 -1.0000 -1.0000
 115 E  -0.2556 -0.2678 -0.0644 -0.7733 -0.9644 1.0000 -0.6467
 116 R  0.1167 0.4144 0.5178 -1.0000 1.0000 0.5867 -0.4122
 117 Q  -0.2556 -0.1222 -0.0222 -0.5156 -0.3067 0.5867 -0.4122
 118 G  -1.0000 -1.0000 -1.0000 -0.3800 -0.1989 -1.0000 -1.0000
 119 Q  -0.2556 -0.1222 -0.0222 -0.5156 -0.3067 0.5867 -0.4122
 120 E  -0.2556 -0.2678 -0.0644 -0.7733 -0.9644 1.0000 -0.6467
 121 L  0.2367 -0.0733 -0.0100 0.6622 -0.2067 0.7933 -0.0589
 122 Y  0.4033 0.4633 0.6011 0.2089 -0.3044 -0.1722 0.5289
 123 K  -0.0978 0.0733 0.1811 -0.9878 0.8078 0.3100 -0.2944
 124 E  -0.2556 -0.2678 -0.0644 -0.7733 -0.9644 1.0000 -0.6467
 125 M  0.1222 0.0733 0.0967 0.3744 -0.2911 0.7244 -0.0011
 126 Q  -0.2556 -0.1222 -0.0222 -0.5156 -0.3067 0.5867 -0.4122
 127 K  -0.0978 0.0733 0.1811 -0.9878 0.8078 0.3100 -0.2944
 128 R  0.1167 0.4144 0.5178 -1.0000 1.0000 0.5867 -0.4122
 129 G  -1.0000 -1.0000 -1.0000 -0.3800 -0.1989 -1.0000 -1.0000
 130 W  0.5322 1.0000 1.0000 1.0000 -0.2322 0.3100 0.5878
 131 D  -0.2367 -0.4633 -0.3122 -0.8522 -1.0000 -0.1722 -0.7056
 132 V  0.7522 -0.3167 -0.2578 0.3678 -0.2122 -0.0344 1.0000
 133 K  -0.0978 0.0733 0.1811 -0.9878 0.8078 0.3100 -0.2944
 134 E  -0.2556 -0.2678 -0.0644 -0.7733 -0.9644 1.0000 -0.6467
 135 S  -0.3744 -0.7078 -0.6044 -0.4044 -0.2944 -0.5178 -0.2356
 136 A  -0.3889 -0.7556 -0.7522 -0.1900 -0.1889 1.0000 -0.5289
 137 V  0.7522 -0.3167 -0.2578 0.3678 -0.2122 -0.0344 1.0000
 138 M  0.1222 0.0733 0.0967 0.3744 -0.2911 0.7244 -0.0011
 139 A  -0.3889 -0.7556 -0.7522 -0.1900 -0.1889 1.0000 -0.5289
 140 I  1.0000 -0.0733 -0.0100 0.7244 -0.2067 0.1722 0.7644
 141 T  0.4467 -0.4633 -0.3567 -0.2211 -0.3200 -0.4478 0.2356
 142 A  -0.3889 -0.7556 -0.7522 -0.1900 -0.1889 1.0000 -0.5289
 143 N  -0.2367 -0.3656 -0.2700 -0.7489 -0.0833 -0.4478 -0.5878
 144 E  -0.2556 -0.2678 -0.0644 -0.7733 -0.9644 1.0000 -0.6467
 145 L  0.2367 -0.0733 -0.0100 0.6622 -0.2067 0.7933 -0.0589
 146 D  -0.2367 -0.4633 -0.3122 -0.8522 -1.0000 -0.1722 -0.7056
 147 T  0.4467 -0.4633 -0.3567 -0.2211 -0.3200 -0.4478 0.2356
 148 A  -0.3889 -0.7556 -0.7522 -0.1900 -0.1889 1.0000 -0.5289
 149 R  0.1167 0.4144 0.5178 -1.0000 1.0000 0.5867 -0.4122
 150 R  0.1167 0.4144 0.5178 -1.0000 1.0000 0.5867 -0.4122
 151 R  0.1167 0.4144 0.5178 -1.0000 1.0000 0.5867 -0.4122
 152 T  0.4467 -0.4633 -0.3567 -0.2211 -0.3200 -0.4478 0.2356
 153 T  0.4467 -0.4633 -0.3567 -0.2211 -0.3200 -0.4478 0.2356
 154 G  -1.0000 -1.0000 -1.0000 -0.3800 -0.1989 -1.0000 -1.0000
 155 S  -0.3744 -0.7078 -0.6044 -0.4044 -0.2944 -0.5178 -0.2356
 156 M  0.1222 0.0733 0.0967 0.3744 -0.2911 0.7244 -0.0011
 157 D  -0.2367 -0.4633 -0.3122 -0.8522 -1.0000 -0.1722 -0.7056
 158 A  -0.3889 -0.7556 -0.7522 -0.1900 -0.1889 1.0000 -0.5289
 159 L  0.2367 -0.0733 -0.0100 0.6622 -0.2067 0.7933 -0.0589
 160 K  -0.0978 0.0733 0.1811 -0.9878 0.8078 0.3100 -0.2944
 161 A  -0.3889 -0.7556 -0.7522 -0.1900 -0.1889 1.0000 -0.5289
 162 A  -0.3889 -0.7556 -0.7522 -0.1900 -0.1889 1.0000 -0.5289
 163 G  -1.0000 -1.0000 -1.0000 -0.3800 -0.1989 -1.0000 -1.0000
 164 F  0.4033 0.4144 0.4578 0.7178 -0.3022 0.1722 0.3533
 165 P  0.2744 -1.0000 -0.3267 0.0611 -0.0111 -1.0000 0.1178
 166 E  -0.2556 -0.2678 -0.0644 -0.7733 -0.9644 1.0000 -0.6467
 167 K  -0.0978 0.0733 0.1811 -0.9878 0.8078 0.3100 -0.2944
 168 Q  -0.2556 -0.1222 -0.0222 -0.5156 -0.3067 0.5867 -0.4122
 169 I  1.0000 -0.0733 -0.0100 0.7244 -0.2067 0.1722 0.7644
 170 Y  0.4033 0.4633 0.6011 0.2089 -0.3044 -0.1722 0.5289
 171 Q  -0.2556 -0.1222 -0.0222 -0.5156 -0.3067 0.5867 -0.4122
 172 V  0.7522 -0.3167 -0.2578 0.3678 -0.2122 -0.0344 1.0000
 173 P  0.2744 -1.0000 -0.3267 0.0611 -0.0111 -1.0000 0.1178
 174 T  0.4467 -0.4633 -0.3567 -0.2211 -0.3200 -0.4478 0.2356
 175 K  -0.0978 0.0733 0.1811 -0.9878 0.8078 0.3100 -0.2944
 176 S  -0.3744 -0.7078 -0.6044 -0.4044 -0.2944 -0.5178 -0.2356
 177 N  -0.2367 -0.3656 -0.2700 -0.7489 -0.0833 -0.4478 -0.5878
 178 D  -0.2367 -0.4633 -0.3122 -0.8522 -1.0000 -0.1722 -0.7056
 179 I  1.0000 -0.0733 -0.0100 0.7244 -0.2067 0.1722 0.7644
 180 P  0.2744 -1.0000 -0.3267 0.0611 -0.0111 -1.0000 0.1178
 181 G  -1.0000 -1.0000 -1.0000 -0.3800 -0.1989 -1.0000 -1.0000
 182 A  -0.3889 -0.7556 -0.7522 -0.1900 -0.1889 1.0000 -0.5289
 183 F  0.4033 0.4144 0.4578 0.7178 -0.3022 0.1722 0.3533
 184 D  -0.2367 -0.4633 -0.3122 -0.8522 -1.0000 -0.1722 -0.7056
 185 A  -0.3889 -0.7556 -0.7522 -0.1900 -0.1889 1.0000 -0.5289
 186 A  -0.3889 -0.7556 -0.7522 -0.1900 -0.1889 1.0000 -0.5289
 187 N  -0.2367 -0.3656 -0.2700 -0.7489 -0.0833 -0.4478 -0.5878
 188 S  -0.3744 -0.7078 -0.6044 -0.4044 -0.2944 -0.5178 -0.2356
 189 M  0.1222 0.0733 0.0967 0.3744 -0.2911 0.7244 -0.0011
 190 L  0.2367 -0.0733 -0.0100 0.6622 -0.2067 0.7933 -0.0589
 191 V  0.7522 -0.3167 -0.2578 0.3678 -0.2122 -0.0344 1.0000
 192 Q  -0.2556 -0.1222 -0.0222 -0.5156 -0.3067 0.5867 -0.4122
 193 H  0.4267 0.1222 0.1533 -0.3011 0.2167 -0.0344 -0.1178
 194 P  0.2744 -1.0000 -0.3267 0.0611 -0.0111 -1.0000 0.1178
 195 E  -0.2556 -0.2678 -0.0644 -0.7733 -0.9644 1.0000 -0.6467
 196 V  0.7522 -0.3167 -0.2578 0.3678 -0.2122 -0.0344 1.0000
 197 K  -0.0978 0.0733 0.1811 -0.9878 0.8078 0.3100 -0.2944
 198 H  0.4267 0.1222 0.1533 -0.3011 0.2167 -0.0344 -0.1178
 199 W  0.5322 1.0000 1.0000 1.0000 -0.2322 0.3100 0.5878
 200 L  0.2367 -0.0733 -0.0100 0.6622 -0.2067 0.7933 -0.0589
 201 I  1.0000 -0.0733 -0.0100 0.7244 -0.2067 0.1722 0.7644
 202 V  0.7522 -0.3167 -0.2578 0.3678 -0.2122 -0.0344 1.0000
 203 G  -1.0000 -1.0000 -1.0000 -0.3800 -0.1989 -1.0000 -1.0000
 204 M  0.1222 0.0733 0.0967 0.3744 -0.2911 0.7244 -0.0011
 205 N  -0.2367 -0.3656 -0.2700 -0.7489 -0.0833 -0.4478 -0.5878
 206 D  -0.2367 -0.4633 -0.3122 -0.8522 -1.0000 -0.1722 -0.7056
 207 S  -0.3744 -0.7078 -0.6044 -0.4044 -0.2944 -0.5178 -0.2356
 208 T  0.4467 -0.4633 -0.3567 -0.2211 -0.3200 -0.4478 0.2356
 209 V  0.7522 -0.3167 -0.2578 0.3678 -0.2122 -0.0344 1.0000
 210 L  0.2367 -0.0733 -0.0100 0.6622 -0.2067 0.7933 -0.0589
 211 G  -1.0000 -1.0000 -1.0000 -0.3800 -0.1989 -1.0000 -1.0000
 212 G  -1.0000 -1.0000 -1.0000 -0.3800 -0.1989 -1.0000 -1.0000
 213 V  0.7522 -0.3167 -0.2578 0.3678 -0.2122 -0.0344 1.0000
 214 R  0.1167 0.4144 0.5178 -1.0000 1.0000 0.5867 -0.4122
 215 A  -0.3889 -0.7556 -0.7522 -0.1900 -0.1889 1.0000 -0.5289
 216 T  0.4467 -0.4633 -0.3567 -0.2211 -0.3200 -0.4478 0.2356
 217 E  -0.2556 -0.2678 -0.0644 -0.7733 -0.9644 1.0000 -0.6467
 218 G  -1.0000 -1.0000 -1.0000 -0.3800 -0.1989 -1.0000 -1.0000
 219 Q  -0.2556 -0.1222 -0.0222 -0.5156 -0.3067 0.5867 -0.4122
 220 G  -1.0000 -1.0000 -1.0000 -0.3800 -0.1989 -1.0000 -1.0000
 221 F  0.4033 0.4144 0.4578 0.7178 -0.3022 0.1722 0.3533
 222 K  -0.0978 0.0733 0.1811 -0.9878 0.8078 0.3100 -0.2944
 223 A  -0.3889 -0.7556 -0.7522 -0.1900 -0.1889 1.0000 -0.5289
 224 A  -0.3889 -0.7556 -0.7522 -0.1900 -0.1889 1.0000 -0.5289
 225 D  -0.2367 -0.4633 -0.3122 -0.8522 -1.0000 -0.1722 -0.7056
 226 I  1.0000 -0.0733 -0.0100 0.7244 -0.2067 0.1722 0.7644
 227 I  1.0000 -0.0733 -0.0100 0.7244 -0.2067 0.1722 0.7644
 228 G  -1.0000 -1.0000 -1.0000 -0.3800 -0.1989 -1.0000 -1.0000
 229 I  1.0000 -0.0733 -0.0100 0.7244 -0.2067 0.1722 0.7644
 230 G  -1.0000 -1.0000 -1.0000 -0.3800 -0.1989 -1.0000 -1.0000
 231 I  1.0000 -0.0733 -0.0100 0.7244 -0.2067 0.1722 0.7644
 232 N  -0.2367 -0.3656 -0.2700 -0.7489 -0.0833 -0.4478 -0.5878
 233 G  -1.0000 -1.0000 -1.0000 -0.3800 -0.1989 -1.0000 -1.0000
 234 V  0.7522 -0.3167 -0.2578 0.3678 -0.2122 -0.0344 1.0000
 235 D  -0.2367 -0.4633 -0.3122 -0.8522 -1.0000 -0.1722 -0.7056
 236 A  -0.3889 -0.7556 -0.7522 -0.1900 -0.1889 1.0000 -0.5289
 237 V  0.7522 -0.3167 -0.2578 0.3678 -0.2122 -0.0344 1.0000
 238 S  -0.3744 -0.7078 -0.6044 -0.4044 -0.2944 -0.5178 -0.2356
 239 E  -0.2556 -0.2678 -0.0644 -0.7733 -0.9644 1.0000 -0.6467
 240 L  0.2367 -0.0733 -0.0100 0.6622 -0.2067 0.7933 -0.0589
 241 S  -0.3744 -0.7078 -0.6044 -0.4044 -0.2944 -0.5178 -0.2356
 242 K  -0.0978 0.0733 0.1811 -0.9878 0.8078 0.3100 -0.2944
 243 A  -0.3889 -0.7556 -0.7522 -0.1900 -0.1889 1.0000 -0.5289
 244 Q  -0.2556 -0.1222 -0.0222 -0.5156 -0.3067 0.5867 -0.4122
 245 A  -0.3889 -0.7556 -0.7522 -0.1900 -0.1889 1.0000 -0.5289
 246 T  0.4467 -0.4633 -0.3567 -0.2211 -0.3200 -0.4478 0.2356
 247 G  -1.0000 -1.0000 -1.0000 -0.3800 -0.1989 -1.0000 -1.0000
 248 F  0.4033 0.4144 0.4578 0.7178 -0.3022 0.1722 0.3533
 249 Y  0.4033 0.4633 0.6011 0.2089 -0.3044 -0.1722 0.5289
 250 G  -1.0000 -1.0000 -1.0000 -0.3800 -0.1989 -1.0000 -1.0000
 251 S  -0.3744 -0.7078 -0.6044 -0.4044 -0.2944 -0.5178 -0.2356
 252 L  0.2367 -0.0733 -0.0100 0.6622 -0.2067 0.7933 -0.0589
 253 L  0.2367 -0.0733 -0.0100 0.6622 -0.2067 0.7933 -0.0589
 254 P  0.2744 -1.0000 -0.3267 0.0611 -0.0111 -1.0000 0.1178
 255 S  -0.3744 -0.7078 -0.6044 -0.4044 -0.2944 -0.5178 -0.2356
 256 P  0.2744 -1.0000 -0.3267 0.0611 -0.0111 -1.0000 0.1178
 257 D  -0.2367 -0.4633 -0.3122 -0.8522 -1.0000 -0.1722 -0.7056
 258 V  0.7522 -0.3167 -0.2578 0.3678 -0.2122 -0.0344 1.0000
 259 H  0.4267 0.1222 0.1533 -0.3011 0.2167 -0.0344 -0.1178
 260 G  -1.0000 -1.0000 -1.0000 -0.3800 -0.1989 -1.0000 -1.0000
 261 Y  0.4033 0.4633 0.6011 0.2089 -0.3044 -0.1722 0.5289
 262 K  -0.0978 0.0733 0.1811 -0.9878 0.8078 0.3100 -0.2944
 263 S  -0.3744 -0.7078 -0.6044 -0.4044 -0.2944 -0.5178 -0.2356
 264 S  -0.3744 -0.7078 -0.6044 -0.4044 -0.2944 -0.5178 -0.2356
 265 E  -0.2556 -0.2678 -0.0644 -0.7733 -0.9644 1.0000 -0.6467
 266 M  0.1222 0.0733 0.0967 0.3744 -0.2911 0.7244 -0.0011
 267 L  0.2367 -0.0733 -0.0100 0.6622 -0.2067 0.7933 -0.0589
 268 Y  0.4033 0.4633 0.6011 0.2089 -0.3044 -0.1722 0.5289
 269 N  -0.2367 -0.3656 -0.2700 -0.7489 -0.0833 -0.4478 -0.5878
 270 W  0.5322 1.0000 1.0000 1.0000 -0.2322 0.3100 0.5878
 271 V  0.7522 -0.3167 -0.2578 0.3678 -0.2122 -0.0344 1.0000
 272 A  -0.3889 -0.7556 -0.7522 -0.1900 -0.1889 1.0000 -0.5289
 273 K  -0.0978 0.0733 0.1811 -0.9878 0.8078 0.3100 -0.2944
 274 D  -0.2367 -0.4633 -0.3122 -0.8522 -1.0000 -0.1722 -0.7056
 275 V  0.7522 -0.3167 -0.2578 0.3678 -0.2122 -0.0344 1.0000
 276 E  -0.2556 -0.2678 -0.0644 -0.7733 -0.9644 1.0000 -0.6467
 277 P  0.2744 -1.0000 -0.3267 0.0611 -0.0111 -1.0000 0.1178
 278 P  0.2744 -1.0000 -0.3267 0.0611 -0.0111 -1.0000 0.1178
 279 K  -0.0978 0.0733 0.1811 -0.9878 0.8078 0.3100 -0.2944
 280 F  0.4033 0.4144 0.4578 0.7178 -0.3022 0.1722 0.3533
 281 T  0.4467 -0.4633 -0.3567 -0.2211 -0.3200 -0.4478 0.2356
 282 E  -0.2556 -0.2678 -0.0644 -0.7733 -0.9644 1.0000 -0.6467
 283 V  0.7522 -0.3167 -0.2578 0.3678 -0.2122 -0.0344 1.0000
 284 T  0.4467 -0.4633 -0.3567 -0.2211 -0.3200 -0.4478 0.2356
 285 D  -0.2367 -0.4633 -0.3122 -0.8522 -1.0000 -0.1722 -0.7056
 286 V  0.7522 -0.3167 -0.2578 0.3678 -0.2122 -0.0344 1.0000
 287 V  0.7522 -0.3167 -0.2578 0.3678 -0.2122 -0.0344 1.0000
 288 L  0.2367 -0.0733 -0.0100 0.6622 -0.2067 0.7933 -0.0589
 289 I  1.0000 -0.0733 -0.0100 0.7244 -0.2067 0.1722 0.7644
 290 T  0.4467 -0.4633 -0.3567 -0.2211 -0.3200 -0.4478 0.2356
 291 R  0.1167 0.4144 0.5178 -1.0000 1.0000 0.5867 -0.4122
 292 D  -0.2367 -0.4633 -0.3122 -0.8522 -1.0000 -0.1722 -0.7056
 293 N  -0.2367 -0.3656 -0.2700 -0.7489 -0.0833 -0.4478 -0.5878
 294 F  0.4033 0.4144 0.4578 0.7178 -0.3022 0.1722 0.3533
 295 K  -0.0978 0.0733 0.1811 -0.9878 0.8078 0.3100 -0.2944
 296 E  -0.2556 -0.2678 -0.0644 -0.7733 -0.9644 1.0000 -0.6467
 297 E  -0.2556 -0.2678 -0.0644 -0.7733 -0.9644 1.0000 -0.6467
 298 L  0.2367 -0.0733 -0.0100 0.6622 -0.2067 0.7933 -0.0589
 299 E  -0.2556 -0.2678 -0.0644 -0.7733 -0.9644 1.0000 -0.6467
 300 K  -0.0978 0.0733 0.1811 -0.9878 0.8078 0.3100 -0.2944
 301 K  -0.0978 0.0733 0.1811 -0.9878 0.8078 0.3100 -0.2944
 302 G  -1.0000 -1.0000 -1.0000 -0.3800 -0.1989 -1.0000 -1.0000
 303 L  0.2367 -0.0733 -0.0100 0.6622 -0.2067 0.7933 -0.0589
 304 G  -1.0000 -1.0000 -1.0000 -0.3800 -0.1989 -1.0000 -1.0000
 305 G  -1.0000 -1.0000 -1.0000 -0.3800 -0.1989 -1.0000 -1.0000
 306 K  -0.0978 0.0733 0.1811 -0.9878 0.8078 0.3100 -0.2944
