 1182 R  0.1167 0.4144 0.5178 -1.0000 1.0000 0.5867 -0.4122
 1183 L  0.2367 -0.0733 -0.0100 0.6622 -0.2067 0.7933 -0.0589
 1184 A  -0.3889 -0.7556 -0.7522 -0.1900 -0.1889 1.0000 -0.5289
 1185 E  -0.2556 -0.2678 -0.0644 -0.7733 -0.9644 1.0000 -0.6467
 1186 L  0.2367 -0.0733 -0.0100 0.6622 -0.2067 0.7933 -0.0589
 1187 E  -0.2556 -0.2678 -0.0644 -0.7733 -0.9644 1.0000 -0.6467
 1188 E  -0.2556 -0.2678 -0.0644 -0.7733 -0.9644 1.0000 -0.6467
 1189 F  0.4033 0.4144 0.4578 0.7178 -0.3022 0.1722 0.3533
 1190 I  1.0000 -0.0733 -0.0100 0.7244 -0.2067 0.1722 0.7644
 1191 N  -0.2367 -0.3656 -0.2700 -0.7489 -0.0833 -0.4478 -0.5878
 1192 G  -1.0000 -1.0000 -1.0000 -0.3800 -0.1989 -1.0000 -1.0000
 1193 P  0.2744 -1.0000 -0.3267 0.0611 -0.0111 -1.0000 0.1178
 ! !  -1.0000 -1.0000 -1.0000 -1.0000 -1.0000 -1.0000 -1.0000
 1210 M  0.1222 0.0733 0.0967 0.3744 -0.2911 0.7244 -0.0011
 1211 Y  0.4033 0.4633 0.6011 0.2089 -0.3044 -0.1722 0.5289
 1212 D  -0.2367 -0.4633 -0.3122 -0.8522 -1.0000 -0.1722 -0.7056
 1213 A  -0.3889 -0.7556 -0.7522 -0.1900 -0.1889 1.0000 -0.5289
 1214 A  -0.3889 -0.7556 -0.7522 -0.1900 -0.1889 1.0000 -0.5289
 1215 K  -0.0978 0.0733 0.1811 -0.9878 0.8078 0.3100 -0.2944
 1216 L  0.2367 -0.0733 -0.0100 0.6622 -0.2067 0.7933 -0.0589
 1217 L  0.2367 -0.0733 -0.0100 0.6622 -0.2067 0.7933 -0.0589
 1218 Y  0.4033 0.4633 0.6011 0.2089 -0.3044 -0.1722 0.5289
 1219 N  -0.2367 -0.3656 -0.2700 -0.7489 -0.0833 -0.4478 -0.5878
 1220 N  -0.2367 -0.3656 -0.2700 -0.7489 -0.0833 -0.4478 -0.5878
 1221 V  0.7522 -0.3167 -0.2578 0.3678 -0.2122 -0.0344 1.0000
 1222 S  -0.3744 -0.7078 -0.6044 -0.4044 -0.2944 -0.5178 -0.2356
 1223 N  -0.2367 -0.3656 -0.2700 -0.7489 -0.0833 -0.4478 -0.5878
 1224 F  0.4033 0.4144 0.4578 0.7178 -0.3022 0.1722 0.3533
 1225 G  -1.0000 -1.0000 -1.0000 -0.3800 -0.1989 -1.0000 -1.0000
 1226 R  0.1167 0.4144 0.5178 -1.0000 1.0000 0.5867 -0.4122
 1227 L  0.2367 -0.0733 -0.0100 0.6622 -0.2067 0.7933 -0.0589
 1228 A  -0.3889 -0.7556 -0.7522 -0.1900 -0.1889 1.0000 -0.5289
 1229 S  -0.3744 -0.7078 -0.6044 -0.4044 -0.2944 -0.5178 -0.2356
 1230 T  0.4467 -0.4633 -0.3567 -0.2211 -0.3200 -0.4478 0.2356
 1231 L  0.2367 -0.0733 -0.0100 0.6622 -0.2067 0.7933 -0.0589
 1232 V  0.7522 -0.3167 -0.2578 0.3678 -0.2122 -0.0344 1.0000
 1233 H  0.4267 0.1222 0.1533 -0.3011 0.2167 -0.0344 -0.1178
 1234 L  0.2367 -0.0733 -0.0100 0.6622 -0.2067 0.7933 -0.0589
 1235 G  -1.0000 -1.0000 -1.0000 -0.3800 -0.1989 -1.0000 -1.0000
 1236 E  -0.2556 -0.2678 -0.0644 -0.7733 -0.9644 1.0000 -0.6467
 1237 Y  0.4033 0.4633 0.6011 0.2089 -0.3044 -0.1722 0.5289
 1238 Q  -0.2556 -0.1222 -0.0222 -0.5156 -0.3067 0.5867 -0.4122
 1239 A  -0.3889 -0.7556 -0.7522 -0.1900 -0.1889 1.0000 -0.5289
 1240 A  -0.3889 -0.7556 -0.7522 -0.1900 -0.1889 1.0000 -0.5289
 1241 V  0.7522 -0.3167 -0.2578 0.3678 -0.2122 -0.0344 1.0000
 1242 D  -0.2367 -0.4633 -0.3122 -0.8522 -1.0000 -0.1722 -0.7056
 1243 G  -1.0000 -1.0000 -1.0000 -0.3800 -0.1989 -1.0000 -1.0000
 1244 A  -0.3889 -0.7556 -0.7522 -0.1900 -0.1889 1.0000 -0.5289
 1245 R  0.1167 0.4144 0.5178 -1.0000 1.0000 0.5867 -0.4122
 1246 K  -0.0978 0.0733 0.1811 -0.9878 0.8078 0.3100 -0.2944
 1247 A  -0.3889 -0.7556 -0.7522 -0.1900 -0.1889 1.0000 -0.5289
 1248 N  -0.2367 -0.3656 -0.2700 -0.7489 -0.0833 -0.4478 -0.5878
 1249 S  -0.3744 -0.7078 -0.6044 -0.4044 -0.2944 -0.5178 -0.2356
 1250 T  0.4467 -0.4633 -0.3567 -0.2211 -0.3200 -0.4478 0.2356
 1251 R  0.1167 0.4144 0.5178 -1.0000 1.0000 0.5867 -0.4122
 1252 T  0.4467 -0.4633 -0.3567 -0.2211 -0.3200 -0.4478 0.2356
 1253 W  0.5322 1.0000 1.0000 1.0000 -0.2322 0.3100 0.5878
 1254 K  -0.0978 0.0733 0.1811 -0.9878 0.8078 0.3100 -0.2944
 1255 E  -0.2556 -0.2678 -0.0644 -0.7733 -0.9644 1.0000 -0.6467
 1256 V  0.7522 -0.3167 -0.2578 0.3678 -0.2122 -0.0344 1.0000
 1257 C  -0.1556 -0.3656 -0.3989 0.5644 -0.1267 -0.7244 0.5289
 1258 F  0.4033 0.4144 0.4578 0.7178 -0.3022 0.1722 0.3533
 1259 A  -0.3889 -0.7556 -0.7522 -0.1900 -0.1889 1.0000 -0.5289
 1260 C  -0.1556 -0.3656 -0.3989 0.5644 -0.1267 -0.7244 0.5289
 1261 V  0.7522 -0.3167 -0.2578 0.3678 -0.2122 -0.0344 1.0000
 1262 D  -0.2367 -0.4633 -0.3122 -0.8522 -1.0000 -0.1722 -0.7056
 1263 G  -1.0000 -1.0000 -1.0000 -0.3800 -0.1989 -1.0000 -1.0000
 1264 K  -0.0978 0.0733 0.1811 -0.9878 0.8078 0.3100 -0.2944
 1265 E  -0.2556 -0.2678 -0.0644 -0.7733 -0.9644 1.0000 -0.6467
 1266 F  0.4033 0.4144 0.4578 0.7178 -0.3022 0.1722 0.3533
 1267 R  0.1167 0.4144 0.5178 -1.0000 1.0000 0.5867 -0.4122
 1268 L  0.2367 -0.0733 -0.0100 0.6622 -0.2067 0.7933 -0.0589
 1269 A  -0.3889 -0.7556 -0.7522 -0.1900 -0.1889 1.0000 -0.5289
 1270 Q  -0.2556 -0.1222 -0.0222 -0.5156 -0.3067 0.5867 -0.4122
 ! !  -1.0000 -1.0000 -1.0000 -1.0000 -1.0000 -1.0000 -1.0000
 1272 C  -0.1556 -0.3656 -0.3989 0.5644 -0.1267 -0.7244 0.5289
 1273 G  -1.0000 -1.0000 -1.0000 -0.3800 -0.1989 -1.0000 -1.0000
 1274 L  0.2367 -0.0733 -0.0100 0.6622 -0.2067 0.7933 -0.0589
 1275 H  0.4267 0.1222 0.1533 -0.3011 0.2167 -0.0344 -0.1178
 1276 I  1.0000 -0.0733 -0.0100 0.7244 -0.2067 0.1722 0.7644
 1277 V  0.7522 -0.3167 -0.2578 0.3678 -0.2122 -0.0344 1.0000
 1278 V  0.7522 -0.3167 -0.2578 0.3678 -0.2122 -0.0344 1.0000
 1279 H  0.4267 0.1222 0.1533 -0.3011 0.2167 -0.0344 -0.1178
 1280 A  -0.3889 -0.7556 -0.7522 -0.1900 -0.1889 1.0000 -0.5289
 1281 D  -0.2367 -0.4633 -0.3122 -0.8522 -1.0000 -0.1722 -0.7056
 1282 E  -0.2556 -0.2678 -0.0644 -0.7733 -0.9644 1.0000 -0.6467
 1283 L  0.2367 -0.0733 -0.0100 0.6622 -0.2067 0.7933 -0.0589
 1284 E  -0.2556 -0.2678 -0.0644 -0.7733 -0.9644 1.0000 -0.6467
 1285 E  -0.2556 -0.2678 -0.0644 -0.7733 -0.9644 1.0000 -0.6467
 1286 L  0.2367 -0.0733 -0.0100 0.6622 -0.2067 0.7933 -0.0589
 1287 I  1.0000 -0.0733 -0.0100 0.7244 -0.2067 0.1722 0.7644
 1288 N  -0.2367 -0.3656 -0.2700 -0.7489 -0.0833 -0.4478 -0.5878
 1289 Y  0.4033 0.4633 0.6011 0.2089 -0.3044 -0.1722 0.5289
 1290 Y  0.4033 0.4633 0.6011 0.2089 -0.3044 -0.1722 0.5289
 1291 Q  -0.2556 -0.1222 -0.0222 -0.5156 -0.3067 0.5867 -0.4122
 1292 D  -0.2367 -0.4633 -0.3122 -0.8522 -1.0000 -0.1722 -0.7056
 1293 R  0.1167 0.4144 0.5178 -1.0000 1.0000 0.5867 -0.4122
 1294 G  -1.0000 -1.0000 -1.0000 -0.3800 -0.1989 -1.0000 -1.0000
 1295 Y  0.4033 0.4633 0.6011 0.2089 -0.3044 -0.1722 0.5289
 1296 F  0.4033 0.4144 0.4578 0.7178 -0.3022 0.1722 0.3533
 1297 E  -0.2556 -0.2678 -0.0644 -0.7733 -0.9644 1.0000 -0.6467
 1298 E  -0.2556 -0.2678 -0.0644 -0.7733 -0.9644 1.0000 -0.6467
 1299 L  0.2367 -0.0733 -0.0100 0.6622 -0.2067 0.7933 -0.0589
 1300 I  1.0000 -0.0733 -0.0100 0.7244 -0.2067 0.1722 0.7644
 1301 T  0.4467 -0.4633 -0.3567 -0.2211 -0.3200 -0.4478 0.2356
 ! !  -1.0000 -1.0000 -1.0000 -1.0000 -1.0000 -1.0000 -1.0000
 1303 L  0.2367 -0.0733 -0.0100 0.6622 -0.2067 0.7933 -0.0589
 1304 E  -0.2556 -0.2678 -0.0644 -0.7733 -0.9644 1.0000 -0.6467
 1305 A  -0.3889 -0.7556 -0.7522 -0.1900 -0.1889 1.0000 -0.5289
 1306 A  -0.3889 -0.7556 -0.7522 -0.1900 -0.1889 1.0000 -0.5289
 1307 L  0.2367 -0.0733 -0.0100 0.6622 -0.2067 0.7933 -0.0589
 1308 G  -1.0000 -1.0000 -1.0000 -0.3800 -0.1989 -1.0000 -1.0000
 1309 L  0.2367 -0.0733 -0.0100 0.6622 -0.2067 0.7933 -0.0589
 1310 E  -0.2556 -0.2678 -0.0644 -0.7733 -0.9644 1.0000 -0.6467
 1311 R  0.1167 0.4144 0.5178 -1.0000 1.0000 0.5867 -0.4122
 1312 A  -0.3889 -0.7556 -0.7522 -0.1900 -0.1889 1.0000 -0.5289
 1313 H  0.4267 0.1222 0.1533 -0.3011 0.2167 -0.0344 -0.1178
 ! !  -1.0000 -1.0000 -1.0000 -1.0000 -1.0000 -1.0000 -1.0000
 1315 G  -1.0000 -1.0000 -1.0000 -0.3800 -0.1989 -1.0000 -1.0000
 ! !  -1.0000 -1.0000 -1.0000 -1.0000 -1.0000 -1.0000 -1.0000
 1317 F  0.4033 0.4144 0.4578 0.7178 -0.3022 0.1722 0.3533
 1318 T  0.4467 -0.4633 -0.3567 -0.2211 -0.3200 -0.4478 0.2356
 1319 E  -0.2556 -0.2678 -0.0644 -0.7733 -0.9644 1.0000 -0.6467
 1320 L  0.2367 -0.0733 -0.0100 0.6622 -0.2067 0.7933 -0.0589
 1321 A  -0.3889 -0.7556 -0.7522 -0.1900 -0.1889 1.0000 -0.5289
 1322 I  1.0000 -0.0733 -0.0100 0.7244 -0.2067 0.1722 0.7644
 1323 L  0.2367 -0.0733 -0.0100 0.6622 -0.2067 0.7933 -0.0589
 1324 Y  0.4033 0.4633 0.6011 0.2089 -0.3044 -0.1722 0.5289
 1325 S  -0.3744 -0.7078 -0.6044 -0.4044 -0.2944 -0.5178 -0.2356
 1326 K  -0.0978 0.0733 0.1811 -0.9878 0.8078 0.3100 -0.2944
 1327 F  0.4033 0.4144 0.4578 0.7178 -0.3022 0.1722 0.3533
 1328 K  -0.0978 0.0733 0.1811 -0.9878 0.8078 0.3100 -0.2944
 1329 P  0.2744 -1.0000 -0.3267 0.0611 -0.0111 -1.0000 0.1178
 1330 Q  -0.2556 -0.1222 -0.0222 -0.5156 -0.3067 0.5867 -0.4122
 1331 K  -0.0978 0.0733 0.1811 -0.9878 0.8078 0.3100 -0.2944
 ! !  -1.0000 -1.0000 -1.0000 -1.0000 -1.0000 -1.0000 -1.0000
 1333 R  0.1167 0.4144 0.5178 -1.0000 1.0000 0.5867 -0.4122
 1334 E  -0.2556 -0.2678 -0.0644 -0.7733 -0.9644 1.0000 -0.6467
 1335 H  0.4267 0.1222 0.1533 -0.3011 0.2167 -0.0344 -0.1178
 1336 L  0.2367 -0.0733 -0.0100 0.6622 -0.2067 0.7933 -0.0589
 1337 E  -0.2556 -0.2678 -0.0644 -0.7733 -0.9644 1.0000 -0.6467
 1338 L  0.2367 -0.0733 -0.0100 0.6622 -0.2067 0.7933 -0.0589
 1339 F  0.4033 0.4144 0.4578 0.7178 -0.3022 0.1722 0.3533
 1340 W  0.5322 1.0000 1.0000 1.0000 -0.2322 0.3100 0.5878
 1341 S  -0.3744 -0.7078 -0.6044 -0.4044 -0.2944 -0.5178 -0.2356
 1342 R  0.1167 0.4144 0.5178 -1.0000 1.0000 0.5867 -0.4122
 1343 V  0.7522 -0.3167 -0.2578 0.3678 -0.2122 -0.0344 1.0000
 1344 N  -0.2367 -0.3656 -0.2700 -0.7489 -0.0833 -0.4478 -0.5878
 1345 I  1.0000 -0.0733 -0.0100 0.7244 -0.2067 0.1722 0.7644
 1346 P  0.2744 -1.0000 -0.3267 0.0611 -0.0111 -1.0000 0.1178
 1347 K  -0.0978 0.0733 0.1811 -0.9878 0.8078 0.3100 -0.2944
 1348 V  0.7522 -0.3167 -0.2578 0.3678 -0.2122 -0.0344 1.0000
 1349 L  0.2367 -0.0733 -0.0100 0.6622 -0.2067 0.7933 -0.0589
 1350 R  0.1167 0.4144 0.5178 -1.0000 1.0000 0.5867 -0.4122
 1351 A  -0.3889 -0.7556 -0.7522 -0.1900 -0.1889 1.0000 -0.5289
 1352 A  -0.3889 -0.7556 -0.7522 -0.1900 -0.1889 1.0000 -0.5289
 1353 E  -0.2556 -0.2678 -0.0644 -0.7733 -0.9644 1.0000 -0.6467
 1354 Q  -0.2556 -0.1222 -0.0222 -0.5156 -0.3067 0.5867 -0.4122
 1355 A  -0.3889 -0.7556 -0.7522 -0.1900 -0.1889 1.0000 -0.5289
 1356 H  0.4267 0.1222 0.1533 -0.3011 0.2167 -0.0344 -0.1178
 1357 L  0.2367 -0.0733 -0.0100 0.6622 -0.2067 0.7933 -0.0589
 1358 W  0.5322 1.0000 1.0000 1.0000 -0.2322 0.3100 0.5878
 1359 A  -0.3889 -0.7556 -0.7522 -0.1900 -0.1889 1.0000 -0.5289
 1360 E  -0.2556 -0.2678 -0.0644 -0.7733 -0.9644 1.0000 -0.6467
 1361 L  0.2367 -0.0733 -0.0100 0.6622 -0.2067 0.7933 -0.0589
 1362 V  0.7522 -0.3167 -0.2578 0.3678 -0.2122 -0.0344 1.0000
 1363 F  0.4033 0.4144 0.4578 0.7178 -0.3022 0.1722 0.3533
 1364 L  0.2367 -0.0733 -0.0100 0.6622 -0.2067 0.7933 -0.0589
 1365 Y  0.4033 0.4633 0.6011 0.2089 -0.3044 -0.1722 0.5289
 1366 D  -0.2367 -0.4633 -0.3122 -0.8522 -1.0000 -0.1722 -0.7056
 1367 K  -0.0978 0.0733 0.1811 -0.9878 0.8078 0.3100 -0.2944
 1368 Y  0.4033 0.4633 0.6011 0.2089 -0.3044 -0.1722 0.5289
 1369 E  -0.2556 -0.2678 -0.0644 -0.7733 -0.9644 1.0000 -0.6467
 1370 E  -0.2556 -0.2678 -0.0644 -0.7733 -0.9644 1.0000 -0.6467
 1371 Y  0.4033 0.4633 0.6011 0.2089 -0.3044 -0.1722 0.5289
 1372 D  -0.2367 -0.4633 -0.3122 -0.8522 -1.0000 -0.1722 -0.7056
 1373 N  -0.2367 -0.3656 -0.2700 -0.7489 -0.0833 -0.4478 -0.5878
 1374 A  -0.3889 -0.7556 -0.7522 -0.1900 -0.1889 1.0000 -0.5289
 1375 I  1.0000 -0.0733 -0.0100 0.7244 -0.2067 0.1722 0.7644
 1376 I  1.0000 -0.0733 -0.0100 0.7244 -0.2067 0.1722 0.7644
 1377 T  0.4467 -0.4633 -0.3567 -0.2211 -0.3200 -0.4478 0.2356
 ! !  -1.0000 -1.0000 -1.0000 -1.0000 -1.0000 -1.0000 -1.0000
 1380 N  -0.2367 -0.3656 -0.2700 -0.7489 -0.0833 -0.4478 -0.5878
 1381 H  0.4267 0.1222 0.1533 -0.3011 0.2167 -0.0344 -0.1178
 1382 P  0.2744 -1.0000 -0.3267 0.0611 -0.0111 -1.0000 0.1178
 1383 T  0.4467 -0.4633 -0.3567 -0.2211 -0.3200 -0.4478 0.2356
 1384 D  -0.2367 -0.4633 -0.3122 -0.8522 -1.0000 -0.1722 -0.7056
 1385 A  -0.3889 -0.7556 -0.7522 -0.1900 -0.1889 1.0000 -0.5289
 1386 W  0.5322 1.0000 1.0000 1.0000 -0.2322 0.3100 0.5878
 1387 K  -0.0978 0.0733 0.1811 -0.9878 0.8078 0.3100 -0.2944
 1388 E  -0.2556 -0.2678 -0.0644 -0.7733 -0.9644 1.0000 -0.6467
 1389 G  -1.0000 -1.0000 -1.0000 -0.3800 -0.1989 -1.0000 -1.0000
 1390 Q  -0.2556 -0.1222 -0.0222 -0.5156 -0.3067 0.5867 -0.4122
 1391 F  0.4033 0.4144 0.4578 0.7178 -0.3022 0.1722 0.3533
 1392 K  -0.0978 0.0733 0.1811 -0.9878 0.8078 0.3100 -0.2944
 1393 D  -0.2367 -0.4633 -0.3122 -0.8522 -1.0000 -0.1722 -0.7056
 1394 I  1.0000 -0.0733 -0.0100 0.7244 -0.2067 0.1722 0.7644
 1395 I  1.0000 -0.0733 -0.0100 0.7244 -0.2067 0.1722 0.7644
 1396 T  0.4467 -0.4633 -0.3567 -0.2211 -0.3200 -0.4478 0.2356
 1397 K  -0.0978 0.0733 0.1811 -0.9878 0.8078 0.3100 -0.2944
 1398 V  0.7522 -0.3167 -0.2578 0.3678 -0.2122 -0.0344 1.0000
 1399 A  -0.3889 -0.7556 -0.7522 -0.1900 -0.1889 1.0000 -0.5289
 1400 N  -0.2367 -0.3656 -0.2700 -0.7489 -0.0833 -0.4478 -0.5878
 1401 V  0.7522 -0.3167 -0.2578 0.3678 -0.2122 -0.0344 1.0000
 1402 E  -0.2556 -0.2678 -0.0644 -0.7733 -0.9644 1.0000 -0.6467
 1403 L  0.2367 -0.0733 -0.0100 0.6622 -0.2067 0.7933 -0.0589
 1404 Y  0.4033 0.4633 0.6011 0.2089 -0.3044 -0.1722 0.5289
 1405 Y  0.4033 0.4633 0.6011 0.2089 -0.3044 -0.1722 0.5289
 1406 R  0.1167 0.4144 0.5178 -1.0000 1.0000 0.5867 -0.4122
 1407 A  -0.3889 -0.7556 -0.7522 -0.1900 -0.1889 1.0000 -0.5289
 1408 I  1.0000 -0.0733 -0.0100 0.7244 -0.2067 0.1722 0.7644
 1409 Q  -0.2556 -0.1222 -0.0222 -0.5156 -0.3067 0.5867 -0.4122
 1410 F  0.4033 0.4144 0.4578 0.7178 -0.3022 0.1722 0.3533
 1411 Y  0.4033 0.4633 0.6011 0.2089 -0.3044 -0.1722 0.5289
 1412 L  0.2367 -0.0733 -0.0100 0.6622 -0.2067 0.7933 -0.0589
 1413 E  -0.2556 -0.2678 -0.0644 -0.7733 -0.9644 1.0000 -0.6467
 1414 F  0.4033 0.4144 0.4578 0.7178 -0.3022 0.1722 0.3533
 1415 K  -0.0978 0.0733 0.1811 -0.9878 0.8078 0.3100 -0.2944
 1416 P  0.2744 -1.0000 -0.3267 0.0611 -0.0111 -1.0000 0.1178
 1417 L  0.2367 -0.0733 -0.0100 0.6622 -0.2067 0.7933 -0.0589
 1418 L  0.2367 -0.0733 -0.0100 0.6622 -0.2067 0.7933 -0.0589
 1419 L  0.2367 -0.0733 -0.0100 0.6622 -0.2067 0.7933 -0.0589
 1420 N  -0.2367 -0.3656 -0.2700 -0.7489 -0.0833 -0.4478 -0.5878
 1421 D  -0.2367 -0.4633 -0.3122 -0.8522 -1.0000 -0.1722 -0.7056
 1422 L  0.2367 -0.0733 -0.0100 0.6622 -0.2067 0.7933 -0.0589
 1423 L  0.2367 -0.0733 -0.0100 0.6622 -0.2067 0.7933 -0.0589
 ! !  -1.0000 -1.0000 -1.0000 -1.0000 -1.0000 -1.0000 -1.0000
 1425 V  0.7522 -0.3167 -0.2578 0.3678 -0.2122 -0.0344 1.0000
 1426 L  0.2367 -0.0733 -0.0100 0.6622 -0.2067 0.7933 -0.0589
 1427 S  -0.3744 -0.7078 -0.6044 -0.4044 -0.2944 -0.5178 -0.2356
 1428 P  0.2744 -1.0000 -0.3267 0.0611 -0.0111 -1.0000 0.1178
 1429 R  0.1167 0.4144 0.5178 -1.0000 1.0000 0.5867 -0.4122
 1430 L  0.2367 -0.0733 -0.0100 0.6622 -0.2067 0.7933 -0.0589
 1431 D  -0.2367 -0.4633 -0.3122 -0.8522 -1.0000 -0.1722 -0.7056
 1432 H  0.4267 0.1222 0.1533 -0.3011 0.2167 -0.0344 -0.1178
 1433 T  0.4467 -0.4633 -0.3567 -0.2211 -0.3200 -0.4478 0.2356
 1434 R  0.1167 0.4144 0.5178 -1.0000 1.0000 0.5867 -0.4122
 1435 A  -0.3889 -0.7556 -0.7522 -0.1900 -0.1889 1.0000 -0.5289
 1436 V  0.7522 -0.3167 -0.2578 0.3678 -0.2122 -0.0344 1.0000
 1437 N  -0.2367 -0.3656 -0.2700 -0.7489 -0.0833 -0.4478 -0.5878
 1438 Y  0.4033 0.4633 0.6011 0.2089 -0.3044 -0.1722 0.5289
 1439 F  0.4033 0.4144 0.4578 0.7178 -0.3022 0.1722 0.3533
 1440 S  -0.3744 -0.7078 -0.6044 -0.4044 -0.2944 -0.5178 -0.2356
 1441 K  -0.0978 0.0733 0.1811 -0.9878 0.8078 0.3100 -0.2944
 1442 V  0.7522 -0.3167 -0.2578 0.3678 -0.2122 -0.0344 1.0000
 1443 K  -0.0978 0.0733 0.1811 -0.9878 0.8078 0.3100 -0.2944
 1444 Q  -0.2556 -0.1222 -0.0222 -0.5156 -0.3067 0.5867 -0.4122
 1445 L  0.2367 -0.0733 -0.0100 0.6622 -0.2067 0.7933 -0.0589
 1446 P  0.2744 -1.0000 -0.3267 0.0611 -0.0111 -1.0000 0.1178
 1447 L  0.2367 -0.0733 -0.0100 0.6622 -0.2067 0.7933 -0.0589
 1448 V  0.7522 -0.3167 -0.2578 0.3678 -0.2122 -0.0344 1.0000
 1449 K  -0.0978 0.0733 0.1811 -0.9878 0.8078 0.3100 -0.2944
 1450 P  0.2744 -1.0000 -0.3267 0.0611 -0.0111 -1.0000 0.1178
 1451 Y  0.4033 0.4633 0.6011 0.2089 -0.3044 -0.1722 0.5289
 1452 L  0.2367 -0.0733 -0.0100 0.6622 -0.2067 0.7933 -0.0589
 1453 R  0.1167 0.4144 0.5178 -1.0000 1.0000 0.5867 -0.4122
 1454 S  -0.3744 -0.7078 -0.6044 -0.4044 -0.2944 -0.5178 -0.2356
 1455 V  0.7522 -0.3167 -0.2578 0.3678 -0.2122 -0.0344 1.0000
 1456 Q  -0.2556 -0.1222 -0.0222 -0.5156 -0.3067 0.5867 -0.4122
 1457 N  -0.2367 -0.3656 -0.2700 -0.7489 -0.0833 -0.4478 -0.5878
 1458 H  0.4267 0.1222 0.1533 -0.3011 0.2167 -0.0344 -0.1178
 1459 N  -0.2367 -0.3656 -0.2700 -0.7489 -0.0833 -0.4478 -0.5878
 1460 N  -0.2367 -0.3656 -0.2700 -0.7489 -0.0833 -0.4478 -0.5878
 1461 K  -0.0978 0.0733 0.1811 -0.9878 0.8078 0.3100 -0.2944
 1462 S  -0.3744 -0.7078 -0.6044 -0.4044 -0.2944 -0.5178 -0.2356
 1463 V  0.7522 -0.3167 -0.2578 0.3678 -0.2122 -0.0344 1.0000
 1464 N  -0.2367 -0.3656 -0.2700 -0.7489 -0.0833 -0.4478 -0.5878
 1465 E  -0.2556 -0.2678 -0.0644 -0.7733 -0.9644 1.0000 -0.6467
 1466 S  -0.3744 -0.7078 -0.6044 -0.4044 -0.2944 -0.5178 -0.2356
 1467 L  0.2367 -0.0733 -0.0100 0.6622 -0.2067 0.7933 -0.0589
 1468 N  -0.2367 -0.3656 -0.2700 -0.7489 -0.0833 -0.4478 -0.5878
 1469 N  -0.2367 -0.3656 -0.2700 -0.7489 -0.0833 -0.4478 -0.5878
 1470 L  0.2367 -0.0733 -0.0100 0.6622 -0.2067 0.7933 -0.0589
 1471 F  0.4033 0.4144 0.4578 0.7178 -0.3022 0.1722 0.3533
 1472 I  1.0000 -0.0733 -0.0100 0.7244 -0.2067 0.1722 0.7644
 1473 T  0.4467 -0.4633 -0.3567 -0.2211 -0.3200 -0.4478 0.2356
 1474 E  -0.2556 -0.2678 -0.0644 -0.7733 -0.9644 1.0000 -0.6467
 1475 E  -0.2556 -0.2678 -0.0644 -0.7733 -0.9644 1.0000 -0.6467
 1476 D  -0.2367 -0.4633 -0.3122 -0.8522 -1.0000 -0.1722 -0.7056
 1477 Y  0.4033 0.4633 0.6011 0.2089 -0.3044 -0.1722 0.5289
 1478 Q  -0.2556 -0.1222 -0.0222 -0.5156 -0.3067 0.5867 -0.4122
 1479 A  -0.3889 -0.7556 -0.7522 -0.1900 -0.1889 1.0000 -0.5289
 1480 L  0.2367 -0.0733 -0.0100 0.6622 -0.2067 0.7933 -0.0589
 1481 R  0.1167 0.4144 0.5178 -1.0000 1.0000 0.5867 -0.4122
 1482 T  0.4467 -0.4633 -0.3567 -0.2211 -0.3200 -0.4478 0.2356
 1483 S  -0.3744 -0.7078 -0.6044 -0.4044 -0.2944 -0.5178 -0.2356
 1484 I  1.0000 -0.0733 -0.0100 0.7244 -0.2067 0.1722 0.7644
 1485 D  -0.2367 -0.4633 -0.3122 -0.8522 -1.0000 -0.1722 -0.7056
 1486 A  -0.3889 -0.7556 -0.7522 -0.1900 -0.1889 1.0000 -0.5289
 1487 Y  0.4033 0.4633 0.6011 0.2089 -0.3044 -0.1722 0.5289
 1488 D  -0.2367 -0.4633 -0.3122 -0.8522 -1.0000 -0.1722 -0.7056
 1489 N  -0.2367 -0.3656 -0.2700 -0.7489 -0.0833 -0.4478 -0.5878
 1490 F  0.4033 0.4144 0.4578 0.7178 -0.3022 0.1722 0.3533
 1491 D  -0.2367 -0.4633 -0.3122 -0.8522 -1.0000 -0.1722 -0.7056
 1492 N  -0.2367 -0.3656 -0.2700 -0.7489 -0.0833 -0.4478 -0.5878
 1493 I  1.0000 -0.0733 -0.0100 0.7244 -0.2067 0.1722 0.7644
 1494 S  -0.3744 -0.7078 -0.6044 -0.4044 -0.2944 -0.5178 -0.2356
 1495 L  0.2367 -0.0733 -0.0100 0.6622 -0.2067 0.7933 -0.0589
 1496 A  -0.3889 -0.7556 -0.7522 -0.1900 -0.1889 1.0000 -0.5289
 1497 Q  -0.2556 -0.1222 -0.0222 -0.5156 -0.3067 0.5867 -0.4122
 1498 R  0.1167 0.4144 0.5178 -1.0000 1.0000 0.5867 -0.4122
 1499 L  0.2367 -0.0733 -0.0100 0.6622 -0.2067 0.7933 -0.0589
 1500 E  -0.2556 -0.2678 -0.0644 -0.7733 -0.9644 1.0000 -0.6467
 1501 K  -0.0978 0.0733 0.1811 -0.9878 0.8078 0.3100 -0.2944
 1502 H  0.4267 0.1222 0.1533 -0.3011 0.2167 -0.0344 -0.1178
 1503 E  -0.2556 -0.2678 -0.0644 -0.7733 -0.9644 1.0000 -0.6467
 1504 L  0.2367 -0.0733 -0.0100 0.6622 -0.2067 0.7933 -0.0589
 1505 I  1.0000 -0.0733 -0.0100 0.7244 -0.2067 0.1722 0.7644
 1506 E  -0.2556 -0.2678 -0.0644 -0.7733 -0.9644 1.0000 -0.6467
 1507 F  0.4033 0.4144 0.4578 0.7178 -0.3022 0.1722 0.3533
 1508 R  0.1167 0.4144 0.5178 -1.0000 1.0000 0.5867 -0.4122
 1509 R  0.1167 0.4144 0.5178 -1.0000 1.0000 0.5867 -0.4122
 1510 I  1.0000 -0.0733 -0.0100 0.7244 -0.2067 0.1722 0.7644
 1511 A  -0.3889 -0.7556 -0.7522 -0.1900 -0.1889 1.0000 -0.5289
 1512 A  -0.3889 -0.7556 -0.7522 -0.1900 -0.1889 1.0000 -0.5289
 1513 Y  0.4033 0.4633 0.6011 0.2089 -0.3044 -0.1722 0.5289
 1514 L  0.2367 -0.0733 -0.0100 0.6622 -0.2067 0.7933 -0.0589
 1515 F  0.4033 0.4144 0.4578 0.7178 -0.3022 0.1722 0.3533
 1516 K  -0.0978 0.0733 0.1811 -0.9878 0.8078 0.3100 -0.2944
