 15 V  0.7522 -0.3167 -0.2578 0.3678 -0.2122 -0.0344 1.0000
 16 T  0.4467 -0.4633 -0.3567 -0.2211 -0.3200 -0.4478 0.2356
 17 T  0.4467 -0.4633 -0.3567 -0.2211 -0.3200 -0.4478 0.2356
 18 E  -0.2556 -0.2678 -0.0644 -0.7733 -0.9644 1.0000 -0.6467
 19 Q  -0.2556 -0.1222 -0.0222 -0.5156 -0.3067 0.5867 -0.4122
 20 I  1.0000 -0.0733 -0.0100 0.7244 -0.2067 0.1722 0.7644
 21 V  0.7522 -0.3167 -0.2578 0.3678 -0.2122 -0.0344 1.0000
 22 Y  0.4033 0.4633 0.6011 0.2089 -0.3044 -0.1722 0.5289
 23 G  -1.0000 -1.0000 -1.0000 -0.3800 -0.1989 -1.0000 -1.0000
 24 A  -0.3889 -0.7556 -0.7522 -0.1900 -0.1889 1.0000 -0.5289
 25 L  0.2367 -0.0733 -0.0100 0.6622 -0.2067 0.7933 -0.0589
 26 P  0.2744 -1.0000 -0.3267 0.0611 -0.0111 -1.0000 0.1178
 27 L  0.2367 -0.0733 -0.0100 0.6622 -0.2067 0.7933 -0.0589
 28 T  0.4467 -0.4633 -0.3567 -0.2211 -0.3200 -0.4478 0.2356
 29 T  0.4467 -0.4633 -0.3567 -0.2211 -0.3200 -0.4478 0.2356
 30 I  1.0000 -0.0733 -0.0100 0.7244 -0.2067 0.1722 0.7644
 31 N  -0.2367 -0.3656 -0.2700 -0.7489 -0.0833 -0.4478 -0.5878
 32 E  -0.2556 -0.2678 -0.0644 -0.7733 -0.9644 1.0000 -0.6467
 33 P  0.2744 -1.0000 -0.3267 0.0611 -0.0111 -1.0000 0.1178
 34 E  -0.2556 -0.2678 -0.0644 -0.7733 -0.9644 1.0000 -0.6467
 35 C  -0.1556 -0.3656 -0.3989 0.5644 -0.1267 -0.7244 0.5289
 36 R  0.1167 0.4144 0.5178 -1.0000 1.0000 0.5867 -0.4122
 37 A  -0.3889 -0.7556 -0.7522 -0.1900 -0.1889 1.0000 -0.5289
 38 I  1.0000 -0.0733 -0.0100 0.7244 -0.2067 0.1722 0.7644
 39 A  -0.3889 -0.7556 -0.7522 -0.1900 -0.1889 1.0000 -0.5289
 40 I  1.0000 -0.0733 -0.0100 0.7244 -0.2067 0.1722 0.7644
 41 T  0.4467 -0.4633 -0.3567 -0.2211 -0.3200 -0.4478 0.2356
 42 S  -0.3744 -0.7078 -0.6044 -0.4044 -0.2944 -0.5178 -0.2356
 43 I  1.0000 -0.0733 -0.0100 0.7244 -0.2067 0.1722 0.7644
 44 N  -0.2367 -0.3656 -0.2700 -0.7489 -0.0833 -0.4478 -0.5878
 45 G  -1.0000 -1.0000 -1.0000 -0.3800 -0.1989 -1.0000 -1.0000
 46 S  -0.3744 -0.7078 -0.6044 -0.4044 -0.2944 -0.5178 -0.2356
 47 A  -0.3889 -0.7556 -0.7522 -0.1900 -0.1889 1.0000 -0.5289
 48 T  0.4467 -0.4633 -0.3567 -0.2211 -0.3200 -0.4478 0.2356
 49 L  0.2367 -0.0733 -0.0100 0.6622 -0.2067 0.7933 -0.0589
 50 S  -0.3744 -0.7078 -0.6044 -0.4044 -0.2944 -0.5178 -0.2356
 51 G  -1.0000 -1.0000 -1.0000 -0.3800 -0.1989 -1.0000 -1.0000
 52 V  0.7522 -0.3167 -0.2578 0.3678 -0.2122 -0.0344 1.0000
 53 S  -0.3744 -0.7078 -0.6044 -0.4044 -0.2944 -0.5178 -0.2356
 54 G  -1.0000 -1.0000 -1.0000 -0.3800 -0.1989 -1.0000 -1.0000
 55 P  0.2744 -1.0000 -0.3267 0.0611 -0.0111 -1.0000 0.1178
 ! !  -1.0000 -1.0000 -1.0000 -1.0000 -1.0000 -1.0000 -1.0000
 57 G  -1.0000 -1.0000 -1.0000 -0.3800 -0.1989 -1.0000 -1.0000
 58 D  -0.2367 -0.4633 -0.3122 -0.8522 -1.0000 -0.1722 -0.7056
 59 Q  -0.2556 -0.1222 -0.0222 -0.5156 -0.3067 0.5867 -0.4122
 60 T  0.4467 -0.4633 -0.3567 -0.2211 -0.3200 -0.4478 0.2356
 61 D  -0.2367 -0.4633 -0.3122 -0.8522 -1.0000 -0.1722 -0.7056
 62 A  -0.3889 -0.7556 -0.7522 -0.1900 -0.1889 1.0000 -0.5289
 63 D  -0.2367 -0.4633 -0.3122 -0.8522 -1.0000 -0.1722 -0.7056
 64 L  0.2367 -0.0733 -0.0100 0.6622 -0.2067 0.7933 -0.0589
 65 L  0.2367 -0.0733 -0.0100 0.6622 -0.2067 0.7933 -0.0589
 66 I  1.0000 -0.0733 -0.0100 0.7244 -0.2067 0.1722 0.7644
 67 Q  -0.2556 -0.1222 -0.0222 -0.5156 -0.3067 0.5867 -0.4122
 68 L  0.2367 -0.0733 -0.0100 0.6622 -0.2067 0.7933 -0.0589
 69 R  0.1167 0.4144 0.5178 -1.0000 1.0000 0.5867 -0.4122
 70 G  -1.0000 -1.0000 -1.0000 -0.3800 -0.1989 -1.0000 -1.0000
 71 W  0.5322 1.0000 1.0000 1.0000 -0.2322 0.3100 0.5878
 72 A  -0.3889 -0.7556 -0.7522 -0.1900 -0.1889 1.0000 -0.5289
 73 D  -0.2367 -0.4633 -0.3122 -0.8522 -1.0000 -0.1722 -0.7056
 74 A  -0.3889 -0.7556 -0.7522 -0.1900 -0.1889 1.0000 -0.5289
 75 I  1.0000 -0.0733 -0.0100 0.7244 -0.2067 0.1722 0.7644
 76 V  0.7522 -0.3167 -0.2578 0.3678 -0.2122 -0.0344 1.0000
 77 V  0.7522 -0.3167 -0.2578 0.3678 -0.2122 -0.0344 1.0000
 78 G  -1.0000 -1.0000 -1.0000 -0.3800 -0.1989 -1.0000 -1.0000
 79 A  -0.3889 -0.7556 -0.7522 -0.1900 -0.1889 1.0000 -0.5289
 80 E  -0.2556 -0.2678 -0.0644 -0.7733 -0.9644 1.0000 -0.6467
 81 T  0.4467 -0.4633 -0.3567 -0.2211 -0.3200 -0.4478 0.2356
 82 A  -0.3889 -0.7556 -0.7522 -0.1900 -0.1889 1.0000 -0.5289
 83 R  0.1167 0.4144 0.5178 -1.0000 1.0000 0.5867 -0.4122
 84 K  -0.0978 0.0733 0.1811 -0.9878 0.8078 0.3100 -0.2944
 85 E  -0.2556 -0.2678 -0.0644 -0.7733 -0.9644 1.0000 -0.6467
 86 N  -0.2367 -0.3656 -0.2700 -0.7489 -0.0833 -0.4478 -0.5878
 87 Y  0.4033 0.4633 0.6011 0.2089 -0.3044 -0.1722 0.5289
 88 G  -1.0000 -1.0000 -1.0000 -0.3800 -0.1989 -1.0000 -1.0000
 89 P  0.2744 -1.0000 -0.3267 0.0611 -0.0111 -1.0000 0.1178
 90 V  0.7522 -0.3167 -0.2578 0.3678 -0.2122 -0.0344 1.0000
 91 V  0.7522 -0.3167 -0.2578 0.3678 -0.2122 -0.0344 1.0000
 92 L  0.2367 -0.0733 -0.0100 0.6622 -0.2067 0.7933 -0.0589
 93 P  0.2744 -1.0000 -0.3267 0.0611 -0.0111 -1.0000 0.1178
 94 H  0.4267 0.1222 0.1533 -0.3011 0.2167 -0.0344 -0.1178
 95 G  -1.0000 -1.0000 -1.0000 -0.3800 -0.1989 -1.0000 -1.0000
 96 I  1.0000 -0.0733 -0.0100 0.7244 -0.2067 0.1722 0.7644
 97 K  -0.0978 0.0733 0.1811 -0.9878 0.8078 0.3100 -0.2944
 98 N  -0.2367 -0.3656 -0.2700 -0.7489 -0.0833 -0.4478 -0.5878
 99 Q  -0.2556 -0.1222 -0.0222 -0.5156 -0.3067 0.5867 -0.4122
 100 R  0.1167 0.4144 0.5178 -1.0000 1.0000 0.5867 -0.4122
 101 Q  -0.2556 -0.1222 -0.0222 -0.5156 -0.3067 0.5867 -0.4122
 102 K  -0.0978 0.0733 0.1811 -0.9878 0.8078 0.3100 -0.2944
 103 L  0.2367 -0.0733 -0.0100 0.6622 -0.2067 0.7933 -0.0589
 104 G  -1.0000 -1.0000 -1.0000 -0.3800 -0.1989 -1.0000 -1.0000
 105 R  0.1167 0.4144 0.5178 -1.0000 1.0000 0.5867 -0.4122
 106 C  -0.1556 -0.3656 -0.3989 0.5644 -0.1267 -0.7244 0.5289
 107 G  -1.0000 -1.0000 -1.0000 -0.3800 -0.1989 -1.0000 -1.0000
 108 L  0.2367 -0.0733 -0.0100 0.6622 -0.2067 0.7933 -0.0589
 109 P  0.2744 -1.0000 -0.3267 0.0611 -0.0111 -1.0000 0.1178
 110 K  -0.0978 0.0733 0.1811 -0.9878 0.8078 0.3100 -0.2944
 111 L  0.2367 -0.0733 -0.0100 0.6622 -0.2067 0.7933 -0.0589
 112 T  0.4467 -0.4633 -0.3567 -0.2211 -0.3200 -0.4478 0.2356
 113 L  0.2367 -0.0733 -0.0100 0.6622 -0.2067 0.7933 -0.0589
 114 L  0.2367 -0.0733 -0.0100 0.6622 -0.2067 0.7933 -0.0589
 115 S  -0.3744 -0.7078 -0.6044 -0.4044 -0.2944 -0.5178 -0.2356
 116 K  -0.0978 0.0733 0.1811 -0.9878 0.8078 0.3100 -0.2944
 117 S  -0.3744 -0.7078 -0.6044 -0.4044 -0.2944 -0.5178 -0.2356
 118 L  0.2367 -0.0733 -0.0100 0.6622 -0.2067 0.7933 -0.0589
 119 Y  0.4033 0.4633 0.6011 0.2089 -0.3044 -0.1722 0.5289
 120 F  0.4033 0.4144 0.4578 0.7178 -0.3022 0.1722 0.3533
 121 D  -0.2367 -0.4633 -0.3122 -0.8522 -1.0000 -0.1722 -0.7056
 122 F  0.4033 0.4144 0.4578 0.7178 -0.3022 0.1722 0.3533
 123 S  -0.3744 -0.7078 -0.6044 -0.4044 -0.2944 -0.5178 -0.2356
 124 S  -0.3744 -0.7078 -0.6044 -0.4044 -0.2944 -0.5178 -0.2356
 125 E  -0.2556 -0.2678 -0.0644 -0.7733 -0.9644 1.0000 -0.6467
 126 L  0.2367 -0.0733 -0.0100 0.6622 -0.2067 0.7933 -0.0589
 127 F  0.4033 0.4144 0.4578 0.7178 -0.3022 0.1722 0.3533
 128 S  -0.3744 -0.7078 -0.6044 -0.4044 -0.2944 -0.5178 -0.2356
 129 P  0.2744 -1.0000 -0.3267 0.0611 -0.0111 -1.0000 0.1178
 130 D  -0.2367 -0.4633 -0.3122 -0.8522 -1.0000 -0.1722 -0.7056
 131 L  0.2367 -0.0733 -0.0100 0.6622 -0.2067 0.7933 -0.0589
 132 P  0.2744 -1.0000 -0.3267 0.0611 -0.0111 -1.0000 0.1178
 133 S  -0.3744 -0.7078 -0.6044 -0.4044 -0.2944 -0.5178 -0.2356
 134 E  -0.2556 -0.2678 -0.0644 -0.7733 -0.9644 1.0000 -0.6467
 135 L  0.2367 -0.0733 -0.0100 0.6622 -0.2067 0.7933 -0.0589
 136 S  -0.3744 -0.7078 -0.6044 -0.4044 -0.2944 -0.5178 -0.2356
 137 P  0.2744 -1.0000 -0.3267 0.0611 -0.0111 -1.0000 0.1178
 138 L  0.2367 -0.0733 -0.0100 0.6622 -0.2067 0.7933 -0.0589
 139 V  0.7522 -0.3167 -0.2578 0.3678 -0.2122 -0.0344 1.0000
 140 I  1.0000 -0.0733 -0.0100 0.7244 -0.2067 0.1722 0.7644
 141 T  0.4467 -0.4633 -0.3567 -0.2211 -0.3200 -0.4478 0.2356
 142 Q  -0.2556 -0.1222 -0.0222 -0.5156 -0.3067 0.5867 -0.4122
 143 Q  -0.2556 -0.1222 -0.0222 -0.5156 -0.3067 0.5867 -0.4122
 144 P  0.2744 -1.0000 -0.3267 0.0611 -0.0111 -1.0000 0.1178
 145 A  -0.3889 -0.7556 -0.7522 -0.1900 -0.1889 1.0000 -0.5289
 146 N  -0.2367 -0.3656 -0.2700 -0.7489 -0.0833 -0.4478 -0.5878
 147 N  -0.2367 -0.3656 -0.2700 -0.7489 -0.0833 -0.4478 -0.5878
 148 S  -0.3744 -0.7078 -0.6044 -0.4044 -0.2944 -0.5178 -0.2356
 149 E  -0.2556 -0.2678 -0.0644 -0.7733 -0.9644 1.0000 -0.6467
 150 Q  -0.2556 -0.1222 -0.0222 -0.5156 -0.3067 0.5867 -0.4122
 151 W  0.5322 1.0000 1.0000 1.0000 -0.2322 0.3100 0.5878
 152 D  -0.2367 -0.4633 -0.3122 -0.8522 -1.0000 -0.1722 -0.7056
 153 Q  -0.2556 -0.1222 -0.0222 -0.5156 -0.3067 0.5867 -0.4122
 154 R  0.1167 0.4144 0.5178 -1.0000 1.0000 0.5867 -0.4122
 155 L  0.2367 -0.0733 -0.0100 0.6622 -0.2067 0.7933 -0.0589
 156 Q  -0.2556 -0.1222 -0.0222 -0.5156 -0.3067 0.5867 -0.4122
 157 K  -0.0978 0.0733 0.1811 -0.9878 0.8078 0.3100 -0.2944
 158 L  0.2367 -0.0733 -0.0100 0.6622 -0.2067 0.7933 -0.0589
 159 I  1.0000 -0.0733 -0.0100 0.7244 -0.2067 0.1722 0.7644
 160 D  -0.2367 -0.4633 -0.3122 -0.8522 -1.0000 -0.1722 -0.7056
 161 V  0.7522 -0.3167 -0.2578 0.3678 -0.2122 -0.0344 1.0000
 162 G  -1.0000 -1.0000 -1.0000 -0.3800 -0.1989 -1.0000 -1.0000
 163 V  0.7522 -0.3167 -0.2578 0.3678 -0.2122 -0.0344 1.0000
 164 E  -0.2556 -0.2678 -0.0644 -0.7733 -0.9644 1.0000 -0.6467
 165 V  0.7522 -0.3167 -0.2578 0.3678 -0.2122 -0.0344 1.0000
 166 I  1.0000 -0.0733 -0.0100 0.7244 -0.2067 0.1722 0.7644
 167 V  0.7522 -0.3167 -0.2578 0.3678 -0.2122 -0.0344 1.0000
 168 A  -0.3889 -0.7556 -0.7522 -0.1900 -0.1889 1.0000 -0.5289
 169 P  0.2744 -1.0000 -0.3267 0.0611 -0.0111 -1.0000 0.1178
 170 T  0.4467 -0.4633 -0.3567 -0.2211 -0.3200 -0.4478 0.2356
 171 S  -0.3744 -0.7078 -0.6044 -0.4044 -0.2944 -0.5178 -0.2356
 172 T  0.4467 -0.4633 -0.3567 -0.2211 -0.3200 -0.4478 0.2356
 173 N  -0.2367 -0.3656 -0.2700 -0.7489 -0.0833 -0.4478 -0.5878
 174 P  0.2744 -1.0000 -0.3267 0.0611 -0.0111 -1.0000 0.1178
 175 L  0.2367 -0.0733 -0.0100 0.6622 -0.2067 0.7933 -0.0589
 176 K  -0.0978 0.0733 0.1811 -0.9878 0.8078 0.3100 -0.2944
 177 I  1.0000 -0.0733 -0.0100 0.7244 -0.2067 0.1722 0.7644
 178 A  -0.3889 -0.7556 -0.7522 -0.1900 -0.1889 1.0000 -0.5289
 179 F  0.4033 0.4144 0.4578 0.7178 -0.3022 0.1722 0.3533
 180 D  -0.2367 -0.4633 -0.3122 -0.8522 -1.0000 -0.1722 -0.7056
 181 A  -0.3889 -0.7556 -0.7522 -0.1900 -0.1889 1.0000 -0.5289
 182 L  0.2367 -0.0733 -0.0100 0.6622 -0.2067 0.7933 -0.0589
 183 H  0.4267 0.1222 0.1533 -0.3011 0.2167 -0.0344 -0.1178
 184 A  -0.3889 -0.7556 -0.7522 -0.1900 -0.1889 1.0000 -0.5289
 185 R  0.1167 0.4144 0.5178 -1.0000 1.0000 0.5867 -0.4122
 186 R  0.1167 0.4144 0.5178 -1.0000 1.0000 0.5867 -0.4122
 187 L  0.2367 -0.0733 -0.0100 0.6622 -0.2067 0.7933 -0.0589
 188 K  -0.0978 0.0733 0.1811 -0.9878 0.8078 0.3100 -0.2944
 189 K  -0.0978 0.0733 0.1811 -0.9878 0.8078 0.3100 -0.2944
 190 I  1.0000 -0.0733 -0.0100 0.7244 -0.2067 0.1722 0.7644
 191 S  -0.3744 -0.7078 -0.6044 -0.4044 -0.2944 -0.5178 -0.2356
 192 I  1.0000 -0.0733 -0.0100 0.7244 -0.2067 0.1722 0.7644
 193 E  -0.2556 -0.2678 -0.0644 -0.7733 -0.9644 1.0000 -0.6467
 194 G  -1.0000 -1.0000 -1.0000 -0.3800 -0.1989 -1.0000 -1.0000
 195 G  -1.0000 -1.0000 -1.0000 -0.3800 -0.1989 -1.0000 -1.0000
 196 P  0.2744 -1.0000 -0.3267 0.0611 -0.0111 -1.0000 0.1178
 197 S  -0.3744 -0.7078 -0.6044 -0.4044 -0.2944 -0.5178 -0.2356
 198 V  0.7522 -0.3167 -0.2578 0.3678 -0.2122 -0.0344 1.0000
 199 Y  0.4033 0.4633 0.6011 0.2089 -0.3044 -0.1722 0.5289
 200 R  0.1167 0.4144 0.5178 -1.0000 1.0000 0.5867 -0.4122
 201 Q  -0.2556 -0.1222 -0.0222 -0.5156 -0.3067 0.5867 -0.4122
 202 A  -0.3889 -0.7556 -0.7522 -0.1900 -0.1889 1.0000 -0.5289
 203 L  0.2367 -0.0733 -0.0100 0.6622 -0.2067 0.7933 -0.0589
 204 S  -0.3744 -0.7078 -0.6044 -0.4044 -0.2944 -0.5178 -0.2356
 205 L  0.2367 -0.0733 -0.0100 0.6622 -0.2067 0.7933 -0.0589
 206 G  -1.0000 -1.0000 -1.0000 -0.3800 -0.1989 -1.0000 -1.0000
 207 I  1.0000 -0.0733 -0.0100 0.7244 -0.2067 0.1722 0.7644
 208 V  0.7522 -0.3167 -0.2578 0.3678 -0.2122 -0.0344 1.0000
 209 D  -0.2367 -0.4633 -0.3122 -0.8522 -1.0000 -0.1722 -0.7056
 210 R  0.1167 0.4144 0.5178 -1.0000 1.0000 0.5867 -0.4122
 211 L  0.2367 -0.0733 -0.0100 0.6622 -0.2067 0.7933 -0.0589
 212 H  0.4267 0.1222 0.1533 -0.3011 0.2167 -0.0344 -0.1178
 213 L  0.2367 -0.0733 -0.0100 0.6622 -0.2067 0.7933 -0.0589
 214 T  0.4467 -0.4633 -0.3567 -0.2211 -0.3200 -0.4478 0.2356
 215 I  1.0000 -0.0733 -0.0100 0.7244 -0.2067 0.1722 0.7644
 216 A  -0.3889 -0.7556 -0.7522 -0.1900 -0.1889 1.0000 -0.5289
 217 P  0.2744 -1.0000 -0.3267 0.0611 -0.0111 -1.0000 0.1178
 218 N  -0.2367 -0.3656 -0.2700 -0.7489 -0.0833 -0.4478 -0.5878
 219 I  1.0000 -0.0733 -0.0100 0.7244 -0.2067 0.1722 0.7644
 220 I  1.0000 -0.0733 -0.0100 0.7244 -0.2067 0.1722 0.7644
 221 C  -0.1556 -0.3656 -0.3989 0.5644 -0.1267 -0.7244 0.5289
 222 P  0.2744 -1.0000 -0.3267 0.0611 -0.0111 -1.0000 0.1178
 223 V  0.7522 -0.3167 -0.2578 0.3678 -0.2122 -0.0344 1.0000
 224 E  -0.2556 -0.2678 -0.0644 -0.7733 -0.9644 1.0000 -0.6467
 225 S  -0.3744 -0.7078 -0.6044 -0.4044 -0.2944 -0.5178 -0.2356
 226 P  0.2744 -1.0000 -0.3267 0.0611 -0.0111 -1.0000 0.1178
 227 L  0.2367 -0.0733 -0.0100 0.6622 -0.2067 0.7933 -0.0589
 228 F  0.4033 0.4144 0.4578 0.7178 -0.3022 0.1722 0.3533
 229 G  -1.0000 -1.0000 -1.0000 -0.3800 -0.1989 -1.0000 -1.0000
 230 K  -0.0978 0.0733 0.1811 -0.9878 0.8078 0.3100 -0.2944
 231 I  1.0000 -0.0733 -0.0100 0.7244 -0.2067 0.1722 0.7644
 232 S  -0.3744 -0.7078 -0.6044 -0.4044 -0.2944 -0.5178 -0.2356
 233 D  -0.2367 -0.4633 -0.3122 -0.8522 -1.0000 -0.1722 -0.7056
 234 D  -0.2367 -0.4633 -0.3122 -0.8522 -1.0000 -0.1722 -0.7056
 235 S  -0.3744 -0.7078 -0.6044 -0.4044 -0.2944 -0.5178 -0.2356
 236 F  0.4033 0.4144 0.4578 0.7178 -0.3022 0.1722 0.3533
 237 T  0.4467 -0.4633 -0.3567 -0.2211 -0.3200 -0.4478 0.2356
 238 T  0.4467 -0.4633 -0.3567 -0.2211 -0.3200 -0.4478 0.2356
 239 R  0.1167 0.4144 0.5178 -1.0000 1.0000 0.5867 -0.4122
 240 L  0.2367 -0.0733 -0.0100 0.6622 -0.2067 0.7933 -0.0589
 241 V  0.7522 -0.3167 -0.2578 0.3678 -0.2122 -0.0344 1.0000
 242 L  0.2367 -0.0733 -0.0100 0.6622 -0.2067 0.7933 -0.0589
 243 E  -0.2556 -0.2678 -0.0644 -0.7733 -0.9644 1.0000 -0.6467
 ! !  -1.0000 -1.0000 -1.0000 -1.0000 -1.0000 -1.0000 -1.0000
 245 L  0.2367 -0.0733 -0.0100 0.6622 -0.2067 0.7933 -0.0589
 246 S  -0.3744 -0.7078 -0.6044 -0.4044 -0.2944 -0.5178 -0.2356
 247 S  -0.3744 -0.7078 -0.6044 -0.4044 -0.2944 -0.5178 -0.2356
 248 S  -0.3744 -0.7078 -0.6044 -0.4044 -0.2944 -0.5178 -0.2356
 249 P  0.2744 -1.0000 -0.3267 0.0611 -0.0111 -1.0000 0.1178
 250 N  -0.2367 -0.3656 -0.2700 -0.7489 -0.0833 -0.4478 -0.5878
 251 G  -1.0000 -1.0000 -1.0000 -0.3800 -0.1989 -1.0000 -1.0000
 252 L  0.2367 -0.0733 -0.0100 0.6622 -0.2067 0.7933 -0.0589
 253 I  1.0000 -0.0733 -0.0100 0.7244 -0.2067 0.1722 0.7644
 254 F  0.4033 0.4144 0.4578 0.7178 -0.3022 0.1722 0.3533
 255 S  -0.3744 -0.7078 -0.6044 -0.4044 -0.2944 -0.5178 -0.2356
 256 R  0.1167 0.4144 0.5178 -1.0000 1.0000 0.5867 -0.4122
 257 Y  0.4033 0.4633 0.6011 0.2089 -0.3044 -0.1722 0.5289
 258 K  -0.0978 0.0733 0.1811 -0.9878 0.8078 0.3100 -0.2944
 259 V  0.7522 -0.3167 -0.2578 0.3678 -0.2122 -0.0344 1.0000
 260 I  1.0000 -0.0733 -0.0100 0.7244 -0.2067 0.1722 0.7644
 261 R  0.1167 0.4144 0.5178 -1.0000 1.0000 0.5867 -0.4122
 262 D  -0.2367 -0.4633 -0.3122 -0.8522 -1.0000 -0.1722 -0.7056
