 1 N  -0.2367 -0.3656 -0.2700 -0.7489 -0.0833 -0.4478 -0.5878
 2 K  -0.0978 0.0733 0.1811 -0.9878 0.8078 0.3100 -0.2944
 3 Y  0.4033 0.4633 0.6011 0.2089 -0.3044 -0.1722 0.5289
 4 F  0.4033 0.4144 0.4578 0.7178 -0.3022 0.1722 0.3533
 5 E  -0.2556 -0.2678 -0.0644 -0.7733 -0.9644 1.0000 -0.6467
 6 N  -0.2367 -0.3656 -0.2700 -0.7489 -0.0833 -0.4478 -0.5878
 7 V  0.7522 -0.3167 -0.2578 0.3678 -0.2122 -0.0344 1.0000
 8 S  -0.3744 -0.7078 -0.6044 -0.4044 -0.2944 -0.5178 -0.2356
 9 K  -0.0978 0.0733 0.1811 -0.9878 0.8078 0.3100 -0.2944
 10 I  1.0000 -0.0733 -0.0100 0.7244 -0.2067 0.1722 0.7644
 11 K  -0.0978 0.0733 0.1811 -0.9878 0.8078 0.3100 -0.2944
 12 Y  0.4033 0.4633 0.6011 0.2089 -0.3044 -0.1722 0.5289
 13 E  -0.2556 -0.2678 -0.0644 -0.7733 -0.9644 1.0000 -0.6467
 14 G  -1.0000 -1.0000 -1.0000 -0.3800 -0.1989 -1.0000 -1.0000
 15 P  0.2744 -1.0000 -0.3267 0.0611 -0.0111 -1.0000 0.1178
 16 K  -0.0978 0.0733 0.1811 -0.9878 0.8078 0.3100 -0.2944
 17 S  -0.3744 -0.7078 -0.6044 -0.4044 -0.2944 -0.5178 -0.2356
 18 N  -0.2367 -0.3656 -0.2700 -0.7489 -0.0833 -0.4478 -0.5878
 19 N  -0.2367 -0.3656 -0.2700 -0.7489 -0.0833 -0.4478 -0.5878
 20 P  0.2744 -1.0000 -0.3267 0.0611 -0.0111 -1.0000 0.1178
 21 Y  0.4033 0.4633 0.6011 0.2089 -0.3044 -0.1722 0.5289
 22 S  -0.3744 -0.7078 -0.6044 -0.4044 -0.2944 -0.5178 -0.2356
 23 F  0.4033 0.4144 0.4578 0.7178 -0.3022 0.1722 0.3533
 24 K  -0.0978 0.0733 0.1811 -0.9878 0.8078 0.3100 -0.2944
 25 F  0.4033 0.4144 0.4578 0.7178 -0.3022 0.1722 0.3533
 26 Y  0.4033 0.4633 0.6011 0.2089 -0.3044 -0.1722 0.5289
 27 N  -0.2367 -0.3656 -0.2700 -0.7489 -0.0833 -0.4478 -0.5878
 28 P  0.2744 -1.0000 -0.3267 0.0611 -0.0111 -1.0000 0.1178
 29 E  -0.2556 -0.2678 -0.0644 -0.7733 -0.9644 1.0000 -0.6467
 30 E  -0.2556 -0.2678 -0.0644 -0.7733 -0.9644 1.0000 -0.6467
 31 V  0.7522 -0.3167 -0.2578 0.3678 -0.2122 -0.0344 1.0000
 32 I  1.0000 -0.0733 -0.0100 0.7244 -0.2067 0.1722 0.7644
 33 D  -0.2367 -0.4633 -0.3122 -0.8522 -1.0000 -0.1722 -0.7056
 34 G  -1.0000 -1.0000 -1.0000 -0.3800 -0.1989 -1.0000 -1.0000
 35 K  -0.0978 0.0733 0.1811 -0.9878 0.8078 0.3100 -0.2944
 36 T  0.4467 -0.4633 -0.3567 -0.2211 -0.3200 -0.4478 0.2356
 37 M  0.1222 0.0733 0.0967 0.3744 -0.2911 0.7244 -0.0011
 38 E  -0.2556 -0.2678 -0.0644 -0.7733 -0.9644 1.0000 -0.6467
 39 E  -0.2556 -0.2678 -0.0644 -0.7733 -0.9644 1.0000 -0.6467
 40 H  0.4267 0.1222 0.1533 -0.3011 0.2167 -0.0344 -0.1178
 41 L  0.2367 -0.0733 -0.0100 0.6622 -0.2067 0.7933 -0.0589
 42 R  0.1167 0.4144 0.5178 -1.0000 1.0000 0.5867 -0.4122
 43 F  0.4033 0.4144 0.4578 0.7178 -0.3022 0.1722 0.3533
 44 S  -0.3744 -0.7078 -0.6044 -0.4044 -0.2944 -0.5178 -0.2356
 45 I  1.0000 -0.0733 -0.0100 0.7244 -0.2067 0.1722 0.7644
 46 A  -0.3889 -0.7556 -0.7522 -0.1900 -0.1889 1.0000 -0.5289
 47 Y  0.4033 0.4633 0.6011 0.2089 -0.3044 -0.1722 0.5289
 48 W  0.5322 1.0000 1.0000 1.0000 -0.2322 0.3100 0.5878
 49 H  0.4267 0.1222 0.1533 -0.3011 0.2167 -0.0344 -0.1178
 50 T  0.4467 -0.4633 -0.3567 -0.2211 -0.3200 -0.4478 0.2356
 51 F  0.4033 0.4144 0.4578 0.7178 -0.3022 0.1722 0.3533
 52 T  0.4467 -0.4633 -0.3567 -0.2211 -0.3200 -0.4478 0.2356
 53 A  -0.3889 -0.7556 -0.7522 -0.1900 -0.1889 1.0000 -0.5289
 54 D  -0.2367 -0.4633 -0.3122 -0.8522 -1.0000 -0.1722 -0.7056
 55 G  -1.0000 -1.0000 -1.0000 -0.3800 -0.1989 -1.0000 -1.0000
 56 T  0.4467 -0.4633 -0.3567 -0.2211 -0.3200 -0.4478 0.2356
 57 D  -0.2367 -0.4633 -0.3122 -0.8522 -1.0000 -0.1722 -0.7056
 58 Q  -0.2556 -0.1222 -0.0222 -0.5156 -0.3067 0.5867 -0.4122
 59 F  0.4033 0.4144 0.4578 0.7178 -0.3022 0.1722 0.3533
 60 G  -1.0000 -1.0000 -1.0000 -0.3800 -0.1989 -1.0000 -1.0000
 61 K  -0.0978 0.0733 0.1811 -0.9878 0.8078 0.3100 -0.2944
 62 A  -0.3889 -0.7556 -0.7522 -0.1900 -0.1889 1.0000 -0.5289
 63 T  0.4467 -0.4633 -0.3567 -0.2211 -0.3200 -0.4478 0.2356
 64 M  0.1222 0.0733 0.0967 0.3744 -0.2911 0.7244 -0.0011
 65 Q  -0.2556 -0.1222 -0.0222 -0.5156 -0.3067 0.5867 -0.4122
 66 R  0.1167 0.4144 0.5178 -1.0000 1.0000 0.5867 -0.4122
 67 P  0.2744 -1.0000 -0.3267 0.0611 -0.0111 -1.0000 0.1178
 68 W  0.5322 1.0000 1.0000 1.0000 -0.2322 0.3100 0.5878
 69 N  -0.2367 -0.3656 -0.2700 -0.7489 -0.0833 -0.4478 -0.5878
 70 H  0.4267 0.1222 0.1533 -0.3011 0.2167 -0.0344 -0.1178
 71 Y  0.4033 0.4633 0.6011 0.2089 -0.3044 -0.1722 0.5289
 72 T  0.4467 -0.4633 -0.3567 -0.2211 -0.3200 -0.4478 0.2356
 73 D  -0.2367 -0.4633 -0.3122 -0.8522 -1.0000 -0.1722 -0.7056
 74 P  0.2744 -1.0000 -0.3267 0.0611 -0.0111 -1.0000 0.1178
 75 M  0.1222 0.0733 0.0967 0.3744 -0.2911 0.7244 -0.0011
 76 D  -0.2367 -0.4633 -0.3122 -0.8522 -1.0000 -0.1722 -0.7056
 77 I  1.0000 -0.0733 -0.0100 0.7244 -0.2067 0.1722 0.7644
 78 A  -0.3889 -0.7556 -0.7522 -0.1900 -0.1889 1.0000 -0.5289
 79 K  -0.0978 0.0733 0.1811 -0.9878 0.8078 0.3100 -0.2944
 80 A  -0.3889 -0.7556 -0.7522 -0.1900 -0.1889 1.0000 -0.5289
 81 R  0.1167 0.4144 0.5178 -1.0000 1.0000 0.5867 -0.4122
 82 V  0.7522 -0.3167 -0.2578 0.3678 -0.2122 -0.0344 1.0000
 83 E  -0.2556 -0.2678 -0.0644 -0.7733 -0.9644 1.0000 -0.6467
 84 A  -0.3889 -0.7556 -0.7522 -0.1900 -0.1889 1.0000 -0.5289
 85 A  -0.3889 -0.7556 -0.7522 -0.1900 -0.1889 1.0000 -0.5289
 86 F  0.4033 0.4144 0.4578 0.7178 -0.3022 0.1722 0.3533
 87 E  -0.2556 -0.2678 -0.0644 -0.7733 -0.9644 1.0000 -0.6467
 88 F  0.4033 0.4144 0.4578 0.7178 -0.3022 0.1722 0.3533
 89 F  0.4033 0.4144 0.4578 0.7178 -0.3022 0.1722 0.3533
 90 D  -0.2367 -0.4633 -0.3122 -0.8522 -1.0000 -0.1722 -0.7056
 91 K  -0.0978 0.0733 0.1811 -0.9878 0.8078 0.3100 -0.2944
 92 I  1.0000 -0.0733 -0.0100 0.7244 -0.2067 0.1722 0.7644
 93 N  -0.2367 -0.3656 -0.2700 -0.7489 -0.0833 -0.4478 -0.5878
 94 A  -0.3889 -0.7556 -0.7522 -0.1900 -0.1889 1.0000 -0.5289
 95 P  0.2744 -1.0000 -0.3267 0.0611 -0.0111 -1.0000 0.1178
 96 Y  0.4033 0.4633 0.6011 0.2089 -0.3044 -0.1722 0.5289
 97 F  0.4033 0.4144 0.4578 0.7178 -0.3022 0.1722 0.3533
 98 C  -0.1556 -0.3656 -0.3989 0.5644 -0.1267 -0.7244 0.5289
 99 F  0.4033 0.4144 0.4578 0.7178 -0.3022 0.1722 0.3533
 100 H  0.4267 0.1222 0.1533 -0.3011 0.2167 -0.0344 -0.1178
 101 D  -0.2367 -0.4633 -0.3122 -0.8522 -1.0000 -0.1722 -0.7056
 102 R  0.1167 0.4144 0.5178 -1.0000 1.0000 0.5867 -0.4122
 103 D  -0.2367 -0.4633 -0.3122 -0.8522 -1.0000 -0.1722 -0.7056
 104 I  1.0000 -0.0733 -0.0100 0.7244 -0.2067 0.1722 0.7644
 105 A  -0.3889 -0.7556 -0.7522 -0.1900 -0.1889 1.0000 -0.5289
 106 P  0.2744 -1.0000 -0.3267 0.0611 -0.0111 -1.0000 0.1178
 107 E  -0.2556 -0.2678 -0.0644 -0.7733 -0.9644 1.0000 -0.6467
 108 G  -1.0000 -1.0000 -1.0000 -0.3800 -0.1989 -1.0000 -1.0000
 109 D  -0.2367 -0.4633 -0.3122 -0.8522 -1.0000 -0.1722 -0.7056
 110 T  0.4467 -0.4633 -0.3567 -0.2211 -0.3200 -0.4478 0.2356
 111 L  0.2367 -0.0733 -0.0100 0.6622 -0.2067 0.7933 -0.0589
 112 R  0.1167 0.4144 0.5178 -1.0000 1.0000 0.5867 -0.4122
 113 E  -0.2556 -0.2678 -0.0644 -0.7733 -0.9644 1.0000 -0.6467
 114 T  0.4467 -0.4633 -0.3567 -0.2211 -0.3200 -0.4478 0.2356
 115 N  -0.2367 -0.3656 -0.2700 -0.7489 -0.0833 -0.4478 -0.5878
 116 K  -0.0978 0.0733 0.1811 -0.9878 0.8078 0.3100 -0.2944
 117 N  -0.2367 -0.3656 -0.2700 -0.7489 -0.0833 -0.4478 -0.5878
 118 L  0.2367 -0.0733 -0.0100 0.6622 -0.2067 0.7933 -0.0589
 119 D  -0.2367 -0.4633 -0.3122 -0.8522 -1.0000 -0.1722 -0.7056
 120 T  0.4467 -0.4633 -0.3567 -0.2211 -0.3200 -0.4478 0.2356
 121 I  1.0000 -0.0733 -0.0100 0.7244 -0.2067 0.1722 0.7644
 122 V  0.7522 -0.3167 -0.2578 0.3678 -0.2122 -0.0344 1.0000
 123 A  -0.3889 -0.7556 -0.7522 -0.1900 -0.1889 1.0000 -0.5289
 124 M  0.1222 0.0733 0.0967 0.3744 -0.2911 0.7244 -0.0011
 125 I  1.0000 -0.0733 -0.0100 0.7244 -0.2067 0.1722 0.7644
 126 K  -0.0978 0.0733 0.1811 -0.9878 0.8078 0.3100 -0.2944
 127 D  -0.2367 -0.4633 -0.3122 -0.8522 -1.0000 -0.1722 -0.7056
 128 Y  0.4033 0.4633 0.6011 0.2089 -0.3044 -0.1722 0.5289
 129 L  0.2367 -0.0733 -0.0100 0.6622 -0.2067 0.7933 -0.0589
 130 K  -0.0978 0.0733 0.1811 -0.9878 0.8078 0.3100 -0.2944
 131 T  0.4467 -0.4633 -0.3567 -0.2211 -0.3200 -0.4478 0.2356
 132 S  -0.3744 -0.7078 -0.6044 -0.4044 -0.2944 -0.5178 -0.2356
 133 K  -0.0978 0.0733 0.1811 -0.9878 0.8078 0.3100 -0.2944
 134 T  0.4467 -0.4633 -0.3567 -0.2211 -0.3200 -0.4478 0.2356
 135 K  -0.0978 0.0733 0.1811 -0.9878 0.8078 0.3100 -0.2944
 136 V  0.7522 -0.3167 -0.2578 0.3678 -0.2122 -0.0344 1.0000
 137 L  0.2367 -0.0733 -0.0100 0.6622 -0.2067 0.7933 -0.0589
 138 W  0.5322 1.0000 1.0000 1.0000 -0.2322 0.3100 0.5878
 139 G  -1.0000 -1.0000 -1.0000 -0.3800 -0.1989 -1.0000 -1.0000
 140 T  0.4467 -0.4633 -0.3567 -0.2211 -0.3200 -0.4478 0.2356
 141 A  -0.3889 -0.7556 -0.7522 -0.1900 -0.1889 1.0000 -0.5289
 142 N  -0.2367 -0.3656 -0.2700 -0.7489 -0.0833 -0.4478 -0.5878
 143 L  0.2367 -0.0733 -0.0100 0.6622 -0.2067 0.7933 -0.0589
 144 F  0.4033 0.4144 0.4578 0.7178 -0.3022 0.1722 0.3533
 145 S  -0.3744 -0.7078 -0.6044 -0.4044 -0.2944 -0.5178 -0.2356
 146 N  -0.2367 -0.3656 -0.2700 -0.7489 -0.0833 -0.4478 -0.5878
 147 P  0.2744 -1.0000 -0.3267 0.0611 -0.0111 -1.0000 0.1178
 148 R  0.1167 0.4144 0.5178 -1.0000 1.0000 0.5867 -0.4122
 149 F  0.4033 0.4144 0.4578 0.7178 -0.3022 0.1722 0.3533
 150 V  0.7522 -0.3167 -0.2578 0.3678 -0.2122 -0.0344 1.0000
 151 H  0.4267 0.1222 0.1533 -0.3011 0.2167 -0.0344 -0.1178
 152 G  -1.0000 -1.0000 -1.0000 -0.3800 -0.1989 -1.0000 -1.0000
 153 A  -0.3889 -0.7556 -0.7522 -0.1900 -0.1889 1.0000 -0.5289
 154 S  -0.3744 -0.7078 -0.6044 -0.4044 -0.2944 -0.5178 -0.2356
 155 T  0.4467 -0.4633 -0.3567 -0.2211 -0.3200 -0.4478 0.2356
 156 S  -0.3744 -0.7078 -0.6044 -0.4044 -0.2944 -0.5178 -0.2356
 157 C  -0.1556 -0.3656 -0.3989 0.5644 -0.1267 -0.7244 0.5289
 158 N  -0.2367 -0.3656 -0.2700 -0.7489 -0.0833 -0.4478 -0.5878
 159 A  -0.3889 -0.7556 -0.7522 -0.1900 -0.1889 1.0000 -0.5289
 160 D  -0.2367 -0.4633 -0.3122 -0.8522 -1.0000 -0.1722 -0.7056
 161 V  0.7522 -0.3167 -0.2578 0.3678 -0.2122 -0.0344 1.0000
 162 F  0.4033 0.4144 0.4578 0.7178 -0.3022 0.1722 0.3533
 163 A  -0.3889 -0.7556 -0.7522 -0.1900 -0.1889 1.0000 -0.5289
 164 Y  0.4033 0.4633 0.6011 0.2089 -0.3044 -0.1722 0.5289
 165 S  -0.3744 -0.7078 -0.6044 -0.4044 -0.2944 -0.5178 -0.2356
 166 A  -0.3889 -0.7556 -0.7522 -0.1900 -0.1889 1.0000 -0.5289
 167 A  -0.3889 -0.7556 -0.7522 -0.1900 -0.1889 1.0000 -0.5289
 168 Q  -0.2556 -0.1222 -0.0222 -0.5156 -0.3067 0.5867 -0.4122
 169 V  0.7522 -0.3167 -0.2578 0.3678 -0.2122 -0.0344 1.0000
 170 K  -0.0978 0.0733 0.1811 -0.9878 0.8078 0.3100 -0.2944
 171 K  -0.0978 0.0733 0.1811 -0.9878 0.8078 0.3100 -0.2944
 172 A  -0.3889 -0.7556 -0.7522 -0.1900 -0.1889 1.0000 -0.5289
 173 L  0.2367 -0.0733 -0.0100 0.6622 -0.2067 0.7933 -0.0589
 174 E  -0.2556 -0.2678 -0.0644 -0.7733 -0.9644 1.0000 -0.6467
 175 I  1.0000 -0.0733 -0.0100 0.7244 -0.2067 0.1722 0.7644
 176 T  0.4467 -0.4633 -0.3567 -0.2211 -0.3200 -0.4478 0.2356
 177 K  -0.0978 0.0733 0.1811 -0.9878 0.8078 0.3100 -0.2944
 178 E  -0.2556 -0.2678 -0.0644 -0.7733 -0.9644 1.0000 -0.6467
 179 L  0.2367 -0.0733 -0.0100 0.6622 -0.2067 0.7933 -0.0589
 180 G  -1.0000 -1.0000 -1.0000 -0.3800 -0.1989 -1.0000 -1.0000
 181 G  -1.0000 -1.0000 -1.0000 -0.3800 -0.1989 -1.0000 -1.0000
 182 E  -0.2556 -0.2678 -0.0644 -0.7733 -0.9644 1.0000 -0.6467
 183 N  -0.2367 -0.3656 -0.2700 -0.7489 -0.0833 -0.4478 -0.5878
 184 Y  0.4033 0.4633 0.6011 0.2089 -0.3044 -0.1722 0.5289
 185 V  0.7522 -0.3167 -0.2578 0.3678 -0.2122 -0.0344 1.0000
 186 F  0.4033 0.4144 0.4578 0.7178 -0.3022 0.1722 0.3533
 187 W  0.5322 1.0000 1.0000 1.0000 -0.2322 0.3100 0.5878
 188 G  -1.0000 -1.0000 -1.0000 -0.3800 -0.1989 -1.0000 -1.0000
 189 G  -1.0000 -1.0000 -1.0000 -0.3800 -0.1989 -1.0000 -1.0000
 190 R  0.1167 0.4144 0.5178 -1.0000 1.0000 0.5867 -0.4122
 191 E  -0.2556 -0.2678 -0.0644 -0.7733 -0.9644 1.0000 -0.6467
 192 G  -1.0000 -1.0000 -1.0000 -0.3800 -0.1989 -1.0000 -1.0000
 193 Y  0.4033 0.4633 0.6011 0.2089 -0.3044 -0.1722 0.5289
 194 E  -0.2556 -0.2678 -0.0644 -0.7733 -0.9644 1.0000 -0.6467
 195 T  0.4467 -0.4633 -0.3567 -0.2211 -0.3200 -0.4478 0.2356
 196 L  0.2367 -0.0733 -0.0100 0.6622 -0.2067 0.7933 -0.0589
 197 L  0.2367 -0.0733 -0.0100 0.6622 -0.2067 0.7933 -0.0589
 198 N  -0.2367 -0.3656 -0.2700 -0.7489 -0.0833 -0.4478 -0.5878
 199 T  0.4467 -0.4633 -0.3567 -0.2211 -0.3200 -0.4478 0.2356
 200 D  -0.2367 -0.4633 -0.3122 -0.8522 -1.0000 -0.1722 -0.7056
 201 M  0.1222 0.0733 0.0967 0.3744 -0.2911 0.7244 -0.0011
 202 E  -0.2556 -0.2678 -0.0644 -0.7733 -0.9644 1.0000 -0.6467
 203 F  0.4033 0.4144 0.4578 0.7178 -0.3022 0.1722 0.3533
 204 E  -0.2556 -0.2678 -0.0644 -0.7733 -0.9644 1.0000 -0.6467
 205 L  0.2367 -0.0733 -0.0100 0.6622 -0.2067 0.7933 -0.0589
 206 D  -0.2367 -0.4633 -0.3122 -0.8522 -1.0000 -0.1722 -0.7056
 207 N  -0.2367 -0.3656 -0.2700 -0.7489 -0.0833 -0.4478 -0.5878
 208 F  0.4033 0.4144 0.4578 0.7178 -0.3022 0.1722 0.3533
 209 A  -0.3889 -0.7556 -0.7522 -0.1900 -0.1889 1.0000 -0.5289
 210 R  0.1167 0.4144 0.5178 -1.0000 1.0000 0.5867 -0.4122
 211 F  0.4033 0.4144 0.4578 0.7178 -0.3022 0.1722 0.3533
 212 L  0.2367 -0.0733 -0.0100 0.6622 -0.2067 0.7933 -0.0589
 213 H  0.4267 0.1222 0.1533 -0.3011 0.2167 -0.0344 -0.1178
 214 M  0.1222 0.0733 0.0967 0.3744 -0.2911 0.7244 -0.0011
 215 A  -0.3889 -0.7556 -0.7522 -0.1900 -0.1889 1.0000 -0.5289
 216 V  0.7522 -0.3167 -0.2578 0.3678 -0.2122 -0.0344 1.0000
 217 D  -0.2367 -0.4633 -0.3122 -0.8522 -1.0000 -0.1722 -0.7056
 218 Y  0.4033 0.4633 0.6011 0.2089 -0.3044 -0.1722 0.5289
 219 A  -0.3889 -0.7556 -0.7522 -0.1900 -0.1889 1.0000 -0.5289
 220 K  -0.0978 0.0733 0.1811 -0.9878 0.8078 0.3100 -0.2944
 221 E  -0.2556 -0.2678 -0.0644 -0.7733 -0.9644 1.0000 -0.6467
 222 I  1.0000 -0.0733 -0.0100 0.7244 -0.2067 0.1722 0.7644
 223 G  -1.0000 -1.0000 -1.0000 -0.3800 -0.1989 -1.0000 -1.0000
 224 F  0.4033 0.4144 0.4578 0.7178 -0.3022 0.1722 0.3533
 225 E  -0.2556 -0.2678 -0.0644 -0.7733 -0.9644 1.0000 -0.6467
 226 G  -1.0000 -1.0000 -1.0000 -0.3800 -0.1989 -1.0000 -1.0000
 227 Q  -0.2556 -0.1222 -0.0222 -0.5156 -0.3067 0.5867 -0.4122
 228 F  0.4033 0.4144 0.4578 0.7178 -0.3022 0.1722 0.3533
 229 L  0.2367 -0.0733 -0.0100 0.6622 -0.2067 0.7933 -0.0589
 230 I  1.0000 -0.0733 -0.0100 0.7244 -0.2067 0.1722 0.7644
 231 E  -0.2556 -0.2678 -0.0644 -0.7733 -0.9644 1.0000 -0.6467
 232 P  0.2744 -1.0000 -0.3267 0.0611 -0.0111 -1.0000 0.1178
 233 K  -0.0978 0.0733 0.1811 -0.9878 0.8078 0.3100 -0.2944
 234 P  0.2744 -1.0000 -0.3267 0.0611 -0.0111 -1.0000 0.1178
 235 K  -0.0978 0.0733 0.1811 -0.9878 0.8078 0.3100 -0.2944
 236 E  -0.2556 -0.2678 -0.0644 -0.7733 -0.9644 1.0000 -0.6467
 237 P  0.2744 -1.0000 -0.3267 0.0611 -0.0111 -1.0000 0.1178
 238 T  0.4467 -0.4633 -0.3567 -0.2211 -0.3200 -0.4478 0.2356
 239 K  -0.0978 0.0733 0.1811 -0.9878 0.8078 0.3100 -0.2944
 240 H  0.4267 0.1222 0.1533 -0.3011 0.2167 -0.0344 -0.1178
 241 Q  -0.2556 -0.1222 -0.0222 -0.5156 -0.3067 0.5867 -0.4122
 242 Y  0.4033 0.4633 0.6011 0.2089 -0.3044 -0.1722 0.5289
 243 D  -0.2367 -0.4633 -0.3122 -0.8522 -1.0000 -0.1722 -0.7056
 244 F  0.4033 0.4144 0.4578 0.7178 -0.3022 0.1722 0.3533
 245 D  -0.2367 -0.4633 -0.3122 -0.8522 -1.0000 -0.1722 -0.7056
 246 V  0.7522 -0.3167 -0.2578 0.3678 -0.2122 -0.0344 1.0000
 247 A  -0.3889 -0.7556 -0.7522 -0.1900 -0.1889 1.0000 -0.5289
 248 N  -0.2367 -0.3656 -0.2700 -0.7489 -0.0833 -0.4478 -0.5878
 249 V  0.7522 -0.3167 -0.2578 0.3678 -0.2122 -0.0344 1.0000
 250 L  0.2367 -0.0733 -0.0100 0.6622 -0.2067 0.7933 -0.0589
 251 A  -0.3889 -0.7556 -0.7522 -0.1900 -0.1889 1.0000 -0.5289
 252 F  0.4033 0.4144 0.4578 0.7178 -0.3022 0.1722 0.3533
 253 L  0.2367 -0.0733 -0.0100 0.6622 -0.2067 0.7933 -0.0589
 254 R  0.1167 0.4144 0.5178 -1.0000 1.0000 0.5867 -0.4122
 255 K  -0.0978 0.0733 0.1811 -0.9878 0.8078 0.3100 -0.2944
 256 Y  0.4033 0.4633 0.6011 0.2089 -0.3044 -0.1722 0.5289
 257 D  -0.2367 -0.4633 -0.3122 -0.8522 -1.0000 -0.1722 -0.7056
 258 L  0.2367 -0.0733 -0.0100 0.6622 -0.2067 0.7933 -0.0589
 259 D  -0.2367 -0.4633 -0.3122 -0.8522 -1.0000 -0.1722 -0.7056
 260 K  -0.0978 0.0733 0.1811 -0.9878 0.8078 0.3100 -0.2944
 261 Y  0.4033 0.4633 0.6011 0.2089 -0.3044 -0.1722 0.5289
 262 F  0.4033 0.4144 0.4578 0.7178 -0.3022 0.1722 0.3533
 263 K  -0.0978 0.0733 0.1811 -0.9878 0.8078 0.3100 -0.2944
 264 V  0.7522 -0.3167 -0.2578 0.3678 -0.2122 -0.0344 1.0000
 265 N  -0.2367 -0.3656 -0.2700 -0.7489 -0.0833 -0.4478 -0.5878
 266 I  1.0000 -0.0733 -0.0100 0.7244 -0.2067 0.1722 0.7644
 267 E  -0.2556 -0.2678 -0.0644 -0.7733 -0.9644 1.0000 -0.6467
 268 A  -0.3889 -0.7556 -0.7522 -0.1900 -0.1889 1.0000 -0.5289
 269 N  -0.2367 -0.3656 -0.2700 -0.7489 -0.0833 -0.4478 -0.5878
 270 H  0.4267 0.1222 0.1533 -0.3011 0.2167 -0.0344 -0.1178
 271 A  -0.3889 -0.7556 -0.7522 -0.1900 -0.1889 1.0000 -0.5289
 272 T  0.4467 -0.4633 -0.3567 -0.2211 -0.3200 -0.4478 0.2356
 273 L  0.2367 -0.0733 -0.0100 0.6622 -0.2067 0.7933 -0.0589
 274 A  -0.3889 -0.7556 -0.7522 -0.1900 -0.1889 1.0000 -0.5289
 275 F  0.4033 0.4144 0.4578 0.7178 -0.3022 0.1722 0.3533
 276 H  0.4267 0.1222 0.1533 -0.3011 0.2167 -0.0344 -0.1178
 277 D  -0.2367 -0.4633 -0.3122 -0.8522 -1.0000 -0.1722 -0.7056
 278 F  0.4033 0.4144 0.4578 0.7178 -0.3022 0.1722 0.3533
 279 Q  -0.2556 -0.1222 -0.0222 -0.5156 -0.3067 0.5867 -0.4122
 280 H  0.4267 0.1222 0.1533 -0.3011 0.2167 -0.0344 -0.1178
 281 E  -0.2556 -0.2678 -0.0644 -0.7733 -0.9644 1.0000 -0.6467
 282 L  0.2367 -0.0733 -0.0100 0.6622 -0.2067 0.7933 -0.0589
 283 R  0.1167 0.4144 0.5178 -1.0000 1.0000 0.5867 -0.4122
 284 Y  0.4033 0.4633 0.6011 0.2089 -0.3044 -0.1722 0.5289
 285 A  -0.3889 -0.7556 -0.7522 -0.1900 -0.1889 1.0000 -0.5289
 286 R  0.1167 0.4144 0.5178 -1.0000 1.0000 0.5867 -0.4122
 287 I  1.0000 -0.0733 -0.0100 0.7244 -0.2067 0.1722 0.7644
 288 N  -0.2367 -0.3656 -0.2700 -0.7489 -0.0833 -0.4478 -0.5878
 289 G  -1.0000 -1.0000 -1.0000 -0.3800 -0.1989 -1.0000 -1.0000
 290 V  0.7522 -0.3167 -0.2578 0.3678 -0.2122 -0.0344 1.0000
 291 L  0.2367 -0.0733 -0.0100 0.6622 -0.2067 0.7933 -0.0589
 292 G  -1.0000 -1.0000 -1.0000 -0.3800 -0.1989 -1.0000 -1.0000
 293 S  -0.3744 -0.7078 -0.6044 -0.4044 -0.2944 -0.5178 -0.2356
 294 I  1.0000 -0.0733 -0.0100 0.7244 -0.2067 0.1722 0.7644
 295 D  -0.2367 -0.4633 -0.3122 -0.8522 -1.0000 -0.1722 -0.7056
 296 A  -0.3889 -0.7556 -0.7522 -0.1900 -0.1889 1.0000 -0.5289
 297 N  -0.2367 -0.3656 -0.2700 -0.7489 -0.0833 -0.4478 -0.5878
 298 T  0.4467 -0.4633 -0.3567 -0.2211 -0.3200 -0.4478 0.2356
 299 G  -1.0000 -1.0000 -1.0000 -0.3800 -0.1989 -1.0000 -1.0000
 300 D  -0.2367 -0.4633 -0.3122 -0.8522 -1.0000 -0.1722 -0.7056
 301 M  0.1222 0.0733 0.0967 0.3744 -0.2911 0.7244 -0.0011
 302 L  0.2367 -0.0733 -0.0100 0.6622 -0.2067 0.7933 -0.0589
 303 L  0.2367 -0.0733 -0.0100 0.6622 -0.2067 0.7933 -0.0589
 304 G  -1.0000 -1.0000 -1.0000 -0.3800 -0.1989 -1.0000 -1.0000
 305 W  0.5322 1.0000 1.0000 1.0000 -0.2322 0.3100 0.5878
 306 D  -0.2367 -0.4633 -0.3122 -0.8522 -1.0000 -0.1722 -0.7056
 307 T  0.4467 -0.4633 -0.3567 -0.2211 -0.3200 -0.4478 0.2356
 308 D  -0.2367 -0.4633 -0.3122 -0.8522 -1.0000 -0.1722 -0.7056
 309 Q  -0.2556 -0.1222 -0.0222 -0.5156 -0.3067 0.5867 -0.4122
 310 F  0.4033 0.4144 0.4578 0.7178 -0.3022 0.1722 0.3533
 311 P  0.2744 -1.0000 -0.3267 0.0611 -0.0111 -1.0000 0.1178
 312 T  0.4467 -0.4633 -0.3567 -0.2211 -0.3200 -0.4478 0.2356
 313 D  -0.2367 -0.4633 -0.3122 -0.8522 -1.0000 -0.1722 -0.7056
 314 I  1.0000 -0.0733 -0.0100 0.7244 -0.2067 0.1722 0.7644
 315 R  0.1167 0.4144 0.5178 -1.0000 1.0000 0.5867 -0.4122
 316 M  0.1222 0.0733 0.0967 0.3744 -0.2911 0.7244 -0.0011
 317 T  0.4467 -0.4633 -0.3567 -0.2211 -0.3200 -0.4478 0.2356
 318 T  0.4467 -0.4633 -0.3567 -0.2211 -0.3200 -0.4478 0.2356
 319 L  0.2367 -0.0733 -0.0100 0.6622 -0.2067 0.7933 -0.0589
 320 A  -0.3889 -0.7556 -0.7522 -0.1900 -0.1889 1.0000 -0.5289
 321 M  0.1222 0.0733 0.0967 0.3744 -0.2911 0.7244 -0.0011
 322 Y  0.4033 0.4633 0.6011 0.2089 -0.3044 -0.1722 0.5289
 323 E  -0.2556 -0.2678 -0.0644 -0.7733 -0.9644 1.0000 -0.6467
 324 V  0.7522 -0.3167 -0.2578 0.3678 -0.2122 -0.0344 1.0000
 325 I  1.0000 -0.0733 -0.0100 0.7244 -0.2067 0.1722 0.7644
 326 K  -0.0978 0.0733 0.1811 -0.9878 0.8078 0.3100 -0.2944
 327 M  0.1222 0.0733 0.0967 0.3744 -0.2911 0.7244 -0.0011
 328 G  -1.0000 -1.0000 -1.0000 -0.3800 -0.1989 -1.0000 -1.0000
 329 G  -1.0000 -1.0000 -1.0000 -0.3800 -0.1989 -1.0000 -1.0000
 330 F  0.4033 0.4144 0.4578 0.7178 -0.3022 0.1722 0.3533
 331 D  -0.2367 -0.4633 -0.3122 -0.8522 -1.0000 -0.1722 -0.7056
 332 K  -0.0978 0.0733 0.1811 -0.9878 0.8078 0.3100 -0.2944
 333 G  -1.0000 -1.0000 -1.0000 -0.3800 -0.1989 -1.0000 -1.0000
 334 G  -1.0000 -1.0000 -1.0000 -0.3800 -0.1989 -1.0000 -1.0000
 335 L  0.2367 -0.0733 -0.0100 0.6622 -0.2067 0.7933 -0.0589
 336 N  -0.2367 -0.3656 -0.2700 -0.7489 -0.0833 -0.4478 -0.5878
 337 F  0.4033 0.4144 0.4578 0.7178 -0.3022 0.1722 0.3533
 338 D  -0.2367 -0.4633 -0.3122 -0.8522 -1.0000 -0.1722 -0.7056
 339 A  -0.3889 -0.7556 -0.7522 -0.1900 -0.1889 1.0000 -0.5289
 340 K  -0.0978 0.0733 0.1811 -0.9878 0.8078 0.3100 -0.2944
 341 V  0.7522 -0.3167 -0.2578 0.3678 -0.2122 -0.0344 1.0000
 342 R  0.1167 0.4144 0.5178 -1.0000 1.0000 0.5867 -0.4122
 343 R  0.1167 0.4144 0.5178 -1.0000 1.0000 0.5867 -0.4122
 344 A  -0.3889 -0.7556 -0.7522 -0.1900 -0.1889 1.0000 -0.5289
 345 S  -0.3744 -0.7078 -0.6044 -0.4044 -0.2944 -0.5178 -0.2356
 346 F  0.4033 0.4144 0.4578 0.7178 -0.3022 0.1722 0.3533
 347 E  -0.2556 -0.2678 -0.0644 -0.7733 -0.9644 1.0000 -0.6467
 348 P  0.2744 -1.0000 -0.3267 0.0611 -0.0111 -1.0000 0.1178
 349 E  -0.2556 -0.2678 -0.0644 -0.7733 -0.9644 1.0000 -0.6467
 350 D  -0.2367 -0.4633 -0.3122 -0.8522 -1.0000 -0.1722 -0.7056
 351 L  0.2367 -0.0733 -0.0100 0.6622 -0.2067 0.7933 -0.0589
 352 F  0.4033 0.4144 0.4578 0.7178 -0.3022 0.1722 0.3533
 353 L  0.2367 -0.0733 -0.0100 0.6622 -0.2067 0.7933 -0.0589
 354 G  -1.0000 -1.0000 -1.0000 -0.3800 -0.1989 -1.0000 -1.0000
 355 H  0.4267 0.1222 0.1533 -0.3011 0.2167 -0.0344 -0.1178
 356 I  1.0000 -0.0733 -0.0100 0.7244 -0.2067 0.1722 0.7644
 357 A  -0.3889 -0.7556 -0.7522 -0.1900 -0.1889 1.0000 -0.5289
 358 G  -1.0000 -1.0000 -1.0000 -0.3800 -0.1989 -1.0000 -1.0000
 359 M  0.1222 0.0733 0.0967 0.3744 -0.2911 0.7244 -0.0011
 360 D  -0.2367 -0.4633 -0.3122 -0.8522 -1.0000 -0.1722 -0.7056
 361 A  -0.3889 -0.7556 -0.7522 -0.1900 -0.1889 1.0000 -0.5289
 362 F  0.4033 0.4144 0.4578 0.7178 -0.3022 0.1722 0.3533
 363 A  -0.3889 -0.7556 -0.7522 -0.1900 -0.1889 1.0000 -0.5289
 364 K  -0.0978 0.0733 0.1811 -0.9878 0.8078 0.3100 -0.2944
 365 G  -1.0000 -1.0000 -1.0000 -0.3800 -0.1989 -1.0000 -1.0000
 366 F  0.4033 0.4144 0.4578 0.7178 -0.3022 0.1722 0.3533
 367 K  -0.0978 0.0733 0.1811 -0.9878 0.8078 0.3100 -0.2944
 368 V  0.7522 -0.3167 -0.2578 0.3678 -0.2122 -0.0344 1.0000
 369 A  -0.3889 -0.7556 -0.7522 -0.1900 -0.1889 1.0000 -0.5289
 370 Y  0.4033 0.4633 0.6011 0.2089 -0.3044 -0.1722 0.5289
 371 K  -0.0978 0.0733 0.1811 -0.9878 0.8078 0.3100 -0.2944
 372 L  0.2367 -0.0733 -0.0100 0.6622 -0.2067 0.7933 -0.0589
 373 V  0.7522 -0.3167 -0.2578 0.3678 -0.2122 -0.0344 1.0000
 374 K  -0.0978 0.0733 0.1811 -0.9878 0.8078 0.3100 -0.2944
 375 D  -0.2367 -0.4633 -0.3122 -0.8522 -1.0000 -0.1722 -0.7056
 376 R  0.1167 0.4144 0.5178 -1.0000 1.0000 0.5867 -0.4122
 377 V  0.7522 -0.3167 -0.2578 0.3678 -0.2122 -0.0344 1.0000
 378 F  0.4033 0.4144 0.4578 0.7178 -0.3022 0.1722 0.3533
 379 D  -0.2367 -0.4633 -0.3122 -0.8522 -1.0000 -0.1722 -0.7056
 380 K  -0.0978 0.0733 0.1811 -0.9878 0.8078 0.3100 -0.2944
 381 F  0.4033 0.4144 0.4578 0.7178 -0.3022 0.1722 0.3533
 382 I  1.0000 -0.0733 -0.0100 0.7244 -0.2067 0.1722 0.7644
 383 E  -0.2556 -0.2678 -0.0644 -0.7733 -0.9644 1.0000 -0.6467
 384 E  -0.2556 -0.2678 -0.0644 -0.7733 -0.9644 1.0000 -0.6467
 385 R  0.1167 0.4144 0.5178 -1.0000 1.0000 0.5867 -0.4122
 386 Y  0.4033 0.4633 0.6011 0.2089 -0.3044 -0.1722 0.5289
 387 A  -0.3889 -0.7556 -0.7522 -0.1900 -0.1889 1.0000 -0.5289
 388 S  -0.3744 -0.7078 -0.6044 -0.4044 -0.2944 -0.5178 -0.2356
 389 Y  0.4033 0.4633 0.6011 0.2089 -0.3044 -0.1722 0.5289
 390 K  -0.0978 0.0733 0.1811 -0.9878 0.8078 0.3100 -0.2944
 391 D  -0.2367 -0.4633 -0.3122 -0.8522 -1.0000 -0.1722 -0.7056
 392 G  -1.0000 -1.0000 -1.0000 -0.3800 -0.1989 -1.0000 -1.0000
 393 I  1.0000 -0.0733 -0.0100 0.7244 -0.2067 0.1722 0.7644
 394 G  -1.0000 -1.0000 -1.0000 -0.3800 -0.1989 -1.0000 -1.0000
 395 A  -0.3889 -0.7556 -0.7522 -0.1900 -0.1889 1.0000 -0.5289
 396 D  -0.2367 -0.4633 -0.3122 -0.8522 -1.0000 -0.1722 -0.7056
 397 I  1.0000 -0.0733 -0.0100 0.7244 -0.2067 0.1722 0.7644
 398 V  0.7522 -0.3167 -0.2578 0.3678 -0.2122 -0.0344 1.0000
 399 S  -0.3744 -0.7078 -0.6044 -0.4044 -0.2944 -0.5178 -0.2356
 400 G  -1.0000 -1.0000 -1.0000 -0.3800 -0.1989 -1.0000 -1.0000
 401 K  -0.0978 0.0733 0.1811 -0.9878 0.8078 0.3100 -0.2944
 402 A  -0.3889 -0.7556 -0.7522 -0.1900 -0.1889 1.0000 -0.5289
 403 D  -0.2367 -0.4633 -0.3122 -0.8522 -1.0000 -0.1722 -0.7056
 404 F  0.4033 0.4144 0.4578 0.7178 -0.3022 0.1722 0.3533
 405 R  0.1167 0.4144 0.5178 -1.0000 1.0000 0.5867 -0.4122
 406 S  -0.3744 -0.7078 -0.6044 -0.4044 -0.2944 -0.5178 -0.2356
 407 L  0.2367 -0.0733 -0.0100 0.6622 -0.2067 0.7933 -0.0589
 408 E  -0.2556 -0.2678 -0.0644 -0.7733 -0.9644 1.0000 -0.6467
 409 K  -0.0978 0.0733 0.1811 -0.9878 0.8078 0.3100 -0.2944
 410 Y  0.4033 0.4633 0.6011 0.2089 -0.3044 -0.1722 0.5289
 411 A  -0.3889 -0.7556 -0.7522 -0.1900 -0.1889 1.0000 -0.5289
 412 L  0.2367 -0.0733 -0.0100 0.6622 -0.2067 0.7933 -0.0589
 413 E  -0.2556 -0.2678 -0.0644 -0.7733 -0.9644 1.0000 -0.6467
 414 R  0.1167 0.4144 0.5178 -1.0000 1.0000 0.5867 -0.4122
 415 S  -0.3744 -0.7078 -0.6044 -0.4044 -0.2944 -0.5178 -0.2356
 416 Q  -0.2556 -0.1222 -0.0222 -0.5156 -0.3067 0.5867 -0.4122
 417 I  1.0000 -0.0733 -0.0100 0.7244 -0.2067 0.1722 0.7644
 418 V  0.7522 -0.3167 -0.2578 0.3678 -0.2122 -0.0344 1.0000
 419 N  -0.2367 -0.3656 -0.2700 -0.7489 -0.0833 -0.4478 -0.5878
 420 K  -0.0978 0.0733 0.1811 -0.9878 0.8078 0.3100 -0.2944
 421 S  -0.3744 -0.7078 -0.6044 -0.4044 -0.2944 -0.5178 -0.2356
 422 G  -1.0000 -1.0000 -1.0000 -0.3800 -0.1989 -1.0000 -1.0000
 423 R  0.1167 0.4144 0.5178 -1.0000 1.0000 0.5867 -0.4122
 424 Q  -0.2556 -0.1222 -0.0222 -0.5156 -0.3067 0.5867 -0.4122
 425 E  -0.2556 -0.2678 -0.0644 -0.7733 -0.9644 1.0000 -0.6467
 426 L  0.2367 -0.0733 -0.0100 0.6622 -0.2067 0.7933 -0.0589
 427 L  0.2367 -0.0733 -0.0100 0.6622 -0.2067 0.7933 -0.0589
 428 E  -0.2556 -0.2678 -0.0644 -0.7733 -0.9644 1.0000 -0.6467
 429 S  -0.3744 -0.7078 -0.6044 -0.4044 -0.2944 -0.5178 -0.2356
 430 I  1.0000 -0.0733 -0.0100 0.7244 -0.2067 0.1722 0.7644
 431 L  0.2367 -0.0733 -0.0100 0.6622 -0.2067 0.7933 -0.0589
 432 N  -0.2367 -0.3656 -0.2700 -0.7489 -0.0833 -0.4478 -0.5878
 433 Q  -0.2556 -0.1222 -0.0222 -0.5156 -0.3067 0.5867 -0.4122
 434 Y  0.4033 0.4633 0.6011 0.2089 -0.3044 -0.1722 0.5289
 435 L  0.2367 -0.0733 -0.0100 0.6622 -0.2067 0.7933 -0.0589
 436 F  0.4033 0.4144 0.4578 0.7178 -0.3022 0.1722 0.3533
 437 A  -0.3889 -0.7556 -0.7522 -0.1900 -0.1889 1.0000 -0.5289
