 1 R  0.1167 0.4144 0.5178 -1.0000 1.0000 0.5867 -0.4122
 2 I  1.0000 -0.0733 -0.0100 0.7244 -0.2067 0.1722 0.7644
 3 C  -0.1556 -0.3656 -0.3989 0.5644 -0.1267 -0.7244 0.5289
 4 P  0.2744 -1.0000 -0.3267 0.0611 -0.0111 -1.0000 0.1178
 5 R  0.1167 0.4144 0.5178 -1.0000 1.0000 0.5867 -0.4122
 6 I  1.0000 -0.0733 -0.0100 0.7244 -0.2067 0.1722 0.7644
 7 W  0.5322 1.0000 1.0000 1.0000 -0.2322 0.3100 0.5878
 8 M  0.1222 0.0733 0.0967 0.3744 -0.2911 0.7244 -0.0011
 9 E  -0.2556 -0.2678 -0.0644 -0.7733 -0.9644 1.0000 -0.6467
 10 C  -0.1556 -0.3656 -0.3989 0.5644 -0.1267 -0.7244 0.5289
 11 T  0.4467 -0.4633 -0.3567 -0.2211 -0.3200 -0.4478 0.2356
 12 R  0.1167 0.4144 0.5178 -1.0000 1.0000 0.5867 -0.4122
 13 D  -0.2367 -0.4633 -0.3122 -0.8522 -1.0000 -0.1722 -0.7056
 14 S  -0.3744 -0.7078 -0.6044 -0.4044 -0.2944 -0.5178 -0.2356
 15 D  -0.2367 -0.4633 -0.3122 -0.8522 -1.0000 -0.1722 -0.7056
 16 C  -0.1556 -0.3656 -0.3989 0.5644 -0.1267 -0.7244 0.5289
 17 M  0.1222 0.0733 0.0967 0.3744 -0.2911 0.7244 -0.0011
 18 A  -0.3889 -0.7556 -0.7522 -0.1900 -0.1889 1.0000 -0.5289
 19 K  -0.0978 0.0733 0.1811 -0.9878 0.8078 0.3100 -0.2944
 20 C  -0.1556 -0.3656 -0.3989 0.5644 -0.1267 -0.7244 0.5289
 21 I  1.0000 -0.0733 -0.0100 0.7244 -0.2067 0.1722 0.7644
 22 C  -0.1556 -0.3656 -0.3989 0.5644 -0.1267 -0.7244 0.5289
 23 V  0.7522 -0.3167 -0.2578 0.3678 -0.2122 -0.0344 1.0000
 24 A  -0.3889 -0.7556 -0.7522 -0.1900 -0.1889 1.0000 -0.5289
 25 G  -1.0000 -1.0000 -1.0000 -0.3800 -0.1989 -1.0000 -1.0000
 26 H  0.4267 0.1222 0.1533 -0.3011 0.2167 -0.0344 -0.1178
 27 C  -0.1556 -0.3656 -0.3989 0.5644 -0.1267 -0.7244 0.5289
 28 G  -1.0000 -1.0000 -1.0000 -0.3800 -0.1989 -1.0000 -1.0000
