 1 M  0.1222 0.0733 0.0967 0.3744 -0.2911 0.7244 -0.0011
 2 I  1.0000 -0.0733 -0.0100 0.7244 -0.2067 0.1722 0.7644
 3 H  0.4267 0.1222 0.1533 -0.3011 0.2167 -0.0344 -0.1178
 4 L  0.2367 -0.0733 -0.0100 0.6622 -0.2067 0.7933 -0.0589
 5 Y  0.4033 0.4633 0.6011 0.2089 -0.3044 -0.1722 0.5289
 6 D  -0.2367 -0.4633 -0.3122 -0.8522 -1.0000 -0.1722 -0.7056
 7 A  -0.3889 -0.7556 -0.7522 -0.1900 -0.1889 1.0000 -0.5289
 8 K  -0.0978 0.0733 0.1811 -0.9878 0.8078 0.3100 -0.2944
 9 S  -0.3744 -0.7078 -0.6044 -0.4044 -0.2944 -0.5178 -0.2356
 10 F  0.4033 0.4144 0.4578 0.7178 -0.3022 0.1722 0.3533
 11 A  -0.3889 -0.7556 -0.7522 -0.1900 -0.1889 1.0000 -0.5289
 12 K  -0.0978 0.0733 0.1811 -0.9878 0.8078 0.3100 -0.2944
 13 L  0.2367 -0.0733 -0.0100 0.6622 -0.2067 0.7933 -0.0589
 14 R  0.1167 0.4144 0.5178 -1.0000 1.0000 0.5867 -0.4122
 15 A  -0.3889 -0.7556 -0.7522 -0.1900 -0.1889 1.0000 -0.5289
 16 A  -0.3889 -0.7556 -0.7522 -0.1900 -0.1889 1.0000 -0.5289
 17 Q  -0.2556 -0.1222 -0.0222 -0.5156 -0.3067 0.5867 -0.4122
 18 Y  0.4033 0.4633 0.6011 0.2089 -0.3044 -0.1722 0.5289
 19 A  -0.3889 -0.7556 -0.7522 -0.1900 -0.1889 1.0000 -0.5289
 20 A  -0.3889 -0.7556 -0.7522 -0.1900 -0.1889 1.0000 -0.5289
 21 F  0.4033 0.4144 0.4578 0.7178 -0.3022 0.1722 0.3533
 22 H  0.4267 0.1222 0.1533 -0.3011 0.2167 -0.0344 -0.1178
 23 T  0.4467 -0.4633 -0.3567 -0.2211 -0.3200 -0.4478 0.2356
 24 D  -0.2367 -0.4633 -0.3122 -0.8522 -1.0000 -0.1722 -0.7056
 25 A  -0.3889 -0.7556 -0.7522 -0.1900 -0.1889 1.0000 -0.5289
 26 P  0.2744 -1.0000 -0.3267 0.0611 -0.0111 -1.0000 0.1178
 27 G  -1.0000 -1.0000 -1.0000 -0.3800 -0.1989 -1.0000 -1.0000
 28 S  -0.3744 -0.7078 -0.6044 -0.4044 -0.2944 -0.5178 -0.2356
 29 W  0.5322 1.0000 1.0000 1.0000 -0.2322 0.3100 0.5878
 30 F  0.4033 0.4144 0.4578 0.7178 -0.3022 0.1722 0.3533
 31 D  -0.2367 -0.4633 -0.3122 -0.8522 -1.0000 -0.1722 -0.7056
 32 H  0.4267 0.1222 0.1533 -0.3011 0.2167 -0.0344 -0.1178
 33 T  0.4467 -0.4633 -0.3567 -0.2211 -0.3200 -0.4478 0.2356
 34 S  -0.3744 -0.7078 -0.6044 -0.4044 -0.2944 -0.5178 -0.2356
 35 G  -1.0000 -1.0000 -1.0000 -0.3800 -0.1989 -1.0000 -1.0000
 36 V  0.7522 -0.3167 -0.2578 0.3678 -0.2122 -0.0344 1.0000
 37 L  0.2367 -0.0733 -0.0100 0.6622 -0.2067 0.7933 -0.0589
 38 E  -0.2556 -0.2678 -0.0644 -0.7733 -0.9644 1.0000 -0.6467
 39 S  -0.3744 -0.7078 -0.6044 -0.4044 -0.2944 -0.5178 -0.2356
 40 V  0.7522 -0.3167 -0.2578 0.3678 -0.2122 -0.0344 1.0000
 41 E  -0.2556 -0.2678 -0.0644 -0.7733 -0.9644 1.0000 -0.6467
 42 D  -0.2367 -0.4633 -0.3122 -0.8522 -1.0000 -0.1722 -0.7056
 43 G  -1.0000 -1.0000 -1.0000 -0.3800 -0.1989 -1.0000 -1.0000
 44 T  0.4467 -0.4633 -0.3567 -0.2211 -0.3200 -0.4478 0.2356
 45 P  0.2744 -1.0000 -0.3267 0.0611 -0.0111 -1.0000 0.1178
 46 V  0.7522 -0.3167 -0.2578 0.3678 -0.2122 -0.0344 1.0000
 47 L  0.2367 -0.0733 -0.0100 0.6622 -0.2067 0.7933 -0.0589
 48 A  -0.3889 -0.7556 -0.7522 -0.1900 -0.1889 1.0000 -0.5289
 49 I  1.0000 -0.0733 -0.0100 0.7244 -0.2067 0.1722 0.7644
 50 G  -1.0000 -1.0000 -1.0000 -0.3800 -0.1989 -1.0000 -1.0000
 51 V  0.7522 -0.3167 -0.2578 0.3678 -0.2122 -0.0344 1.0000
 52 E  -0.2556 -0.2678 -0.0644 -0.7733 -0.9644 1.0000 -0.6467
 53 S  -0.3744 -0.7078 -0.6044 -0.4044 -0.2944 -0.5178 -0.2356
 54 G  -1.0000 -1.0000 -1.0000 -0.3800 -0.1989 -1.0000 -1.0000
 55 D  -0.2367 -0.4633 -0.3122 -0.8522 -1.0000 -0.1722 -0.7056
 56 A  -0.3889 -0.7556 -0.7522 -0.1900 -0.1889 1.0000 -0.5289
 57 I  1.0000 -0.0733 -0.0100 0.7244 -0.2067 0.1722 0.7644
 58 V  0.7522 -0.3167 -0.2578 0.3678 -0.2122 -0.0344 1.0000
 59 F  0.4033 0.4144 0.4578 0.7178 -0.3022 0.1722 0.3533
 60 D  -0.2367 -0.4633 -0.3122 -0.8522 -1.0000 -0.1722 -0.7056
 61 K  -0.0978 0.0733 0.1811 -0.9878 0.8078 0.3100 -0.2944
 62 N  -0.2367 -0.3656 -0.2700 -0.7489 -0.0833 -0.4478 -0.5878
 63 A  -0.3889 -0.7556 -0.7522 -0.1900 -0.1889 1.0000 -0.5289
 64 Q  -0.2556 -0.1222 -0.0222 -0.5156 -0.3067 0.5867 -0.4122
 65 R  0.1167 0.4144 0.5178 -1.0000 1.0000 0.5867 -0.4122
 66 I  1.0000 -0.0733 -0.0100 0.7244 -0.2067 0.1722 0.7644
 67 V  0.7522 -0.3167 -0.2578 0.3678 -0.2122 -0.0344 1.0000
 68 A  -0.3889 -0.7556 -0.7522 -0.1900 -0.1889 1.0000 -0.5289
 69 Y  0.4033 0.4633 0.6011 0.2089 -0.3044 -0.1722 0.5289
 70 K  -0.0978 0.0733 0.1811 -0.9878 0.8078 0.3100 -0.2944
 71 E  -0.2556 -0.2678 -0.0644 -0.7733 -0.9644 1.0000 -0.6467
 72 K  -0.0978 0.0733 0.1811 -0.9878 0.8078 0.3100 -0.2944
 73 S  -0.3744 -0.7078 -0.6044 -0.4044 -0.2944 -0.5178 -0.2356
 74 V  0.7522 -0.3167 -0.2578 0.3678 -0.2122 -0.0344 1.0000
 75 K  -0.0978 0.0733 0.1811 -0.9878 0.8078 0.3100 -0.2944
 76 A  -0.3889 -0.7556 -0.7522 -0.1900 -0.1889 1.0000 -0.5289
 77 E  -0.2556 -0.2678 -0.0644 -0.7733 -0.9644 1.0000 -0.6467
 78 D  -0.2367 -0.4633 -0.3122 -0.8522 -1.0000 -0.1722 -0.7056
 79 G  -1.0000 -1.0000 -1.0000 -0.3800 -0.1989 -1.0000 -1.0000
 80 S  -0.3744 -0.7078 -0.6044 -0.4044 -0.2944 -0.5178 -0.2356
 81 V  0.7522 -0.3167 -0.2578 0.3678 -0.2122 -0.0344 1.0000
 82 S  -0.3744 -0.7078 -0.6044 -0.4044 -0.2944 -0.5178 -0.2356
 83 V  0.7522 -0.3167 -0.2578 0.3678 -0.2122 -0.0344 1.0000
 84 V  0.7522 -0.3167 -0.2578 0.3678 -0.2122 -0.0344 1.0000
 85 Q  -0.2556 -0.1222 -0.0222 -0.5156 -0.3067 0.5867 -0.4122
 86 V  0.7522 -0.3167 -0.2578 0.3678 -0.2122 -0.0344 1.0000
 87 E  -0.2556 -0.2678 -0.0644 -0.7733 -0.9644 1.0000 -0.6467
 88 N  -0.2367 -0.3656 -0.2700 -0.7489 -0.0833 -0.4478 -0.5878
 89 G  -1.0000 -1.0000 -1.0000 -0.3800 -0.1989 -1.0000 -1.0000
 90 F  0.4033 0.4144 0.4578 0.7178 -0.3022 0.1722 0.3533
 91 M  0.1222 0.0733 0.0967 0.3744 -0.2911 0.7244 -0.0011
 92 K  -0.0978 0.0733 0.1811 -0.9878 0.8078 0.3100 -0.2944
 93 Q  -0.2556 -0.1222 -0.0222 -0.5156 -0.3067 0.5867 -0.4122
 94 G  -1.0000 -1.0000 -1.0000 -0.3800 -0.1989 -1.0000 -1.0000
 95 H  0.4267 0.1222 0.1533 -0.3011 0.2167 -0.0344 -0.1178
 96 R  0.1167 0.4144 0.5178 -1.0000 1.0000 0.5867 -0.4122
 97 G  -1.0000 -1.0000 -1.0000 -0.3800 -0.1989 -1.0000 -1.0000
 98 W  0.5322 1.0000 1.0000 1.0000 -0.2322 0.3100 0.5878
 99 L  0.2367 -0.0733 -0.0100 0.6622 -0.2067 0.7933 -0.0589
 100 V  0.7522 -0.3167 -0.2578 0.3678 -0.2122 -0.0344 1.0000
 101 D  -0.2367 -0.4633 -0.3122 -0.8522 -1.0000 -0.1722 -0.7056
 102 L  0.2367 -0.0733 -0.0100 0.6622 -0.2067 0.7933 -0.0589
 103 T  0.4467 -0.4633 -0.3567 -0.2211 -0.3200 -0.4478 0.2356
 104 G  -1.0000 -1.0000 -1.0000 -0.3800 -0.1989 -1.0000 -1.0000
 105 E  -0.2556 -0.2678 -0.0644 -0.7733 -0.9644 1.0000 -0.6467
 106 L  0.2367 -0.0733 -0.0100 0.6622 -0.2067 0.7933 -0.0589
 107 V  0.7522 -0.3167 -0.2578 0.3678 -0.2122 -0.0344 1.0000
 108 G  -1.0000 -1.0000 -1.0000 -0.3800 -0.1989 -1.0000 -1.0000
 109 C  -0.1556 -0.3656 -0.3989 0.5644 -0.1267 -0.7244 0.5289
 110 S  -0.3744 -0.7078 -0.6044 -0.4044 -0.2944 -0.5178 -0.2356
 111 P  0.2744 -1.0000 -0.3267 0.0611 -0.0111 -1.0000 0.1178
 112 V  0.7522 -0.3167 -0.2578 0.3678 -0.2122 -0.0344 1.0000
 113 V  0.7522 -0.3167 -0.2578 0.3678 -0.2122 -0.0344 1.0000
 114 A  -0.3889 -0.7556 -0.7522 -0.1900 -0.1889 1.0000 -0.5289
 115 E  -0.2556 -0.2678 -0.0644 -0.7733 -0.9644 1.0000 -0.6467
 116 F  0.4033 0.4144 0.4578 0.7178 -0.3022 0.1722 0.3533
 117 G  -1.0000 -1.0000 -1.0000 -0.3800 -0.1989 -1.0000 -1.0000
 118 G  -1.0000 -1.0000 -1.0000 -0.3800 -0.1989 -1.0000 -1.0000
 119 H  0.4267 0.1222 0.1533 -0.3011 0.2167 -0.0344 -0.1178
 120 R  0.1167 0.4144 0.5178 -1.0000 1.0000 0.5867 -0.4122
 121 Y  0.4033 0.4633 0.6011 0.2089 -0.3044 -0.1722 0.5289
 122 A  -0.3889 -0.7556 -0.7522 -0.1900 -0.1889 1.0000 -0.5289
 123 S  -0.3744 -0.7078 -0.6044 -0.4044 -0.2944 -0.5178 -0.2356
 124 G  -1.0000 -1.0000 -1.0000 -0.3800 -0.1989 -1.0000 -1.0000
 125 M  0.1222 0.0733 0.0967 0.3744 -0.2911 0.7244 -0.0011
 126 V  0.7522 -0.3167 -0.2578 0.3678 -0.2122 -0.0344 1.0000
 127 I  1.0000 -0.0733 -0.0100 0.7244 -0.2067 0.1722 0.7644
 128 V  0.7522 -0.3167 -0.2578 0.3678 -0.2122 -0.0344 1.0000
 129 T  0.4467 -0.4633 -0.3567 -0.2211 -0.3200 -0.4478 0.2356
 130 G  -1.0000 -1.0000 -1.0000 -0.3800 -0.1989 -1.0000 -1.0000
 131 K  -0.0978 0.0733 0.1811 -0.9878 0.8078 0.3100 -0.2944
 132 G  -1.0000 -1.0000 -1.0000 -0.3800 -0.1989 -1.0000 -1.0000
 133 N  -0.2367 -0.3656 -0.2700 -0.7489 -0.0833 -0.4478 -0.5878
 134 S  -0.3744 -0.7078 -0.6044 -0.4044 -0.2944 -0.5178 -0.2356
 135 G  -1.0000 -1.0000 -1.0000 -0.3800 -0.1989 -1.0000 -1.0000
 136 K  -0.0978 0.0733 0.1811 -0.9878 0.8078 0.3100 -0.2944
 137 T  0.4467 -0.4633 -0.3567 -0.2211 -0.3200 -0.4478 0.2356
 138 P  0.2744 -1.0000 -0.3267 0.0611 -0.0111 -1.0000 0.1178
 139 L  0.2367 -0.0733 -0.0100 0.6622 -0.2067 0.7933 -0.0589
 140 V  0.7522 -0.3167 -0.2578 0.3678 -0.2122 -0.0344 1.0000
 141 H  0.4267 0.1222 0.1533 -0.3011 0.2167 -0.0344 -0.1178
 142 A  -0.3889 -0.7556 -0.7522 -0.1900 -0.1889 1.0000 -0.5289
 143 L  0.2367 -0.0733 -0.0100 0.6622 -0.2067 0.7933 -0.0589
 144 G  -1.0000 -1.0000 -1.0000 -0.3800 -0.1989 -1.0000 -1.0000
 145 E  -0.2556 -0.2678 -0.0644 -0.7733 -0.9644 1.0000 -0.6467
 146 A  -0.3889 -0.7556 -0.7522 -0.1900 -0.1889 1.0000 -0.5289
 147 L  0.2367 -0.0733 -0.0100 0.6622 -0.2067 0.7933 -0.0589
 148 G  -1.0000 -1.0000 -1.0000 -0.3800 -0.1989 -1.0000 -1.0000
 149 G  -1.0000 -1.0000 -1.0000 -0.3800 -0.1989 -1.0000 -1.0000
 150 K  -0.0978 0.0733 0.1811 -0.9878 0.8078 0.3100 -0.2944
 151 D  -0.2367 -0.4633 -0.3122 -0.8522 -1.0000 -0.1722 -0.7056
 152 K  -0.0978 0.0733 0.1811 -0.9878 0.8078 0.3100 -0.2944
 153 Y  0.4033 0.4633 0.6011 0.2089 -0.3044 -0.1722 0.5289
 154 A  -0.3889 -0.7556 -0.7522 -0.1900 -0.1889 1.0000 -0.5289
 155 T  0.4467 -0.4633 -0.3567 -0.2211 -0.3200 -0.4478 0.2356
 156 V  0.7522 -0.3167 -0.2578 0.3678 -0.2122 -0.0344 1.0000
 157 R  0.1167 0.4144 0.5178 -1.0000 1.0000 0.5867 -0.4122
 158 F  0.4033 0.4144 0.4578 0.7178 -0.3022 0.1722 0.3533
 159 G  -1.0000 -1.0000 -1.0000 -0.3800 -0.1989 -1.0000 -1.0000
 160 E  -0.2556 -0.2678 -0.0644 -0.7733 -0.9644 1.0000 -0.6467
 161 P  0.2744 -1.0000 -0.3267 0.0611 -0.0111 -1.0000 0.1178
 162 L  0.2367 -0.0733 -0.0100 0.6622 -0.2067 0.7933 -0.0589
 163 S  -0.3744 -0.7078 -0.6044 -0.4044 -0.2944 -0.5178 -0.2356
 164 G  -1.0000 -1.0000 -1.0000 -0.3800 -0.1989 -1.0000 -1.0000
 165 Y  0.4033 0.4633 0.6011 0.2089 -0.3044 -0.1722 0.5289
 166 N  -0.2367 -0.3656 -0.2700 -0.7489 -0.0833 -0.4478 -0.5878
 167 T  0.4467 -0.4633 -0.3567 -0.2211 -0.3200 -0.4478 0.2356
 168 D  -0.2367 -0.4633 -0.3122 -0.8522 -1.0000 -0.1722 -0.7056
 169 F  0.4033 0.4144 0.4578 0.7178 -0.3022 0.1722 0.3533
 170 N  -0.2367 -0.3656 -0.2700 -0.7489 -0.0833 -0.4478 -0.5878
 171 V  0.7522 -0.3167 -0.2578 0.3678 -0.2122 -0.0344 1.0000
 172 F  0.4033 0.4144 0.4578 0.7178 -0.3022 0.1722 0.3533
 173 V  0.7522 -0.3167 -0.2578 0.3678 -0.2122 -0.0344 1.0000
 174 D  -0.2367 -0.4633 -0.3122 -0.8522 -1.0000 -0.1722 -0.7056
 175 D  -0.2367 -0.4633 -0.3122 -0.8522 -1.0000 -0.1722 -0.7056
 176 I  1.0000 -0.0733 -0.0100 0.7244 -0.2067 0.1722 0.7644
 177 A  -0.3889 -0.7556 -0.7522 -0.1900 -0.1889 1.0000 -0.5289
 178 R  0.1167 0.4144 0.5178 -1.0000 1.0000 0.5867 -0.4122
 179 A  -0.3889 -0.7556 -0.7522 -0.1900 -0.1889 1.0000 -0.5289
 180 M  0.1222 0.0733 0.0967 0.3744 -0.2911 0.7244 -0.0011
 181 L  0.2367 -0.0733 -0.0100 0.6622 -0.2067 0.7933 -0.0589
 182 Q  -0.2556 -0.1222 -0.0222 -0.5156 -0.3067 0.5867 -0.4122
 183 H  0.4267 0.1222 0.1533 -0.3011 0.2167 -0.0344 -0.1178
 184 R  0.1167 0.4144 0.5178 -1.0000 1.0000 0.5867 -0.4122
 185 V  0.7522 -0.3167 -0.2578 0.3678 -0.2122 -0.0344 1.0000
 186 I  1.0000 -0.0733 -0.0100 0.7244 -0.2067 0.1722 0.7644
 187 V  0.7522 -0.3167 -0.2578 0.3678 -0.2122 -0.0344 1.0000
 188 I  1.0000 -0.0733 -0.0100 0.7244 -0.2067 0.1722 0.7644
 189 D  -0.2367 -0.4633 -0.3122 -0.8522 -1.0000 -0.1722 -0.7056
 190 S  -0.3744 -0.7078 -0.6044 -0.4044 -0.2944 -0.5178 -0.2356
 191 L  0.2367 -0.0733 -0.0100 0.6622 -0.2067 0.7933 -0.0589
 192 K  -0.0978 0.0733 0.1811 -0.9878 0.8078 0.3100 -0.2944
 193 N  -0.2367 -0.3656 -0.2700 -0.7489 -0.0833 -0.4478 -0.5878
 194 V  0.7522 -0.3167 -0.2578 0.3678 -0.2122 -0.0344 1.0000
 195 I  1.0000 -0.0733 -0.0100 0.7244 -0.2067 0.1722 0.7644
 ! !  -1.0000 -1.0000 -1.0000 -1.0000 -1.0000 -1.0000 -1.0000
 207 I  1.0000 -0.0733 -0.0100 0.7244 -0.2067 0.1722 0.7644
 208 S  -0.3744 -0.7078 -0.6044 -0.4044 -0.2944 -0.5178 -0.2356
 209 R  0.1167 0.4144 0.5178 -1.0000 1.0000 0.5867 -0.4122
 210 G  -1.0000 -1.0000 -1.0000 -0.3800 -0.1989 -1.0000 -1.0000
 211 A  -0.3889 -0.7556 -0.7522 -0.1900 -0.1889 1.0000 -0.5289
 212 F  0.4033 0.4144 0.4578 0.7178 -0.3022 0.1722 0.3533
 213 D  -0.2367 -0.4633 -0.3122 -0.8522 -1.0000 -0.1722 -0.7056
 214 L  0.2367 -0.0733 -0.0100 0.6622 -0.2067 0.7933 -0.0589
 215 L  0.2367 -0.0733 -0.0100 0.6622 -0.2067 0.7933 -0.0589
 216 S  -0.3744 -0.7078 -0.6044 -0.4044 -0.2944 -0.5178 -0.2356
 217 D  -0.2367 -0.4633 -0.3122 -0.8522 -1.0000 -0.1722 -0.7056
 218 I  1.0000 -0.0733 -0.0100 0.7244 -0.2067 0.1722 0.7644
 219 G  -1.0000 -1.0000 -1.0000 -0.3800 -0.1989 -1.0000 -1.0000
 220 A  -0.3889 -0.7556 -0.7522 -0.1900 -0.1889 1.0000 -0.5289
 221 M  0.1222 0.0733 0.0967 0.3744 -0.2911 0.7244 -0.0011
 222 A  -0.3889 -0.7556 -0.7522 -0.1900 -0.1889 1.0000 -0.5289
 223 A  -0.3889 -0.7556 -0.7522 -0.1900 -0.1889 1.0000 -0.5289
 224 S  -0.3744 -0.7078 -0.6044 -0.4044 -0.2944 -0.5178 -0.2356
 225 R  0.1167 0.4144 0.5178 -1.0000 1.0000 0.5867 -0.4122
 226 G  -1.0000 -1.0000 -1.0000 -0.3800 -0.1989 -1.0000 -1.0000
 227 C  -0.1556 -0.3656 -0.3989 0.5644 -0.1267 -0.7244 0.5289
 228 V  0.7522 -0.3167 -0.2578 0.3678 -0.2122 -0.0344 1.0000
 229 V  0.7522 -0.3167 -0.2578 0.3678 -0.2122 -0.0344 1.0000
 230 I  1.0000 -0.0733 -0.0100 0.7244 -0.2067 0.1722 0.7644
 231 A  -0.3889 -0.7556 -0.7522 -0.1900 -0.1889 1.0000 -0.5289
 232 S  -0.3744 -0.7078 -0.6044 -0.4044 -0.2944 -0.5178 -0.2356
 233 L  0.2367 -0.0733 -0.0100 0.6622 -0.2067 0.7933 -0.0589
 234 N  -0.2367 -0.3656 -0.2700 -0.7489 -0.0833 -0.4478 -0.5878
 235 P  0.2744 -1.0000 -0.3267 0.0611 -0.0111 -1.0000 0.1178
 236 T  0.4467 -0.4633 -0.3567 -0.2211 -0.3200 -0.4478 0.2356
 237 S  -0.3744 -0.7078 -0.6044 -0.4044 -0.2944 -0.5178 -0.2356
 238 N  -0.2367 -0.3656 -0.2700 -0.7489 -0.0833 -0.4478 -0.5878
 239 D  -0.2367 -0.4633 -0.3122 -0.8522 -1.0000 -0.1722 -0.7056
 240 D  -0.2367 -0.4633 -0.3122 -0.8522 -1.0000 -0.1722 -0.7056
 241 K  -0.0978 0.0733 0.1811 -0.9878 0.8078 0.3100 -0.2944
 242 I  1.0000 -0.0733 -0.0100 0.7244 -0.2067 0.1722 0.7644
 243 V  0.7522 -0.3167 -0.2578 0.3678 -0.2122 -0.0344 1.0000
 244 E  -0.2556 -0.2678 -0.0644 -0.7733 -0.9644 1.0000 -0.6467
 245 L  0.2367 -0.0733 -0.0100 0.6622 -0.2067 0.7933 -0.0589
 246 V  0.7522 -0.3167 -0.2578 0.3678 -0.2122 -0.0344 1.0000
 247 K  -0.0978 0.0733 0.1811 -0.9878 0.8078 0.3100 -0.2944
 248 E  -0.2556 -0.2678 -0.0644 -0.7733 -0.9644 1.0000 -0.6467
 249 A  -0.3889 -0.7556 -0.7522 -0.1900 -0.1889 1.0000 -0.5289
 250 S  -0.3744 -0.7078 -0.6044 -0.4044 -0.2944 -0.5178 -0.2356
 251 R  0.1167 0.4144 0.5178 -1.0000 1.0000 0.5867 -0.4122
 252 A  -0.3889 -0.7556 -0.7522 -0.1900 -0.1889 1.0000 -0.5289
 253 N  -0.2367 -0.3656 -0.2700 -0.7489 -0.0833 -0.4478 -0.5878
 254 S  -0.3744 -0.7078 -0.6044 -0.4044 -0.2944 -0.5178 -0.2356
 255 T  0.4467 -0.4633 -0.3567 -0.2211 -0.3200 -0.4478 0.2356
 256 S  -0.3744 -0.7078 -0.6044 -0.4044 -0.2944 -0.5178 -0.2356
 257 L  0.2367 -0.0733 -0.0100 0.6622 -0.2067 0.7933 -0.0589
 258 V  0.7522 -0.3167 -0.2578 0.3678 -0.2122 -0.0344 1.0000
 259 I  1.0000 -0.0733 -0.0100 0.7244 -0.2067 0.1722 0.7644
 260 S  -0.3744 -0.7078 -0.6044 -0.4044 -0.2944 -0.5178 -0.2356
 261 T  0.4467 -0.4633 -0.3567 -0.2211 -0.3200 -0.4478 0.2356
 262 D  -0.2367 -0.4633 -0.3122 -0.8522 -1.0000 -0.1722 -0.7056
 263 V  0.7522 -0.3167 -0.2578 0.3678 -0.2122 -0.0344 1.0000
 264 D  -0.2367 -0.4633 -0.3122 -0.8522 -1.0000 -0.1722 -0.7056
 265 G  -1.0000 -1.0000 -1.0000 -0.3800 -0.1989 -1.0000 -1.0000
 266 E  -0.2556 -0.2678 -0.0644 -0.7733 -0.9644 1.0000 -0.6467
 267 W  0.5322 1.0000 1.0000 1.0000 -0.2322 0.3100 0.5878
 268 Q  -0.2556 -0.1222 -0.0222 -0.5156 -0.3067 0.5867 -0.4122
 269 V  0.7522 -0.3167 -0.2578 0.3678 -0.2122 -0.0344 1.0000
 270 L  0.2367 -0.0733 -0.0100 0.6622 -0.2067 0.7933 -0.0589
 271 T  0.4467 -0.4633 -0.3567 -0.2211 -0.3200 -0.4478 0.2356
 272 R  0.1167 0.4144 0.5178 -1.0000 1.0000 0.5867 -0.4122
 273 T  0.4467 -0.4633 -0.3567 -0.2211 -0.3200 -0.4478 0.2356
 274 G  -1.0000 -1.0000 -1.0000 -0.3800 -0.1989 -1.0000 -1.0000
 275 E  -0.2556 -0.2678 -0.0644 -0.7733 -0.9644 1.0000 -0.6467
 276 G  -1.0000 -1.0000 -1.0000 -0.3800 -0.1989 -1.0000 -1.0000
 277 L  0.2367 -0.0733 -0.0100 0.6622 -0.2067 0.7933 -0.0589
 278 Q  -0.2556 -0.1222 -0.0222 -0.5156 -0.3067 0.5867 -0.4122
 279 R  0.1167 0.4144 0.5178 -1.0000 1.0000 0.5867 -0.4122
 280 L  0.2367 -0.0733 -0.0100 0.6622 -0.2067 0.7933 -0.0589
 281 T  0.4467 -0.4633 -0.3567 -0.2211 -0.3200 -0.4478 0.2356
 282 H  0.4267 0.1222 0.1533 -0.3011 0.2167 -0.0344 -0.1178
 283 T  0.4467 -0.4633 -0.3567 -0.2211 -0.3200 -0.4478 0.2356
 284 L  0.2367 -0.0733 -0.0100 0.6622 -0.2067 0.7933 -0.0589
 285 Q  -0.2556 -0.1222 -0.0222 -0.5156 -0.3067 0.5867 -0.4122
 286 T  0.4467 -0.4633 -0.3567 -0.2211 -0.3200 -0.4478 0.2356
 287 S  -0.3744 -0.7078 -0.6044 -0.4044 -0.2944 -0.5178 -0.2356
 288 Y  0.4033 0.4633 0.6011 0.2089 -0.3044 -0.1722 0.5289
 289 G  -1.0000 -1.0000 -1.0000 -0.3800 -0.1989 -1.0000 -1.0000
 290 E  -0.2556 -0.2678 -0.0644 -0.7733 -0.9644 1.0000 -0.6467
 291 H  0.4267 0.1222 0.1533 -0.3011 0.2167 -0.0344 -0.1178
 292 S  -0.3744 -0.7078 -0.6044 -0.4044 -0.2944 -0.5178 -0.2356
 293 V  0.7522 -0.3167 -0.2578 0.3678 -0.2122 -0.0344 1.0000
 294 L  0.2367 -0.0733 -0.0100 0.6622 -0.2067 0.7933 -0.0589
 295 T  0.4467 -0.4633 -0.3567 -0.2211 -0.3200 -0.4478 0.2356
 296 I  1.0000 -0.0733 -0.0100 0.7244 -0.2067 0.1722 0.7644
 297 H  0.4267 0.1222 0.1533 -0.3011 0.2167 -0.0344 -0.1178
 298 T  0.4467 -0.4633 -0.3567 -0.2211 -0.3200 -0.4478 0.2356
 299 S  -0.3744 -0.7078 -0.6044 -0.4044 -0.2944 -0.5178 -0.2356
