 2 A  -0.3889 -0.7556 -0.7522 -0.1900 -0.1889 1.0000 -0.5289
 3 N  -0.2367 -0.3656 -0.2700 -0.7489 -0.0833 -0.4478 -0.5878
 4 F  0.4033 0.4144 0.4578 0.7178 -0.3022 0.1722 0.3533
 5 N  -0.2367 -0.3656 -0.2700 -0.7489 -0.0833 -0.4478 -0.5878
 6 V  0.7522 -0.3167 -0.2578 0.3678 -0.2122 -0.0344 1.0000
 7 P  0.2744 -1.0000 -0.3267 0.0611 -0.0111 -1.0000 0.1178
 8 K  -0.0978 0.0733 0.1811 -0.9878 0.8078 0.3100 -0.2944
 9 L  0.2367 -0.0733 -0.0100 0.6622 -0.2067 0.7933 -0.0589
 10 G  -1.0000 -1.0000 -1.0000 -0.3800 -0.1989 -1.0000 -1.0000
 11 V  0.7522 -0.3167 -0.2578 0.3678 -0.2122 -0.0344 1.0000
 12 F  0.4033 0.4144 0.4578 0.7178 -0.3022 0.1722 0.3533
 13 P  0.2744 -1.0000 -0.3267 0.0611 -0.0111 -1.0000 0.1178
 14 V  0.7522 -0.3167 -0.2578 0.3678 -0.2122 -0.0344 1.0000
 15 A  -0.3889 -0.7556 -0.7522 -0.1900 -0.1889 1.0000 -0.5289
 16 A  -0.3889 -0.7556 -0.7522 -0.1900 -0.1889 1.0000 -0.5289
 17 V  0.7522 -0.3167 -0.2578 0.3678 -0.2122 -0.0344 1.0000
 18 F  0.4033 0.4144 0.4578 0.7178 -0.3022 0.1722 0.3533
 19 D  -0.2367 -0.4633 -0.3122 -0.8522 -1.0000 -0.1722 -0.7056
 20 I  1.0000 -0.0733 -0.0100 0.7244 -0.2067 0.1722 0.7644
 21 D  -0.2367 -0.4633 -0.3122 -0.8522 -1.0000 -0.1722 -0.7056
 22 N  -0.2367 -0.3656 -0.2700 -0.7489 -0.0833 -0.4478 -0.5878
 23 V  0.7522 -0.3167 -0.2578 0.3678 -0.2122 -0.0344 1.0000
 24 P  0.2744 -1.0000 -0.3267 0.0611 -0.0111 -1.0000 0.1178
 25 E  -0.2556 -0.2678 -0.0644 -0.7733 -0.9644 1.0000 -0.6467
 26 D  -0.2367 -0.4633 -0.3122 -0.8522 -1.0000 -0.1722 -0.7056
 27 S  -0.3744 -0.7078 -0.6044 -0.4044 -0.2944 -0.5178 -0.2356
 28 S  -0.3744 -0.7078 -0.6044 -0.4044 -0.2944 -0.5178 -0.2356
 29 A  -0.3889 -0.7556 -0.7522 -0.1900 -0.1889 1.0000 -0.5289
 30 T  0.4467 -0.4633 -0.3567 -0.2211 -0.3200 -0.4478 0.2356
 31 G  -1.0000 -1.0000 -1.0000 -0.3800 -0.1989 -1.0000 -1.0000
 32 S  -0.3744 -0.7078 -0.6044 -0.4044 -0.2944 -0.5178 -0.2356
 33 R  0.1167 0.4144 0.5178 -1.0000 1.0000 0.5867 -0.4122
 34 W  0.5322 1.0000 1.0000 1.0000 -0.2322 0.3100 0.5878
 35 L  0.2367 -0.0733 -0.0100 0.6622 -0.2067 0.7933 -0.0589
 36 P  0.2744 -1.0000 -0.3267 0.0611 -0.0111 -1.0000 0.1178
 37 S  -0.3744 -0.7078 -0.6044 -0.4044 -0.2944 -0.5178 -0.2356
 38 I  1.0000 -0.0733 -0.0100 0.7244 -0.2067 0.1722 0.7644
 39 Y  0.4033 0.4633 0.6011 0.2089 -0.3044 -0.1722 0.5289
 40 Q  -0.2556 -0.1222 -0.0222 -0.5156 -0.3067 0.5867 -0.4122
 41 G  -1.0000 -1.0000 -1.0000 -0.3800 -0.1989 -1.0000 -1.0000
 42 G  -1.0000 -1.0000 -1.0000 -0.3800 -0.1989 -1.0000 -1.0000
 43 N  -0.2367 -0.3656 -0.2700 -0.7489 -0.0833 -0.4478 -0.5878
 44 Y  0.4033 0.4633 0.6011 0.2089 -0.3044 -0.1722 0.5289
 45 W  0.5322 1.0000 1.0000 1.0000 -0.2322 0.3100 0.5878
 46 G  -1.0000 -1.0000 -1.0000 -0.3800 -0.1989 -1.0000 -1.0000
 47 G  -1.0000 -1.0000 -1.0000 -0.3800 -0.1989 -1.0000 -1.0000
 48 G  -1.0000 -1.0000 -1.0000 -0.3800 -0.1989 -1.0000 -1.0000
 49 P  0.2744 -1.0000 -0.3267 0.0611 -0.0111 -1.0000 0.1178
 50 Q  -0.2556 -0.1222 -0.0222 -0.5156 -0.3067 0.5867 -0.4122
 51 A  -0.3889 -0.7556 -0.7522 -0.1900 -0.1889 1.0000 -0.5289
 52 L  0.2367 -0.0733 -0.0100 0.6622 -0.2067 0.7933 -0.0589
 53 H  0.4267 0.1222 0.1533 -0.3011 0.2167 -0.0344 -0.1178
 54 A  -0.3889 -0.7556 -0.7522 -0.1900 -0.1889 1.0000 -0.5289
 55 Q  -0.2556 -0.1222 -0.0222 -0.5156 -0.3067 0.5867 -0.4122
 56 V  0.7522 -0.3167 -0.2578 0.3678 -0.2122 -0.0344 1.0000
 57 S  -0.3744 -0.7078 -0.6044 -0.4044 -0.2944 -0.5178 -0.2356
 58 N  -0.2367 -0.3656 -0.2700 -0.7489 -0.0833 -0.4478 -0.5878
 59 F  0.4033 0.4144 0.4578 0.7178 -0.3022 0.1722 0.3533
 60 D  -0.2367 -0.4633 -0.3122 -0.8522 -1.0000 -0.1722 -0.7056
 61 S  -0.3744 -0.7078 -0.6044 -0.4044 -0.2944 -0.5178 -0.2356
 62 S  -0.3744 -0.7078 -0.6044 -0.4044 -0.2944 -0.5178 -0.2356
 63 N  -0.2367 -0.3656 -0.2700 -0.7489 -0.0833 -0.4478 -0.5878
 64 R  0.1167 0.4144 0.5178 -1.0000 1.0000 0.5867 -0.4122
 65 L  0.2367 -0.0733 -0.0100 0.6622 -0.2067 0.7933 -0.0589
 66 P  0.2744 -1.0000 -0.3267 0.0611 -0.0111 -1.0000 0.1178
 67 Y  0.4033 0.4633 0.6011 0.2089 -0.3044 -0.1722 0.5289
 68 N  -0.2367 -0.3656 -0.2700 -0.7489 -0.0833 -0.4478 -0.5878
 69 P  0.2744 -1.0000 -0.3267 0.0611 -0.0111 -1.0000 0.1178
 70 R  0.1167 0.4144 0.5178 -1.0000 1.0000 0.5867 -0.4122
 71 T  0.4467 -0.4633 -0.3567 -0.2211 -0.3200 -0.4478 0.2356
 72 E  -0.2556 -0.2678 -0.0644 -0.7733 -0.9644 1.0000 -0.6467
 73 N  -0.2367 -0.3656 -0.2700 -0.7489 -0.0833 -0.4478 -0.5878
 74 N  -0.2367 -0.3656 -0.2700 -0.7489 -0.0833 -0.4478 -0.5878
 75 P  0.2744 -1.0000 -0.3267 0.0611 -0.0111 -1.0000 0.1178
 76 A  -0.3889 -0.7556 -0.7522 -0.1900 -0.1889 1.0000 -0.5289
 77 G  -1.0000 -1.0000 -1.0000 -0.3800 -0.1989 -1.0000 -1.0000
 78 N  -0.2367 -0.3656 -0.2700 -0.7489 -0.0833 -0.4478 -0.5878
 79 C  -0.1556 -0.3656 -0.3989 0.5644 -0.1267 -0.7244 0.5289
 80 A  -0.3889 -0.7556 -0.7522 -0.1900 -0.1889 1.0000 -0.5289
 81 F  0.4033 0.4144 0.4578 0.7178 -0.3022 0.1722 0.3533
 82 A  -0.3889 -0.7556 -0.7522 -0.1900 -0.1889 1.0000 -0.5289
 83 F  0.4033 0.4144 0.4578 0.7178 -0.3022 0.1722 0.3533
 84 N  -0.2367 -0.3656 -0.2700 -0.7489 -0.0833 -0.4478 -0.5878
 85 P  0.2744 -1.0000 -0.3267 0.0611 -0.0111 -1.0000 0.1178
 86 F  0.4033 0.4144 0.4578 0.7178 -0.3022 0.1722 0.3533
 87 G  -1.0000 -1.0000 -1.0000 -0.3800 -0.1989 -1.0000 -1.0000
 88 Q  -0.2556 -0.1222 -0.0222 -0.5156 -0.3067 0.5867 -0.4122
 89 Y  0.4033 0.4633 0.6011 0.2089 -0.3044 -0.1722 0.5289
 90 I  1.0000 -0.0733 -0.0100 0.7244 -0.2067 0.1722 0.7644
 91 S  -0.3744 -0.7078 -0.6044 -0.4044 -0.2944 -0.5178 -0.2356
 92 N  -0.2367 -0.3656 -0.2700 -0.7489 -0.0833 -0.4478 -0.5878
 93 I  1.0000 -0.0733 -0.0100 0.7244 -0.2067 0.1722 0.7644
 94 S  -0.3744 -0.7078 -0.6044 -0.4044 -0.2944 -0.5178 -0.2356
 95 S  -0.3744 -0.7078 -0.6044 -0.4044 -0.2944 -0.5178 -0.2356
 96 A  -0.3889 -0.7556 -0.7522 -0.1900 -0.1889 1.0000 -0.5289
 97 Q  -0.2556 -0.1222 -0.0222 -0.5156 -0.3067 0.5867 -0.4122
 98 S  -0.3744 -0.7078 -0.6044 -0.4044 -0.2944 -0.5178 -0.2356
 99 V  0.7522 -0.3167 -0.2578 0.3678 -0.2122 -0.0344 1.0000
 100 H  0.4267 0.1222 0.1533 -0.3011 0.2167 -0.0344 -0.1178
 101 R  0.1167 0.4144 0.5178 -1.0000 1.0000 0.5867 -0.4122
 102 R  0.1167 0.4144 0.5178 -1.0000 1.0000 0.5867 -0.4122
 103 I  1.0000 -0.0733 -0.0100 0.7244 -0.2067 0.1722 0.7644
 104 Y  0.4033 0.4633 0.6011 0.2089 -0.3044 -0.1722 0.5289
 105 G  -1.0000 -1.0000 -1.0000 -0.3800 -0.1989 -1.0000 -1.0000
 106 I  1.0000 -0.0733 -0.0100 0.7244 -0.2067 0.1722 0.7644
 107 D  -0.2367 -0.4633 -0.3122 -0.8522 -1.0000 -0.1722 -0.7056
 108 L  0.2367 -0.0733 -0.0100 0.6622 -0.2067 0.7933 -0.0589
 109 N  -0.2367 -0.3656 -0.2700 -0.7489 -0.0833 -0.4478 -0.5878
 110 D  -0.2367 -0.4633 -0.3122 -0.8522 -1.0000 -0.1722 -0.7056
 111 E  -0.2556 -0.2678 -0.0644 -0.7733 -0.9644 1.0000 -0.6467
 112 P  0.2744 -1.0000 -0.3267 0.0611 -0.0111 -1.0000 0.1178
 113 L  0.2367 -0.0733 -0.0100 0.6622 -0.2067 0.7933 -0.0589
 114 F  0.4033 0.4144 0.4578 0.7178 -0.3022 0.1722 0.3533
 115 S  -0.3744 -0.7078 -0.6044 -0.4044 -0.2944 -0.5178 -0.2356
 116 P  0.2744 -1.0000 -0.3267 0.0611 -0.0111 -1.0000 0.1178
 117 N  -0.2367 -0.3656 -0.2700 -0.7489 -0.0833 -0.4478 -0.5878
 118 A  -0.3889 -0.7556 -0.7522 -0.1900 -0.1889 1.0000 -0.5289
 119 A  -0.3889 -0.7556 -0.7522 -0.1900 -0.1889 1.0000 -0.5289
 120 S  -0.3744 -0.7078 -0.6044 -0.4044 -0.2944 -0.5178 -0.2356
 121 I  1.0000 -0.0733 -0.0100 0.7244 -0.2067 0.1722 0.7644
 122 T  0.4467 -0.4633 -0.3567 -0.2211 -0.3200 -0.4478 0.2356
 123 N  -0.2367 -0.3656 -0.2700 -0.7489 -0.0833 -0.4478 -0.5878
 124 G  -1.0000 -1.0000 -1.0000 -0.3800 -0.1989 -1.0000 -1.0000
 125 G  -1.0000 -1.0000 -1.0000 -0.3800 -0.1989 -1.0000 -1.0000
 126 N  -0.2367 -0.3656 -0.2700 -0.7489 -0.0833 -0.4478 -0.5878
 127 P  0.2744 -1.0000 -0.3267 0.0611 -0.0111 -1.0000 0.1178
 128 T  0.4467 -0.4633 -0.3567 -0.2211 -0.3200 -0.4478 0.2356
 129 M  0.1222 0.0733 0.0967 0.3744 -0.2911 0.7244 -0.0011
 130 S  -0.3744 -0.7078 -0.6044 -0.4044 -0.2944 -0.5178 -0.2356
 131 Q  -0.2556 -0.1222 -0.0222 -0.5156 -0.3067 0.5867 -0.4122
 132 D  -0.2367 -0.4633 -0.3122 -0.8522 -1.0000 -0.1722 -0.7056
 133 T  0.4467 -0.4633 -0.3567 -0.2211 -0.3200 -0.4478 0.2356
 134 G  -1.0000 -1.0000 -1.0000 -0.3800 -0.1989 -1.0000 -1.0000
 135 Y  0.4033 0.4633 0.6011 0.2089 -0.3044 -0.1722 0.5289
 136 H  0.4267 0.1222 0.1533 -0.3011 0.2167 -0.0344 -0.1178
 137 N  -0.2367 -0.3656 -0.2700 -0.7489 -0.0833 -0.4478 -0.5878
 138 I  1.0000 -0.0733 -0.0100 0.7244 -0.2067 0.1722 0.7644
 139 G  -1.0000 -1.0000 -1.0000 -0.3800 -0.1989 -1.0000 -1.0000
 140 P  0.2744 -1.0000 -0.3267 0.0611 -0.0111 -1.0000 0.1178
 141 I  1.0000 -0.0733 -0.0100 0.7244 -0.2067 0.1722 0.7644
 142 N  -0.2367 -0.3656 -0.2700 -0.7489 -0.0833 -0.4478 -0.5878
 143 T  0.4467 -0.4633 -0.3567 -0.2211 -0.3200 -0.4478 0.2356
 144 A  -0.3889 -0.7556 -0.7522 -0.1900 -0.1889 1.0000 -0.5289
 145 Y  0.4033 0.4633 0.6011 0.2089 -0.3044 -0.1722 0.5289
 146 K  -0.0978 0.0733 0.1811 -0.9878 0.8078 0.3100 -0.2944
 147 A  -0.3889 -0.7556 -0.7522 -0.1900 -0.1889 1.0000 -0.5289
 148 E  -0.2556 -0.2678 -0.0644 -0.7733 -0.9644 1.0000 -0.6467
 149 I  1.0000 -0.0733 -0.0100 0.7244 -0.2067 0.1722 0.7644
 150 F  0.4033 0.4144 0.4578 0.7178 -0.3022 0.1722 0.3533
 151 R  0.1167 0.4144 0.5178 -1.0000 1.0000 0.5867 -0.4122
 152 P  0.2744 -1.0000 -0.3267 0.0611 -0.0111 -1.0000 0.1178
 153 V  0.7522 -0.3167 -0.2578 0.3678 -0.2122 -0.0344 1.0000
 154 N  -0.2367 -0.3656 -0.2700 -0.7489 -0.0833 -0.4478 -0.5878
 155 P  0.2744 -1.0000 -0.3267 0.0611 -0.0111 -1.0000 0.1178
 156 L  0.2367 -0.0733 -0.0100 0.6622 -0.2067 0.7933 -0.0589
 157 P  0.2744 -1.0000 -0.3267 0.0611 -0.0111 -1.0000 0.1178
 158 M  0.1222 0.0733 0.0967 0.3744 -0.2911 0.7244 -0.0011
 159 S  -0.3744 -0.7078 -0.6044 -0.4044 -0.2944 -0.5178 -0.2356
 160 D  -0.2367 -0.4633 -0.3122 -0.8522 -1.0000 -0.1722 -0.7056
 161 T  0.4467 -0.4633 -0.3567 -0.2211 -0.3200 -0.4478 0.2356
 162 A  -0.3889 -0.7556 -0.7522 -0.1900 -0.1889 1.0000 -0.5289
 163 P  0.2744 -1.0000 -0.3267 0.0611 -0.0111 -1.0000 0.1178
 164 D  -0.2367 -0.4633 -0.3122 -0.8522 -1.0000 -0.1722 -0.7056
 165 P  0.2744 -1.0000 -0.3267 0.0611 -0.0111 -1.0000 0.1178
 166 E  -0.2556 -0.2678 -0.0644 -0.7733 -0.9644 1.0000 -0.6467
 167 T  0.4467 -0.4633 -0.3567 -0.2211 -0.3200 -0.4478 0.2356
 168 L  0.2367 -0.0733 -0.0100 0.6622 -0.2067 0.7933 -0.0589
 169 E  -0.2556 -0.2678 -0.0644 -0.7733 -0.9644 1.0000 -0.6467
 170 P  0.2744 -1.0000 -0.3267 0.0611 -0.0111 -1.0000 0.1178
 171 G  -1.0000 -1.0000 -1.0000 -0.3800 -0.1989 -1.0000 -1.0000
 172 Q  -0.2556 -0.1222 -0.0222 -0.5156 -0.3067 0.5867 -0.4122
 173 T  0.4467 -0.4633 -0.3567 -0.2211 -0.3200 -0.4478 0.2356
 174 E  -0.2556 -0.2678 -0.0644 -0.7733 -0.9644 1.0000 -0.6467
 175 P  0.2744 -1.0000 -0.3267 0.0611 -0.0111 -1.0000 0.1178
 176 L  0.2367 -0.0733 -0.0100 0.6622 -0.2067 0.7933 -0.0589
 177 I  1.0000 -0.0733 -0.0100 0.7244 -0.2067 0.1722 0.7644
 178 K  -0.0978 0.0733 0.1811 -0.9878 0.8078 0.3100 -0.2944
 179 S  -0.3744 -0.7078 -0.6044 -0.4044 -0.2944 -0.5178 -0.2356
 180 D  -0.2367 -0.4633 -0.3122 -0.8522 -1.0000 -0.1722 -0.7056
 181 G  -1.0000 -1.0000 -1.0000 -0.3800 -0.1989 -1.0000 -1.0000
 182 V  0.7522 -0.3167 -0.2578 0.3678 -0.2122 -0.0344 1.0000
 183 Y  0.4033 0.4633 0.6011 0.2089 -0.3044 -0.1722 0.5289
 184 S  -0.3744 -0.7078 -0.6044 -0.4044 -0.2944 -0.5178 -0.2356
 185 N  -0.2367 -0.3656 -0.2700 -0.7489 -0.0833 -0.4478 -0.5878
 186 S  -0.3744 -0.7078 -0.6044 -0.4044 -0.2944 -0.5178 -0.2356
 187 G  -1.0000 -1.0000 -1.0000 -0.3800 -0.1989 -1.0000 -1.0000
 188 I  1.0000 -0.0733 -0.0100 0.7244 -0.2067 0.1722 0.7644
 189 A  -0.3889 -0.7556 -0.7522 -0.1900 -0.1889 1.0000 -0.5289
 190 S  -0.3744 -0.7078 -0.6044 -0.4044 -0.2944 -0.5178 -0.2356
 191 F  0.4033 0.4144 0.4578 0.7178 -0.3022 0.1722 0.3533
 192 I  1.0000 -0.0733 -0.0100 0.7244 -0.2067 0.1722 0.7644
 193 F  0.4033 0.4144 0.4578 0.7178 -0.3022 0.1722 0.3533
 194 D  -0.2367 -0.4633 -0.3122 -0.8522 -1.0000 -0.1722 -0.7056
 195 R  0.1167 0.4144 0.5178 -1.0000 1.0000 0.5867 -0.4122
 196 P  0.2744 -1.0000 -0.3267 0.0611 -0.0111 -1.0000 0.1178
 197 V  0.7522 -0.3167 -0.2578 0.3678 -0.2122 -0.0344 1.0000
 198 T  0.4467 -0.4633 -0.3567 -0.2211 -0.3200 -0.4478 0.2356
 199 E  -0.2556 -0.2678 -0.0644 -0.7733 -0.9644 1.0000 -0.6467
 200 P  0.2744 -1.0000 -0.3267 0.0611 -0.0111 -1.0000 0.1178
 201 N  -0.2367 -0.3656 -0.2700 -0.7489 -0.0833 -0.4478 -0.5878
 202 P  0.2744 -1.0000 -0.3267 0.0611 -0.0111 -1.0000 0.1178
 203 N  -0.2367 -0.3656 -0.2700 -0.7489 -0.0833 -0.4478 -0.5878
 204 W  0.5322 1.0000 1.0000 1.0000 -0.2322 0.3100 0.5878
 205 P  0.2744 -1.0000 -0.3267 0.0611 -0.0111 -1.0000 0.1178
 206 P  0.2744 -1.0000 -0.3267 0.0611 -0.0111 -1.0000 0.1178
 207 L  0.2367 -0.0733 -0.0100 0.6622 -0.2067 0.7933 -0.0589
 208 P  0.2744 -1.0000 -0.3267 0.0611 -0.0111 -1.0000 0.1178
 209 P  0.2744 -1.0000 -0.3267 0.0611 -0.0111 -1.0000 0.1178
 210 P  0.2744 -1.0000 -0.3267 0.0611 -0.0111 -1.0000 0.1178
 211 V  0.7522 -0.3167 -0.2578 0.3678 -0.2122 -0.0344 1.0000
 212 I  1.0000 -0.0733 -0.0100 0.7244 -0.2067 0.1722 0.7644
 213 P  0.2744 -1.0000 -0.3267 0.0611 -0.0111 -1.0000 0.1178
 214 I  1.0000 -0.0733 -0.0100 0.7244 -0.2067 0.1722 0.7644
 215 I  1.0000 -0.0733 -0.0100 0.7244 -0.2067 0.1722 0.7644
 216 Y  0.4033 0.4633 0.6011 0.2089 -0.3044 -0.1722 0.5289
 217 P  0.2744 -1.0000 -0.3267 0.0611 -0.0111 -1.0000 0.1178
 218 T  0.4467 -0.4633 -0.3567 -0.2211 -0.3200 -0.4478 0.2356
 219 P  0.2744 -1.0000 -0.3267 0.0611 -0.0111 -1.0000 0.1178
 220 A  -0.3889 -0.7556 -0.7522 -0.1900 -0.1889 1.0000 -0.5289
 221 L  0.2367 -0.0733 -0.0100 0.6622 -0.2067 0.7933 -0.0589
 222 G  -1.0000 -1.0000 -1.0000 -0.3800 -0.1989 -1.0000 -1.0000
 223 I  1.0000 -0.0733 -0.0100 0.7244 -0.2067 0.1722 0.7644
 224 G  -1.0000 -1.0000 -1.0000 -0.3800 -0.1989 -1.0000 -1.0000
 225 A  -0.3889 -0.7556 -0.7522 -0.1900 -0.1889 1.0000 -0.5289
 226 A  -0.3889 -0.7556 -0.7522 -0.1900 -0.1889 1.0000 -0.5289
 227 A  -0.3889 -0.7556 -0.7522 -0.1900 -0.1889 1.0000 -0.5289
 228 A  -0.3889 -0.7556 -0.7522 -0.1900 -0.1889 1.0000 -0.5289
 229 Y  0.4033 0.4633 0.6011 0.2089 -0.3044 -0.1722 0.5289
 230 G  -1.0000 -1.0000 -1.0000 -0.3800 -0.1989 -1.0000 -1.0000
 231 F  0.4033 0.4144 0.4578 0.7178 -0.3022 0.1722 0.3533
 232 G  -1.0000 -1.0000 -1.0000 -0.3800 -0.1989 -1.0000 -1.0000
 233 Y  0.4033 0.4633 0.6011 0.2089 -0.3044 -0.1722 0.5289
 234 Q  -0.2556 -0.1222 -0.0222 -0.5156 -0.3067 0.5867 -0.4122
 235 V  0.7522 -0.3167 -0.2578 0.3678 -0.2122 -0.0344 1.0000
 236 T  0.4467 -0.4633 -0.3567 -0.2211 -0.3200 -0.4478 0.2356
 237 V  0.7522 -0.3167 -0.2578 0.3678 -0.2122 -0.0344 1.0000
 238 Y  0.4033 0.4633 0.6011 0.2089 -0.3044 -0.1722 0.5289
 239 R  0.1167 0.4144 0.5178 -1.0000 1.0000 0.5867 -0.4122
 240 W  0.5322 1.0000 1.0000 1.0000 -0.2322 0.3100 0.5878
 241 E  -0.2556 -0.2678 -0.0644 -0.7733 -0.9644 1.0000 -0.6467
 242 E  -0.2556 -0.2678 -0.0644 -0.7733 -0.9644 1.0000 -0.6467
 243 I  1.0000 -0.0733 -0.0100 0.7244 -0.2067 0.1722 0.7644
 244 P  0.2744 -1.0000 -0.3267 0.0611 -0.0111 -1.0000 0.1178
 245 V  0.7522 -0.3167 -0.2578 0.3678 -0.2122 -0.0344 1.0000
 246 E  -0.2556 -0.2678 -0.0644 -0.7733 -0.9644 1.0000 -0.6467
 247 F  0.4033 0.4144 0.4578 0.7178 -0.3022 0.1722 0.3533
 ! !  -1.0000 -1.0000 -1.0000 -1.0000 -1.0000 -1.0000 -1.0000
 270 L  0.2367 -0.0733 -0.0100 0.6622 -0.2067 0.7933 -0.0589
 271 N  -0.2367 -0.3656 -0.2700 -0.7489 -0.0833 -0.4478 -0.5878
 272 P  0.2744 -1.0000 -0.3267 0.0611 -0.0111 -1.0000 0.1178
 273 E  -0.2556 -0.2678 -0.0644 -0.7733 -0.9644 1.0000 -0.6467
 274 G  -1.0000 -1.0000 -1.0000 -0.3800 -0.1989 -1.0000 -1.0000
 275 S  -0.3744 -0.7078 -0.6044 -0.4044 -0.2944 -0.5178 -0.2356
 276 P  0.2744 -1.0000 -0.3267 0.0611 -0.0111 -1.0000 0.1178
 277 C  -0.1556 -0.3656 -0.3989 0.5644 -0.1267 -0.7244 0.5289
 278 A  -0.3889 -0.7556 -0.7522 -0.1900 -0.1889 1.0000 -0.5289
 279 Y  0.4033 0.4633 0.6011 0.2089 -0.3044 -0.1722 0.5289
 280 E  -0.2556 -0.2678 -0.0644 -0.7733 -0.9644 1.0000 -0.6467
 281 A  -0.3889 -0.7556 -0.7522 -0.1900 -0.1889 1.0000 -0.5289
 282 G  -1.0000 -1.0000 -1.0000 -0.3800 -0.1989 -1.0000 -1.0000
 283 I  1.0000 -0.0733 -0.0100 0.7244 -0.2067 0.1722 0.7644
 284 I  1.0000 -0.0733 -0.0100 0.7244 -0.2067 0.1722 0.7644
 285 L  0.2367 -0.0733 -0.0100 0.6622 -0.2067 0.7933 -0.0589
 286 V  0.7522 -0.3167 -0.2578 0.3678 -0.2122 -0.0344 1.0000
 287 R  0.1167 0.4144 0.5178 -1.0000 1.0000 0.5867 -0.4122
 288 Q  -0.2556 -0.1222 -0.0222 -0.5156 -0.3067 0.5867 -0.4122
 289 T  0.4467 -0.4633 -0.3567 -0.2211 -0.3200 -0.4478 0.2356
 290 S  -0.3744 -0.7078 -0.6044 -0.4044 -0.2944 -0.5178 -0.2356
 291 N  -0.2367 -0.3656 -0.2700 -0.7489 -0.0833 -0.4478 -0.5878
 292 P  0.2744 -1.0000 -0.3267 0.0611 -0.0111 -1.0000 0.1178
 293 M  0.1222 0.0733 0.0967 0.3744 -0.2911 0.7244 -0.0011
 294 N  -0.2367 -0.3656 -0.2700 -0.7489 -0.0833 -0.4478 -0.5878
 295 A  -0.3889 -0.7556 -0.7522 -0.1900 -0.1889 1.0000 -0.5289
 296 V  0.7522 -0.3167 -0.2578 0.3678 -0.2122 -0.0344 1.0000
 297 A  -0.3889 -0.7556 -0.7522 -0.1900 -0.1889 1.0000 -0.5289
 298 G  -1.0000 -1.0000 -1.0000 -0.3800 -0.1989 -1.0000 -1.0000
 299 R  0.1167 0.4144 0.5178 -1.0000 1.0000 0.5867 -0.4122
 300 L  0.2367 -0.0733 -0.0100 0.6622 -0.2067 0.7933 -0.0589
 301 V  0.7522 -0.3167 -0.2578 0.3678 -0.2122 -0.0344 1.0000
 302 P  0.2744 -1.0000 -0.3267 0.0611 -0.0111 -1.0000 0.1178
 303 Y  0.4033 0.4633 0.6011 0.2089 -0.3044 -0.1722 0.5289
 304 V  0.7522 -0.3167 -0.2578 0.3678 -0.2122 -0.0344 1.0000
 305 E  -0.2556 -0.2678 -0.0644 -0.7733 -0.9644 1.0000 -0.6467
 306 D  -0.2367 -0.4633 -0.3122 -0.8522 -1.0000 -0.1722 -0.7056
 307 I  1.0000 -0.0733 -0.0100 0.7244 -0.2067 0.1722 0.7644
 308 A  -0.3889 -0.7556 -0.7522 -0.1900 -0.1889 1.0000 -0.5289
 309 V  0.7522 -0.3167 -0.2578 0.3678 -0.2122 -0.0344 1.0000
 310 D  -0.2367 -0.4633 -0.3122 -0.8522 -1.0000 -0.1722 -0.7056
 311 I  1.0000 -0.0733 -0.0100 0.7244 -0.2067 0.1722 0.7644
 312 F  0.4033 0.4144 0.4578 0.7178 -0.3022 0.1722 0.3533
 313 L  0.2367 -0.0733 -0.0100 0.6622 -0.2067 0.7933 -0.0589
 314 T  0.4467 -0.4633 -0.3567 -0.2211 -0.3200 -0.4478 0.2356
 315 G  -1.0000 -1.0000 -1.0000 -0.3800 -0.1989 -1.0000 -1.0000
 316 K  -0.0978 0.0733 0.1811 -0.9878 0.8078 0.3100 -0.2944
 317 F  0.4033 0.4144 0.4578 0.7178 -0.3022 0.1722 0.3533
 318 F  0.4033 0.4144 0.4578 0.7178 -0.3022 0.1722 0.3533
 319 T  0.4467 -0.4633 -0.3567 -0.2211 -0.3200 -0.4478 0.2356
 320 L  0.2367 -0.0733 -0.0100 0.6622 -0.2067 0.7933 -0.0589
 321 N  -0.2367 -0.3656 -0.2700 -0.7489 -0.0833 -0.4478 -0.5878
 322 P  0.2744 -1.0000 -0.3267 0.0611 -0.0111 -1.0000 0.1178
 323 P  0.2744 -1.0000 -0.3267 0.0611 -0.0111 -1.0000 0.1178
 324 L  0.2367 -0.0733 -0.0100 0.6622 -0.2067 0.7933 -0.0589
 325 R  0.1167 0.4144 0.5178 -1.0000 1.0000 0.5867 -0.4122
 326 I  1.0000 -0.0733 -0.0100 0.7244 -0.2067 0.1722 0.7644
 327 T  0.4467 -0.4633 -0.3567 -0.2211 -0.3200 -0.4478 0.2356
 328 N  -0.2367 -0.3656 -0.2700 -0.7489 -0.0833 -0.4478 -0.5878
 329 N  -0.2367 -0.3656 -0.2700 -0.7489 -0.0833 -0.4478 -0.5878
 330 Y  0.4033 0.4633 0.6011 0.2089 -0.3044 -0.1722 0.5289
 331 F  0.4033 0.4144 0.4578 0.7178 -0.3022 0.1722 0.3533
 332 A  -0.3889 -0.7556 -0.7522 -0.1900 -0.1889 1.0000 -0.5289
 333 D  -0.2367 -0.4633 -0.3122 -0.8522 -1.0000 -0.1722 -0.7056
 334 D  -0.2367 -0.4633 -0.3122 -0.8522 -1.0000 -0.1722 -0.7056
 335 E  -0.2556 -0.2678 -0.0644 -0.7733 -0.9644 1.0000 -0.6467
 336 V  0.7522 -0.3167 -0.2578 0.3678 -0.2122 -0.0344 1.0000
 337 K  -0.0978 0.0733 0.1811 -0.9878 0.8078 0.3100 -0.2944
 338 E  -0.2556 -0.2678 -0.0644 -0.7733 -0.9644 1.0000 -0.6467
 339 N  -0.2367 -0.3656 -0.2700 -0.7489 -0.0833 -0.4478 -0.5878
 340 T  0.4467 -0.4633 -0.3567 -0.2211 -0.3200 -0.4478 0.2356
 341 V  0.7522 -0.3167 -0.2578 0.3678 -0.2122 -0.0344 1.0000
 342 T  0.4467 -0.4633 -0.3567 -0.2211 -0.3200 -0.4478 0.2356
 343 I  1.0000 -0.0733 -0.0100 0.7244 -0.2067 0.1722 0.7644
 344 G  -1.0000 -1.0000 -1.0000 -0.3800 -0.1989 -1.0000 -1.0000
 345 N  -0.2367 -0.3656 -0.2700 -0.7489 -0.0833 -0.4478 -0.5878
 346 Y  0.4033 0.4633 0.6011 0.2089 -0.3044 -0.1722 0.5289
 347 T  0.4467 -0.4633 -0.3567 -0.2211 -0.3200 -0.4478 0.2356
 348 T  0.4467 -0.4633 -0.3567 -0.2211 -0.3200 -0.4478 0.2356
 349 T  0.4467 -0.4633 -0.3567 -0.2211 -0.3200 -0.4478 0.2356
 350 L  0.2367 -0.0733 -0.0100 0.6622 -0.2067 0.7933 -0.0589
 351 S  -0.3744 -0.7078 -0.6044 -0.4044 -0.2944 -0.5178 -0.2356
 352 S  -0.3744 -0.7078 -0.6044 -0.4044 -0.2944 -0.5178 -0.2356
 353 A  -0.3889 -0.7556 -0.7522 -0.1900 -0.1889 1.0000 -0.5289
 354 Y  0.4033 0.4633 0.6011 0.2089 -0.3044 -0.1722 0.5289
 355 Y  0.4033 0.4633 0.6011 0.2089 -0.3044 -0.1722 0.5289
 356 A  -0.3889 -0.7556 -0.7522 -0.1900 -0.1889 1.0000 -0.5289
 357 V  0.7522 -0.3167 -0.2578 0.3678 -0.2122 -0.0344 1.0000
 358 Y  0.4033 0.4633 0.6011 0.2089 -0.3044 -0.1722 0.5289
 359 K  -0.0978 0.0733 0.1811 -0.9878 0.8078 0.3100 -0.2944
 360 T  0.4467 -0.4633 -0.3567 -0.2211 -0.3200 -0.4478 0.2356
 361 D  -0.2367 -0.4633 -0.3122 -0.8522 -1.0000 -0.1722 -0.7056
 362 G  -1.0000 -1.0000 -1.0000 -0.3800 -0.1989 -1.0000 -1.0000
 363 Y  0.4033 0.4633 0.6011 0.2089 -0.3044 -0.1722 0.5289
 364 G  -1.0000 -1.0000 -1.0000 -0.3800 -0.1989 -1.0000 -1.0000
 365 G  -1.0000 -1.0000 -1.0000 -0.3800 -0.1989 -1.0000 -1.0000
 366 A  -0.3889 -0.7556 -0.7522 -0.1900 -0.1889 1.0000 -0.5289
 367 T  0.4467 -0.4633 -0.3567 -0.2211 -0.3200 -0.4478 0.2356
 368 C  -0.1556 -0.3656 -0.3989 0.5644 -0.1267 -0.7244 0.5289
 369 F  0.4033 0.4144 0.4578 0.7178 -0.3022 0.1722 0.3533
 370 I  1.0000 -0.0733 -0.0100 0.7244 -0.2067 0.1722 0.7644
 371 A  -0.3889 -0.7556 -0.7522 -0.1900 -0.1889 1.0000 -0.5289
 372 S  -0.3744 -0.7078 -0.6044 -0.4044 -0.2944 -0.5178 -0.2356
 373 G  -1.0000 -1.0000 -1.0000 -0.3800 -0.1989 -1.0000 -1.0000
 374 G  -1.0000 -1.0000 -1.0000 -0.3800 -0.1989 -1.0000 -1.0000
 375 A  -0.3889 -0.7556 -0.7522 -0.1900 -0.1889 1.0000 -0.5289
 376 G  -1.0000 -1.0000 -1.0000 -0.3800 -0.1989 -1.0000 -1.0000
 377 I  1.0000 -0.0733 -0.0100 0.7244 -0.2067 0.1722 0.7644
 378 S  -0.3744 -0.7078 -0.6044 -0.4044 -0.2944 -0.5178 -0.2356
 379 A  -0.3889 -0.7556 -0.7522 -0.1900 -0.1889 1.0000 -0.5289
 380 L  0.2367 -0.0733 -0.0100 0.6622 -0.2067 0.7933 -0.0589
 381 V  0.7522 -0.3167 -0.2578 0.3678 -0.2122 -0.0344 1.0000
 382 Q  -0.2556 -0.1222 -0.0222 -0.5156 -0.3067 0.5867 -0.4122
 383 L  0.2367 -0.0733 -0.0100 0.6622 -0.2067 0.7933 -0.0589
 384 Q  -0.2556 -0.1222 -0.0222 -0.5156 -0.3067 0.5867 -0.4122
 385 D  -0.2367 -0.4633 -0.3122 -0.8522 -1.0000 -0.1722 -0.7056
 386 N  -0.2367 -0.3656 -0.2700 -0.7489 -0.0833 -0.4478 -0.5878
 387 S  -0.3744 -0.7078 -0.6044 -0.4044 -0.2944 -0.5178 -0.2356
 388 V  0.7522 -0.3167 -0.2578 0.3678 -0.2122 -0.0344 1.0000
 389 L  0.2367 -0.0733 -0.0100 0.6622 -0.2067 0.7933 -0.0589
 390 D  -0.2367 -0.4633 -0.3122 -0.8522 -1.0000 -0.1722 -0.7056
 391 V  0.7522 -0.3167 -0.2578 0.3678 -0.2122 -0.0344 1.0000
 392 L  0.2367 -0.0733 -0.0100 0.6622 -0.2067 0.7933 -0.0589
 393 Y  0.4033 0.4633 0.6011 0.2089 -0.3044 -0.1722 0.5289
 394 Y  0.4033 0.4633 0.6011 0.2089 -0.3044 -0.1722 0.5289
 395 S  -0.3744 -0.7078 -0.6044 -0.4044 -0.2944 -0.5178 -0.2356
 396 L  0.2367 -0.0733 -0.0100 0.6622 -0.2067 0.7933 -0.0589
 397 P  0.2744 -1.0000 -0.3267 0.0611 -0.0111 -1.0000 0.1178
 398 L  0.2367 -0.0733 -0.0100 0.6622 -0.2067 0.7933 -0.0589
 399 S  -0.3744 -0.7078 -0.6044 -0.4044 -0.2944 -0.5178 -0.2356
 400 L  0.2367 -0.0733 -0.0100 0.6622 -0.2067 0.7933 -0.0589
 401 G  -1.0000 -1.0000 -1.0000 -0.3800 -0.1989 -1.0000 -1.0000
 402 G  -1.0000 -1.0000 -1.0000 -0.3800 -0.1989 -1.0000 -1.0000
 403 S  -0.3744 -0.7078 -0.6044 -0.4044 -0.2944 -0.5178 -0.2356
 404 K  -0.0978 0.0733 0.1811 -0.9878 0.8078 0.3100 -0.2944
 405 A  -0.3889 -0.7556 -0.7522 -0.1900 -0.1889 1.0000 -0.5289
 406 A  -0.3889 -0.7556 -0.7522 -0.1900 -0.1889 1.0000 -0.5289
 407 I  1.0000 -0.0733 -0.0100 0.7244 -0.2067 0.1722 0.7644
 408 D  -0.2367 -0.4633 -0.3122 -0.8522 -1.0000 -0.1722 -0.7056
 409 E  -0.2556 -0.2678 -0.0644 -0.7733 -0.9644 1.0000 -0.6467
 410 W  0.5322 1.0000 1.0000 1.0000 -0.2322 0.3100 0.5878
 411 V  0.7522 -0.3167 -0.2578 0.3678 -0.2122 -0.0344 1.0000
 412 A  -0.3889 -0.7556 -0.7522 -0.1900 -0.1889 1.0000 -0.5289
 413 N  -0.2367 -0.3656 -0.2700 -0.7489 -0.0833 -0.4478 -0.5878
 414 N  -0.2367 -0.3656 -0.2700 -0.7489 -0.0833 -0.4478 -0.5878
 415 C  -0.1556 -0.3656 -0.3989 0.5644 -0.1267 -0.7244 0.5289
 416 G  -1.0000 -1.0000 -1.0000 -0.3800 -0.1989 -1.0000 -1.0000
 417 L  0.2367 -0.0733 -0.0100 0.6622 -0.2067 0.7933 -0.0589
 418 F  0.4033 0.4144 0.4578 0.7178 -0.3022 0.1722 0.3533
 419 P  0.2744 -1.0000 -0.3267 0.0611 -0.0111 -1.0000 0.1178
 420 M  0.1222 0.0733 0.0967 0.3744 -0.2911 0.7244 -0.0011
 421 S  -0.3744 -0.7078 -0.6044 -0.4044 -0.2944 -0.5178 -0.2356
 422 G  -1.0000 -1.0000 -1.0000 -0.3800 -0.1989 -1.0000 -1.0000
 423 G  -1.0000 -1.0000 -1.0000 -0.3800 -0.1989 -1.0000 -1.0000
 424 L  0.2367 -0.0733 -0.0100 0.6622 -0.2067 0.7933 -0.0589
 425 D  -0.2367 -0.4633 -0.3122 -0.8522 -1.0000 -0.1722 -0.7056
 426 K  -0.0978 0.0733 0.1811 -0.9878 0.8078 0.3100 -0.2944
 427 T  0.4467 -0.4633 -0.3567 -0.2211 -0.3200 -0.4478 0.2356
 428 T  0.4467 -0.4633 -0.3567 -0.2211 -0.3200 -0.4478 0.2356
 429 L  0.2367 -0.0733 -0.0100 0.6622 -0.2067 0.7933 -0.0589
 430 L  0.2367 -0.0733 -0.0100 0.6622 -0.2067 0.7933 -0.0589
 431 E  -0.2556 -0.2678 -0.0644 -0.7733 -0.9644 1.0000 -0.6467
 432 I  1.0000 -0.0733 -0.0100 0.7244 -0.2067 0.1722 0.7644
 433 P  0.2744 -1.0000 -0.3267 0.0611 -0.0111 -1.0000 0.1178
 434 R  0.1167 0.4144 0.5178 -1.0000 1.0000 0.5867 -0.4122
 435 R  0.1167 0.4144 0.5178 -1.0000 1.0000 0.5867 -0.4122
 436 Q  -0.2556 -0.1222 -0.0222 -0.5156 -0.3067 0.5867 -0.4122
 437 L  0.2367 -0.0733 -0.0100 0.6622 -0.2067 0.7933 -0.0589
 438 E  -0.2556 -0.2678 -0.0644 -0.7733 -0.9644 1.0000 -0.6467
 439 A  -0.3889 -0.7556 -0.7522 -0.1900 -0.1889 1.0000 -0.5289
 440 I  1.0000 -0.0733 -0.0100 0.7244 -0.2067 0.1722 0.7644
 441 N  -0.2367 -0.3656 -0.2700 -0.7489 -0.0833 -0.4478 -0.5878
 442 P  0.2744 -1.0000 -0.3267 0.0611 -0.0111 -1.0000 0.1178
 443 Q  -0.2556 -0.1222 -0.0222 -0.5156 -0.3067 0.5867 -0.4122
 444 D  -0.2367 -0.4633 -0.3122 -0.8522 -1.0000 -0.1722 -0.7056
 445 G  -1.0000 -1.0000 -1.0000 -0.3800 -0.1989 -1.0000 -1.0000
 446 P  0.2744 -1.0000 -0.3267 0.0611 -0.0111 -1.0000 0.1178
 447 G  -1.0000 -1.0000 -1.0000 -0.3800 -0.1989 -1.0000 -1.0000
 448 Q  -0.2556 -0.1222 -0.0222 -0.5156 -0.3067 0.5867 -0.4122
 449 Y  0.4033 0.4633 0.6011 0.2089 -0.3044 -0.1722 0.5289
 450 D  -0.2367 -0.4633 -0.3122 -0.8522 -1.0000 -0.1722 -0.7056
 451 L  0.2367 -0.0733 -0.0100 0.6622 -0.2067 0.7933 -0.0589
 452 F  0.4033 0.4144 0.4578 0.7178 -0.3022 0.1722 0.3533
 453 I  1.0000 -0.0733 -0.0100 0.7244 -0.2067 0.1722 0.7644
 454 L  0.2367 -0.0733 -0.0100 0.6622 -0.2067 0.7933 -0.0589
 455 D  -0.2367 -0.4633 -0.3122 -0.8522 -1.0000 -0.1722 -0.7056
 456 D  -0.2367 -0.4633 -0.3122 -0.8522 -1.0000 -0.1722 -0.7056
 457 S  -0.3744 -0.7078 -0.6044 -0.4044 -0.2944 -0.5178 -0.2356
 458 G  -1.0000 -1.0000 -1.0000 -0.3800 -0.1989 -1.0000 -1.0000
 459 A  -0.3889 -0.7556 -0.7522 -0.1900 -0.1889 1.0000 -0.5289
 460 Y  0.4033 0.4633 0.6011 0.2089 -0.3044 -0.1722 0.5289
 461 A  -0.3889 -0.7556 -0.7522 -0.1900 -0.1889 1.0000 -0.5289
 462 S  -0.3744 -0.7078 -0.6044 -0.4044 -0.2944 -0.5178 -0.2356
 463 F  0.4033 0.4144 0.4578 0.7178 -0.3022 0.1722 0.3533
 464 S  -0.3744 -0.7078 -0.6044 -0.4044 -0.2944 -0.5178 -0.2356
 465 S  -0.3744 -0.7078 -0.6044 -0.4044 -0.2944 -0.5178 -0.2356
 466 F  0.4033 0.4144 0.4578 0.7178 -0.3022 0.1722 0.3533
 467 I  1.0000 -0.0733 -0.0100 0.7244 -0.2067 0.1722 0.7644
 468 G  -1.0000 -1.0000 -1.0000 -0.3800 -0.1989 -1.0000 -1.0000
 469 Y  0.4033 0.4633 0.6011 0.2089 -0.3044 -0.1722 0.5289
 470 P  0.2744 -1.0000 -0.3267 0.0611 -0.0111 -1.0000 0.1178
 471 E  -0.2556 -0.2678 -0.0644 -0.7733 -0.9644 1.0000 -0.6467
 472 A  -0.3889 -0.7556 -0.7522 -0.1900 -0.1889 1.0000 -0.5289
 473 A  -0.3889 -0.7556 -0.7522 -0.1900 -0.1889 1.0000 -0.5289
 474 Y  0.4033 0.4633 0.6011 0.2089 -0.3044 -0.1722 0.5289
 475 Y  0.4033 0.4633 0.6011 0.2089 -0.3044 -0.1722 0.5289
 476 V  0.7522 -0.3167 -0.2578 0.3678 -0.2122 -0.0344 1.0000
 477 A  -0.3889 -0.7556 -0.7522 -0.1900 -0.1889 1.0000 -0.5289
 478 G  -1.0000 -1.0000 -1.0000 -0.3800 -0.1989 -1.0000 -1.0000
 479 A  -0.3889 -0.7556 -0.7522 -0.1900 -0.1889 1.0000 -0.5289
 480 A  -0.3889 -0.7556 -0.7522 -0.1900 -0.1889 1.0000 -0.5289
 481 T  0.4467 -0.4633 -0.3567 -0.2211 -0.3200 -0.4478 0.2356
 482 F  0.4033 0.4144 0.4578 0.7178 -0.3022 0.1722 0.3533
 483 M  0.1222 0.0733 0.0967 0.3744 -0.2911 0.7244 -0.0011
 484 D  -0.2367 -0.4633 -0.3122 -0.8522 -1.0000 -0.1722 -0.7056
 485 V  0.7522 -0.3167 -0.2578 0.3678 -0.2122 -0.0344 1.0000
 486 E  -0.2556 -0.2678 -0.0644 -0.7733 -0.9644 1.0000 -0.6467
 487 N  -0.2367 -0.3656 -0.2700 -0.7489 -0.0833 -0.4478 -0.5878
 488 P  0.2744 -1.0000 -0.3267 0.0611 -0.0111 -1.0000 0.1178
 489 D  -0.2367 -0.4633 -0.3122 -0.8522 -1.0000 -0.1722 -0.7056
 490 E  -0.2556 -0.2678 -0.0644 -0.7733 -0.9644 1.0000 -0.6467
 491 I  1.0000 -0.0733 -0.0100 0.7244 -0.2067 0.1722 0.7644
 492 I  1.0000 -0.0733 -0.0100 0.7244 -0.2067 0.1722 0.7644
 493 F  0.4033 0.4144 0.4578 0.7178 -0.3022 0.1722 0.3533
 494 I  1.0000 -0.0733 -0.0100 0.7244 -0.2067 0.1722 0.7644
 495 L  0.2367 -0.0733 -0.0100 0.6622 -0.2067 0.7933 -0.0589
 496 R  0.1167 0.4144 0.5178 -1.0000 1.0000 0.5867 -0.4122
 497 N  -0.2367 -0.3656 -0.2700 -0.7489 -0.0833 -0.4478 -0.5878
 498 G  -1.0000 -1.0000 -1.0000 -0.3800 -0.1989 -1.0000 -1.0000
 499 A  -0.3889 -0.7556 -0.7522 -0.1900 -0.1889 1.0000 -0.5289
 500 G  -1.0000 -1.0000 -1.0000 -0.3800 -0.1989 -1.0000 -1.0000
 501 W  0.5322 1.0000 1.0000 1.0000 -0.2322 0.3100 0.5878
 502 Y  0.4033 0.4633 0.6011 0.2089 -0.3044 -0.1722 0.5289
 503 A  -0.3889 -0.7556 -0.7522 -0.1900 -0.1889 1.0000 -0.5289
 504 C  -0.1556 -0.3656 -0.3989 0.5644 -0.1267 -0.7244 0.5289
 505 E  -0.2556 -0.2678 -0.0644 -0.7733 -0.9644 1.0000 -0.6467
 506 I  1.0000 -0.0733 -0.0100 0.7244 -0.2067 0.1722 0.7644
 507 G  -1.0000 -1.0000 -1.0000 -0.3800 -0.1989 -1.0000 -1.0000
 508 D  -0.2367 -0.4633 -0.3122 -0.8522 -1.0000 -0.1722 -0.7056
 509 A  -0.3889 -0.7556 -0.7522 -0.1900 -0.1889 1.0000 -0.5289
 510 L  0.2367 -0.0733 -0.0100 0.6622 -0.2067 0.7933 -0.0589
 511 K  -0.0978 0.0733 0.1811 -0.9878 0.8078 0.3100 -0.2944
 512 I  1.0000 -0.0733 -0.0100 0.7244 -0.2067 0.1722 0.7644
 513 A  -0.3889 -0.7556 -0.7522 -0.1900 -0.1889 1.0000 -0.5289
 514 D  -0.2367 -0.4633 -0.3122 -0.8522 -1.0000 -0.1722 -0.7056
 515 D  -0.2367 -0.4633 -0.3122 -0.8522 -1.0000 -0.1722 -0.7056
 516 E  -0.2556 -0.2678 -0.0644 -0.7733 -0.9644 1.0000 -0.6467
 517 F  0.4033 0.4144 0.4578 0.7178 -0.3022 0.1722 0.3533
 518 D  -0.2367 -0.4633 -0.3122 -0.8522 -1.0000 -0.1722 -0.7056
 519 S  -0.3744 -0.7078 -0.6044 -0.4044 -0.2944 -0.5178 -0.2356
 520 V  0.7522 -0.3167 -0.2578 0.3678 -0.2122 -0.0344 1.0000
 521 D  -0.2367 -0.4633 -0.3122 -0.8522 -1.0000 -0.1722 -0.7056
 522 Y  0.4033 0.4633 0.6011 0.2089 -0.3044 -0.1722 0.5289
 523 F  0.4033 0.4144 0.4578 0.7178 -0.3022 0.1722 0.3533
 524 A  -0.3889 -0.7556 -0.7522 -0.1900 -0.1889 1.0000 -0.5289
 525 Y  0.4033 0.4633 0.6011 0.2089 -0.3044 -0.1722 0.5289
 526 R  0.1167 0.4144 0.5178 -1.0000 1.0000 0.5867 -0.4122
 527 G  -1.0000 -1.0000 -1.0000 -0.3800 -0.1989 -1.0000 -1.0000
 528 G  -1.0000 -1.0000 -1.0000 -0.3800 -0.1989 -1.0000 -1.0000
 529 V  0.7522 -0.3167 -0.2578 0.3678 -0.2122 -0.0344 1.0000
 530 M  0.1222 0.0733 0.0967 0.3744 -0.2911 0.7244 -0.0011
 531 F  0.4033 0.4144 0.4578 0.7178 -0.3022 0.1722 0.3533
 532 I  1.0000 -0.0733 -0.0100 0.7244 -0.2067 0.1722 0.7644
 533 G  -1.0000 -1.0000 -1.0000 -0.3800 -0.1989 -1.0000 -1.0000
 534 S  -0.3744 -0.7078 -0.6044 -0.4044 -0.2944 -0.5178 -0.2356
 535 A  -0.3889 -0.7556 -0.7522 -0.1900 -0.1889 1.0000 -0.5289
 536 R  0.1167 0.4144 0.5178 -1.0000 1.0000 0.5867 -0.4122
 537 Y  0.4033 0.4633 0.6011 0.2089 -0.3044 -0.1722 0.5289
 538 T  0.4467 -0.4633 -0.3567 -0.2211 -0.3200 -0.4478 0.2356
 539 E  -0.2556 -0.2678 -0.0644 -0.7733 -0.9644 1.0000 -0.6467
 540 G  -1.0000 -1.0000 -1.0000 -0.3800 -0.1989 -1.0000 -1.0000
 541 G  -1.0000 -1.0000 -1.0000 -0.3800 -0.1989 -1.0000 -1.0000
 542 D  -0.2367 -0.4633 -0.3122 -0.8522 -1.0000 -0.1722 -0.7056
 543 P  0.2744 -1.0000 -0.3267 0.0611 -0.0111 -1.0000 0.1178
 544 L  0.2367 -0.0733 -0.0100 0.6622 -0.2067 0.7933 -0.0589
 545 P  0.2744 -1.0000 -0.3267 0.0611 -0.0111 -1.0000 0.1178
 546 I  1.0000 -0.0733 -0.0100 0.7244 -0.2067 0.1722 0.7644
 547 K  -0.0978 0.0733 0.1811 -0.9878 0.8078 0.3100 -0.2944
 548 Y  0.4033 0.4633 0.6011 0.2089 -0.3044 -0.1722 0.5289
 549 R  0.1167 0.4144 0.5178 -1.0000 1.0000 0.5867 -0.4122
 550 A  -0.3889 -0.7556 -0.7522 -0.1900 -0.1889 1.0000 -0.5289
 551 I  1.0000 -0.0733 -0.0100 0.7244 -0.2067 0.1722 0.7644
 552 I  1.0000 -0.0733 -0.0100 0.7244 -0.2067 0.1722 0.7644
 553 P  0.2744 -1.0000 -0.3267 0.0611 -0.0111 -1.0000 0.1178
 554 G  -1.0000 -1.0000 -1.0000 -0.3800 -0.1989 -1.0000 -1.0000
 555 L  0.2367 -0.0733 -0.0100 0.6622 -0.2067 0.7933 -0.0589
 556 P  0.2744 -1.0000 -0.3267 0.0611 -0.0111 -1.0000 0.1178
