 488 T  0.4467 -0.4633 -0.3567 -0.2211 -0.3200 -0.4478 0.2356
 489 R  0.1167 0.4144 0.5178 -1.0000 1.0000 0.5867 -0.4122
 490 E  -0.2556 -0.2678 -0.0644 -0.7733 -0.9644 1.0000 -0.6467
 491 T  0.4467 -0.4633 -0.3567 -0.2211 -0.3200 -0.4478 0.2356
 492 I  1.0000 -0.0733 -0.0100 0.7244 -0.2067 0.1722 0.7644
 493 F  0.4033 0.4144 0.4578 0.7178 -0.3022 0.1722 0.3533
 494 E  -0.2556 -0.2678 -0.0644 -0.7733 -0.9644 1.0000 -0.6467
 495 A  -0.3889 -0.7556 -0.7522 -0.1900 -0.1889 1.0000 -0.5289
 496 S  -0.3744 -0.7078 -0.6044 -0.4044 -0.2944 -0.5178 -0.2356
 497 K  -0.0978 0.0733 0.1811 -0.9878 0.8078 0.3100 -0.2944
 498 K  -0.0978 0.0733 0.1811 -0.9878 0.8078 0.3100 -0.2944
 499 V  0.7522 -0.3167 -0.2578 0.3678 -0.2122 -0.0344 1.0000
 500 T  0.4467 -0.4633 -0.3567 -0.2211 -0.3200 -0.4478 0.2356
 501 N  -0.2367 -0.3656 -0.2700 -0.7489 -0.0833 -0.4478 -0.5878
 502 S  -0.3744 -0.7078 -0.6044 -0.4044 -0.2944 -0.5178 -0.2356
 503 L  0.2367 -0.0733 -0.0100 0.6622 -0.2067 0.7933 -0.0589
 504 S  -0.3744 -0.7078 -0.6044 -0.4044 -0.2944 -0.5178 -0.2356
 505 N  -0.2367 -0.3656 -0.2700 -0.7489 -0.0833 -0.4478 -0.5878
 506 L  0.2367 -0.0733 -0.0100 0.6622 -0.2067 0.7933 -0.0589
 507 I  1.0000 -0.0733 -0.0100 0.7244 -0.2067 0.1722 0.7644
 508 S  -0.3744 -0.7078 -0.6044 -0.4044 -0.2944 -0.5178 -0.2356
 509 L  0.2367 -0.0733 -0.0100 0.6622 -0.2067 0.7933 -0.0589
 510 I  1.0000 -0.0733 -0.0100 0.7244 -0.2067 0.1722 0.7644
