 113 F  0.4033 0.4144 0.4578 0.7178 -0.3022 0.1722 0.3533
 114 S  -0.3744 -0.7078 -0.6044 -0.4044 -0.2944 -0.5178 -0.2356
 115 E  -0.2556 -0.2678 -0.0644 -0.7733 -0.9644 1.0000 -0.6467
 116 E  -0.2556 -0.2678 -0.0644 -0.7733 -0.9644 1.0000 -0.6467
 117 Q  -0.2556 -0.1222 -0.0222 -0.5156 -0.3067 0.5867 -0.4122
 118 L  0.2367 -0.0733 -0.0100 0.6622 -0.2067 0.7933 -0.0589
 119 N  -0.2367 -0.3656 -0.2700 -0.7489 -0.0833 -0.4478 -0.5878
 120 R  0.1167 0.4144 0.5178 -1.0000 1.0000 0.5867 -0.4122
 121 Y  0.4033 0.4633 0.6011 0.2089 -0.3044 -0.1722 0.5289
 122 E  -0.2556 -0.2678 -0.0644 -0.7733 -0.9644 1.0000 -0.6467
 123 M  0.1222 0.0733 0.0967 0.3744 -0.2911 0.7244 -0.0011
 124 Y  0.4033 0.4633 0.6011 0.2089 -0.3044 -0.1722 0.5289
 125 R  0.1167 0.4144 0.5178 -1.0000 1.0000 0.5867 -0.4122
 126 R  0.1167 0.4144 0.5178 -1.0000 1.0000 0.5867 -0.4122
 127 S  -0.3744 -0.7078 -0.6044 -0.4044 -0.2944 -0.5178 -0.2356
 128 A  -0.3889 -0.7556 -0.7522 -0.1900 -0.1889 1.0000 -0.5289
 129 F  0.4033 0.4144 0.4578 0.7178 -0.3022 0.1722 0.3533
 130 P  0.2744 -1.0000 -0.3267 0.0611 -0.0111 -1.0000 0.1178
 131 K  -0.0978 0.0733 0.1811 -0.9878 0.8078 0.3100 -0.2944
 132 A  -0.3889 -0.7556 -0.7522 -0.1900 -0.1889 1.0000 -0.5289
 133 A  -0.3889 -0.7556 -0.7522 -0.1900 -0.1889 1.0000 -0.5289
 134 I  1.0000 -0.0733 -0.0100 0.7244 -0.2067 0.1722 0.7644
 135 K  -0.0978 0.0733 0.1811 -0.9878 0.8078 0.3100 -0.2944
 136 R  0.1167 0.4144 0.5178 -1.0000 1.0000 0.5867 -0.4122
 137 L  0.2367 -0.0733 -0.0100 0.6622 -0.2067 0.7933 -0.0589
 138 I  1.0000 -0.0733 -0.0100 0.7244 -0.2067 0.1722 0.7644
 139 Q  -0.2556 -0.1222 -0.0222 -0.5156 -0.3067 0.5867 -0.4122
 140 S  -0.3744 -0.7078 -0.6044 -0.4044 -0.2944 -0.5178 -0.2356
 141 I  1.0000 -0.0733 -0.0100 0.7244 -0.2067 0.1722 0.7644
 142 T  0.4467 -0.4633 -0.3567 -0.2211 -0.3200 -0.4478 0.2356
 143 G  -1.0000 -1.0000 -1.0000 -0.3800 -0.1989 -1.0000 -1.0000
 144 T  0.4467 -0.4633 -0.3567 -0.2211 -0.3200 -0.4478 0.2356
 145 S  -0.3744 -0.7078 -0.6044 -0.4044 -0.2944 -0.5178 -0.2356
 146 V  0.7522 -0.3167 -0.2578 0.3678 -0.2122 -0.0344 1.0000
 147 S  -0.3744 -0.7078 -0.6044 -0.4044 -0.2944 -0.5178 -0.2356
 148 Q  -0.2556 -0.1222 -0.0222 -0.5156 -0.3067 0.5867 -0.4122
 149 N  -0.2367 -0.3656 -0.2700 -0.7489 -0.0833 -0.4478 -0.5878
 150 V  0.7522 -0.3167 -0.2578 0.3678 -0.2122 -0.0344 1.0000
 151 V  0.7522 -0.3167 -0.2578 0.3678 -0.2122 -0.0344 1.0000
 152 I  1.0000 -0.0733 -0.0100 0.7244 -0.2067 0.1722 0.7644
 153 A  -0.3889 -0.7556 -0.7522 -0.1900 -0.1889 1.0000 -0.5289
 154 M  0.1222 0.0733 0.0967 0.3744 -0.2911 0.7244 -0.0011
 155 S  -0.3744 -0.7078 -0.6044 -0.4044 -0.2944 -0.5178 -0.2356
 156 G  -1.0000 -1.0000 -1.0000 -0.3800 -0.1989 -1.0000 -1.0000
 157 I  1.0000 -0.0733 -0.0100 0.7244 -0.2067 0.1722 0.7644
 158 S  -0.3744 -0.7078 -0.6044 -0.4044 -0.2944 -0.5178 -0.2356
 159 K  -0.0978 0.0733 0.1811 -0.9878 0.8078 0.3100 -0.2944
 160 V  0.7522 -0.3167 -0.2578 0.3678 -0.2122 -0.0344 1.0000
 161 F  0.4033 0.4144 0.4578 0.7178 -0.3022 0.1722 0.3533
 162 V  0.7522 -0.3167 -0.2578 0.3678 -0.2122 -0.0344 1.0000
 163 G  -1.0000 -1.0000 -1.0000 -0.3800 -0.1989 -1.0000 -1.0000
 164 E  -0.2556 -0.2678 -0.0644 -0.7733 -0.9644 1.0000 -0.6467
 165 V  0.7522 -0.3167 -0.2578 0.3678 -0.2122 -0.0344 1.0000
 166 V  0.7522 -0.3167 -0.2578 0.3678 -0.2122 -0.0344 1.0000
 167 E  -0.2556 -0.2678 -0.0644 -0.7733 -0.9644 1.0000 -0.6467
 168 E  -0.2556 -0.2678 -0.0644 -0.7733 -0.9644 1.0000 -0.6467
 169 A  -0.3889 -0.7556 -0.7522 -0.1900 -0.1889 1.0000 -0.5289
 170 L  0.2367 -0.0733 -0.0100 0.6622 -0.2067 0.7933 -0.0589
 171 D  -0.2367 -0.4633 -0.3122 -0.8522 -1.0000 -0.1722 -0.7056
 172 V  0.7522 -0.3167 -0.2578 0.3678 -0.2122 -0.0344 1.0000
 173 C  -0.1556 -0.3656 -0.3989 0.5644 -0.1267 -0.7244 0.5289
 174 E  -0.2556 -0.2678 -0.0644 -0.7733 -0.9644 1.0000 -0.6467
 175 K  -0.0978 0.0733 0.1811 -0.9878 0.8078 0.3100 -0.2944
 176 W  0.5322 1.0000 1.0000 1.0000 -0.2322 0.3100 0.5878
 177 G  -1.0000 -1.0000 -1.0000 -0.3800 -0.1989 -1.0000 -1.0000
 178 E  -0.2556 -0.2678 -0.0644 -0.7733 -0.9644 1.0000 -0.6467
 179 M  0.1222 0.0733 0.0967 0.3744 -0.2911 0.7244 -0.0011
 180 P  0.2744 -1.0000 -0.3267 0.0611 -0.0111 -1.0000 0.1178
 181 P  0.2744 -1.0000 -0.3267 0.0611 -0.0111 -1.0000 0.1178
 182 L  0.2367 -0.0733 -0.0100 0.6622 -0.2067 0.7933 -0.0589
 183 Q  -0.2556 -0.1222 -0.0222 -0.5156 -0.3067 0.5867 -0.4122
 184 P  0.2744 -1.0000 -0.3267 0.0611 -0.0111 -1.0000 0.1178
 185 K  -0.0978 0.0733 0.1811 -0.9878 0.8078 0.3100 -0.2944
 186 H  0.4267 0.1222 0.1533 -0.3011 0.2167 -0.0344 -0.1178
 187 M  0.1222 0.0733 0.0967 0.3744 -0.2911 0.7244 -0.0011
 188 R  0.1167 0.4144 0.5178 -1.0000 1.0000 0.5867 -0.4122
 189 E  -0.2556 -0.2678 -0.0644 -0.7733 -0.9644 1.0000 -0.6467
 190 A  -0.3889 -0.7556 -0.7522 -0.1900 -0.1889 1.0000 -0.5289
 191 V  0.7522 -0.3167 -0.2578 0.3678 -0.2122 -0.0344 1.0000
 192 R  0.1167 0.4144 0.5178 -1.0000 1.0000 0.5867 -0.4122
 193 R  0.1167 0.4144 0.5178 -1.0000 1.0000 0.5867 -0.4122
 194 L  0.2367 -0.0733 -0.0100 0.6622 -0.2067 0.7933 -0.0589
 195 K  -0.0978 0.0733 0.1811 -0.9878 0.8078 0.3100 -0.2944
 196 S  -0.3744 -0.7078 -0.6044 -0.4044 -0.2944 -0.5178 -0.2356
 197 K  -0.0978 0.0733 0.1811 -0.9878 0.8078 0.3100 -0.2944
 198 G  -1.0000 -1.0000 -1.0000 -0.3800 -0.1989 -1.0000 -1.0000
 199 Q  -0.2556 -0.1222 -0.0222 -0.5156 -0.3067 0.5867 -0.4122
 200 I  1.0000 -0.0733 -0.0100 0.7244 -0.2067 0.1722 0.7644
 201 P  0.2744 -1.0000 -0.3267 0.0611 -0.0111 -1.0000 0.1178
