 0 G  -1.0000 -1.0000 -1.0000 -0.3800 -0.1989 -1.0000 -1.0000
 ! !  -1.0000 -1.0000 -1.0000 -1.0000 -1.0000 -1.0000 -1.0000
 2 N  -0.2367 -0.3656 -0.2700 -0.7489 -0.0833 -0.4478 -0.5878
 3 N  -0.2367 -0.3656 -0.2700 -0.7489 -0.0833 -0.4478 -0.5878
 4 R  0.1167 0.4144 0.5178 -1.0000 1.0000 0.5867 -0.4122
 5 E  -0.2556 -0.2678 -0.0644 -0.7733 -0.9644 1.0000 -0.6467
 6 L  0.2367 -0.0733 -0.0100 0.6622 -0.2067 0.7933 -0.0589
 7 Y  0.4033 0.4633 0.6011 0.2089 -0.3044 -0.1722 0.5289
 8 G  -1.0000 -1.0000 -1.0000 -0.3800 -0.1989 -1.0000 -1.0000
 9 N  -0.2367 -0.3656 -0.2700 -0.7489 -0.0833 -0.4478 -0.5878
 10 I  1.0000 -0.0733 -0.0100 0.7244 -0.2067 0.1722 0.7644
 11 R  0.1167 0.4144 0.5178 -1.0000 1.0000 0.5867 -0.4122
 12 D  -0.2367 -0.4633 -0.3122 -0.8522 -1.0000 -0.1722 -0.7056
 13 V  0.7522 -0.3167 -0.2578 0.3678 -0.2122 -0.0344 1.0000
 14 Y  0.4033 0.4633 0.6011 0.2089 -0.3044 -0.1722 0.5289
 15 H  0.4267 0.1222 0.1533 -0.3011 0.2167 -0.0344 -0.1178
 16 L  0.2367 -0.0733 -0.0100 0.6622 -0.2067 0.7933 -0.0589
 17 L  0.2367 -0.0733 -0.0100 0.6622 -0.2067 0.7933 -0.0589
 18 Q  -0.2556 -0.1222 -0.0222 -0.5156 -0.3067 0.5867 -0.4122
 19 K  -0.0978 0.0733 0.1811 -0.9878 0.8078 0.3100 -0.2944
 20 N  -0.2367 -0.3656 -0.2700 -0.7489 -0.0833 -0.4478 -0.5878
 21 L  0.2367 -0.0733 -0.0100 0.6622 -0.2067 0.7933 -0.0589
 22 D  -0.2367 -0.4633 -0.3122 -0.8522 -1.0000 -0.1722 -0.7056
 23 K  -0.0978 0.0733 0.1811 -0.9878 0.8078 0.3100 -0.2944
 24 A  -0.3889 -0.7556 -0.7522 -0.1900 -0.1889 1.0000 -0.5289
 25 I  1.0000 -0.0733 -0.0100 0.7244 -0.2067 0.1722 0.7644
 26 E  -0.2556 -0.2678 -0.0644 -0.7733 -0.9644 1.0000 -0.6467
 27 Q  -0.2556 -0.1222 -0.0222 -0.5156 -0.3067 0.5867 -0.4122
 28 Y  0.4033 0.4633 0.6011 0.2089 -0.3044 -0.1722 0.5289
 29 D  -0.2367 -0.4633 -0.3122 -0.8522 -1.0000 -0.1722 -0.7056
 30 I  1.0000 -0.0733 -0.0100 0.7244 -0.2067 0.1722 0.7644
 31 S  -0.3744 -0.7078 -0.6044 -0.4044 -0.2944 -0.5178 -0.2356
 32 Y  0.4033 0.4633 0.6011 0.2089 -0.3044 -0.1722 0.5289
 33 V  0.7522 -0.3167 -0.2578 0.3678 -0.2122 -0.0344 1.0000
 34 Q  -0.2556 -0.1222 -0.0222 -0.5156 -0.3067 0.5867 -0.4122
 35 F  0.4033 0.4144 0.4578 0.7178 -0.3022 0.1722 0.3533
 36 G  -1.0000 -1.0000 -1.0000 -0.3800 -0.1989 -1.0000 -1.0000
 37 V  0.7522 -0.3167 -0.2578 0.3678 -0.2122 -0.0344 1.0000
 38 I  1.0000 -0.0733 -0.0100 0.7244 -0.2067 0.1722 0.7644
 39 Q  -0.2556 -0.1222 -0.0222 -0.5156 -0.3067 0.5867 -0.4122
 40 V  0.7522 -0.3167 -0.2578 0.3678 -0.2122 -0.0344 1.0000
 41 L  0.2367 -0.0733 -0.0100 0.6622 -0.2067 0.7933 -0.0589
 42 A  -0.3889 -0.7556 -0.7522 -0.1900 -0.1889 1.0000 -0.5289
 43 K  -0.0978 0.0733 0.1811 -0.9878 0.8078 0.3100 -0.2944
 44 S  -0.3744 -0.7078 -0.6044 -0.4044 -0.2944 -0.5178 -0.2356
 45 G  -1.0000 -1.0000 -1.0000 -0.3800 -0.1989 -1.0000 -1.0000
 46 K  -0.0978 0.0733 0.1811 -0.9878 0.8078 0.3100 -0.2944
 47 V  0.7522 -0.3167 -0.2578 0.3678 -0.2122 -0.0344 1.0000
 48 S  -0.3744 -0.7078 -0.6044 -0.4044 -0.2944 -0.5178 -0.2356
 ! !  -1.0000 -1.0000 -1.0000 -1.0000 -1.0000 -1.0000 -1.0000
 50 S  -0.3744 -0.7078 -0.6044 -0.4044 -0.2944 -0.5178 -0.2356
 51 K  -0.0978 0.0733 0.1811 -0.9878 0.8078 0.3100 -0.2944
 52 L  0.2367 -0.0733 -0.0100 0.6622 -0.2067 0.7933 -0.0589
 53 I  1.0000 -0.0733 -0.0100 0.7244 -0.2067 0.1722 0.7644
 54 E  -0.2556 -0.2678 -0.0644 -0.7733 -0.9644 1.0000 -0.6467
 55 N  -0.2367 -0.3656 -0.2700 -0.7489 -0.0833 -0.4478 -0.5878
 ! !  -1.0000 -1.0000 -1.0000 -1.0000 -1.0000 -1.0000 -1.0000
 57 G  -1.0000 -1.0000 -1.0000 -0.3800 -0.1989 -1.0000 -1.0000
 58 C  -0.1556 -0.3656 -0.3989 0.5644 -0.1267 -0.7244 0.5289
 59 V  0.7522 -0.3167 -0.2578 0.3678 -0.2122 -0.0344 1.0000
 60 P  0.2744 -1.0000 -0.3267 0.0611 -0.0111 -1.0000 0.1178
 61 S  -0.3744 -0.7078 -0.6044 -0.4044 -0.2944 -0.5178 -0.2356
 62 N  -0.2367 -0.3656 -0.2700 -0.7489 -0.0833 -0.4478 -0.5878
 ! !  -1.0000 -1.0000 -1.0000 -1.0000 -1.0000 -1.0000 -1.0000
 64 T  0.4467 -0.4633 -0.3567 -0.2211 -0.3200 -0.4478 0.2356
 65 T  0.4467 -0.4633 -0.3567 -0.2211 -0.3200 -0.4478 0.2356
 ! !  -1.0000 -1.0000 -1.0000 -1.0000 -1.0000 -1.0000 -1.0000
 67 I  1.0000 -0.0733 -0.0100 0.7244 -0.2067 0.1722 0.7644
 68 Q  -0.2556 -0.1222 -0.0222 -0.5156 -0.3067 0.5867 -0.4122
 69 R  0.1167 0.4144 0.5178 -1.0000 1.0000 0.5867 -0.4122
 ! !  -1.0000 -1.0000 -1.0000 -1.0000 -1.0000 -1.0000 -1.0000
 71 K  -0.0978 0.0733 0.1811 -0.9878 0.8078 0.3100 -0.2944
 72 R  0.1167 0.4144 0.5178 -1.0000 1.0000 0.5867 -0.4122
 73 D  -0.2367 -0.4633 -0.3122 -0.8522 -1.0000 -0.1722 -0.7056
 74 G  -1.0000 -1.0000 -1.0000 -0.3800 -0.1989 -1.0000 -1.0000
 75 Y  0.4033 0.4633 0.6011 0.2089 -0.3044 -0.1722 0.5289
 76 V  0.7522 -0.3167 -0.2578 0.3678 -0.2122 -0.0344 1.0000
 ! !  -1.0000 -1.0000 -1.0000 -1.0000 -1.0000 -1.0000 -1.0000
 78 T  0.4467 -0.4633 -0.3567 -0.2211 -0.3200 -0.4478 0.2356
 79 E  -0.2556 -0.2678 -0.0644 -0.7733 -0.9644 1.0000 -0.6467
 80 K  -0.0978 0.0733 0.1811 -0.9878 0.8078 0.3100 -0.2944
 81 N  -0.2367 -0.3656 -0.2700 -0.7489 -0.0833 -0.4478 -0.5878
 82 P  0.2744 -1.0000 -0.3267 0.0611 -0.0111 -1.0000 0.1178
 83 N  -0.2367 -0.3656 -0.2700 -0.7489 -0.0833 -0.4478 -0.5878
 84 D  -0.2367 -0.4633 -0.3122 -0.8522 -1.0000 -0.1722 -0.7056
 85 Q  -0.2556 -0.1222 -0.0222 -0.5156 -0.3067 0.5867 -0.4122
 86 R  0.1167 0.4144 0.5178 -1.0000 1.0000 0.5867 -0.4122
 87 E  -0.2556 -0.2678 -0.0644 -0.7733 -0.9644 1.0000 -0.6467
 88 T  0.4467 -0.4633 -0.3567 -0.2211 -0.3200 -0.4478 0.2356
 89 L  0.2367 -0.0733 -0.0100 0.6622 -0.2067 0.7933 -0.0589
 90 V  0.7522 -0.3167 -0.2578 0.3678 -0.2122 -0.0344 1.0000
 91 Y  0.4033 0.4633 0.6011 0.2089 -0.3044 -0.1722 0.5289
 92 L  0.2367 -0.0733 -0.0100 0.6622 -0.2067 0.7933 -0.0589
 93 T  0.4467 -0.4633 -0.3567 -0.2211 -0.3200 -0.4478 0.2356
 94 K  -0.0978 0.0733 0.1811 -0.9878 0.8078 0.3100 -0.2944
 95 K  -0.0978 0.0733 0.1811 -0.9878 0.8078 0.3100 -0.2944
 96 G  -1.0000 -1.0000 -1.0000 -0.3800 -0.1989 -1.0000 -1.0000
 97 E  -0.2556 -0.2678 -0.0644 -0.7733 -0.9644 1.0000 -0.6467
 98 E  -0.2556 -0.2678 -0.0644 -0.7733 -0.9644 1.0000 -0.6467
 99 T  0.4467 -0.4633 -0.3567 -0.2211 -0.3200 -0.4478 0.2356
 100 K  -0.0978 0.0733 0.1811 -0.9878 0.8078 0.3100 -0.2944
 101 K  -0.0978 0.0733 0.1811 -0.9878 0.8078 0.3100 -0.2944
 102 Q  -0.2556 -0.1222 -0.0222 -0.5156 -0.3067 0.5867 -0.4122
 103 V  0.7522 -0.3167 -0.2578 0.3678 -0.2122 -0.0344 1.0000
 104 D  -0.2367 -0.4633 -0.3122 -0.8522 -1.0000 -0.1722 -0.7056
 105 V  0.7522 -0.3167 -0.2578 0.3678 -0.2122 -0.0344 1.0000
 106 Q  -0.2556 -0.1222 -0.0222 -0.5156 -0.3067 0.5867 -0.4122
 107 Y  0.4033 0.4633 0.6011 0.2089 -0.3044 -0.1722 0.5289
 108 S  -0.3744 -0.7078 -0.6044 -0.4044 -0.2944 -0.5178 -0.2356
 109 D  -0.2367 -0.4633 -0.3122 -0.8522 -1.0000 -0.1722 -0.7056
 110 F  0.4033 0.4144 0.4578 0.7178 -0.3022 0.1722 0.3533
 111 L  0.2367 -0.0733 -0.0100 0.6622 -0.2067 0.7933 -0.0589
 112 K  -0.0978 0.0733 0.1811 -0.9878 0.8078 0.3100 -0.2944
 113 E  -0.2556 -0.2678 -0.0644 -0.7733 -0.9644 1.0000 -0.6467
 114 N  -0.2367 -0.3656 -0.2700 -0.7489 -0.0833 -0.4478 -0.5878
 115 C  -0.1556 -0.3656 -0.3989 0.5644 -0.1267 -0.7244 0.5289
 116 G  -1.0000 -1.0000 -1.0000 -0.3800 -0.1989 -1.0000 -1.0000
 117 C  -0.1556 -0.3656 -0.3989 0.5644 -0.1267 -0.7244 0.5289
 118 F  0.4033 0.4144 0.4578 0.7178 -0.3022 0.1722 0.3533
 119 T  0.4467 -0.4633 -0.3567 -0.2211 -0.3200 -0.4478 0.2356
 120 K  -0.0978 0.0733 0.1811 -0.9878 0.8078 0.3100 -0.2944
 121 E  -0.2556 -0.2678 -0.0644 -0.7733 -0.9644 1.0000 -0.6467
 122 E  -0.2556 -0.2678 -0.0644 -0.7733 -0.9644 1.0000 -0.6467
 123 E  -0.2556 -0.2678 -0.0644 -0.7733 -0.9644 1.0000 -0.6467
 124 G  -1.0000 -1.0000 -1.0000 -0.3800 -0.1989 -1.0000 -1.0000
 125 I  1.0000 -0.0733 -0.0100 0.7244 -0.2067 0.1722 0.7644
 126 L  0.2367 -0.0733 -0.0100 0.6622 -0.2067 0.7933 -0.0589
 127 E  -0.2556 -0.2678 -0.0644 -0.7733 -0.9644 1.0000 -0.6467
 128 D  -0.2367 -0.4633 -0.3122 -0.8522 -1.0000 -0.1722 -0.7056
 129 L  0.2367 -0.0733 -0.0100 0.6622 -0.2067 0.7933 -0.0589
 130 L  0.2367 -0.0733 -0.0100 0.6622 -0.2067 0.7933 -0.0589
 131 L  0.2367 -0.0733 -0.0100 0.6622 -0.2067 0.7933 -0.0589
 132 K  -0.0978 0.0733 0.1811 -0.9878 0.8078 0.3100 -0.2944
 133 W  0.5322 1.0000 1.0000 1.0000 -0.2322 0.3100 0.5878
 134 K  -0.0978 0.0733 0.1811 -0.9878 0.8078 0.3100 -0.2944
 135 K  -0.0978 0.0733 0.1811 -0.9878 0.8078 0.3100 -0.2944
 136 H  0.4267 0.1222 0.1533 -0.3011 0.2167 -0.0344 -0.1178
 137 L  0.2367 -0.0733 -0.0100 0.6622 -0.2067 0.7933 -0.0589
 138 N  -0.2367 -0.3656 -0.2700 -0.7489 -0.0833 -0.4478 -0.5878
