 9 A  -0.3889 -0.7556 -0.7522 -0.1900 -0.1889 1.0000 -0.5289
 10 R  0.1167 0.4144 0.5178 -1.0000 1.0000 0.5867 -0.4122
 11 N  -0.2367 -0.3656 -0.2700 -0.7489 -0.0833 -0.4478 -0.5878
 12 P  0.2744 -1.0000 -0.3267 0.0611 -0.0111 -1.0000 0.1178
 13 I  1.0000 -0.0733 -0.0100 0.7244 -0.2067 0.1722 0.7644
 14 Y  0.4033 0.4633 0.6011 0.2089 -0.3044 -0.1722 0.5289
 15 F  0.4033 0.4144 0.4578 0.7178 -0.3022 0.1722 0.3533
 16 E  -0.2556 -0.2678 -0.0644 -0.7733 -0.9644 1.0000 -0.6467
 17 S  -0.3744 -0.7078 -0.6044 -0.4044 -0.2944 -0.5178 -0.2356
 18 I  1.0000 -0.0733 -0.0100 0.7244 -0.2067 0.1722 0.7644
 19 Q  -0.2556 -0.1222 -0.0222 -0.5156 -0.3067 0.5867 -0.4122
 20 I  1.0000 -0.0733 -0.0100 0.7244 -0.2067 0.1722 0.7644
 21 G  -1.0000 -1.0000 -1.0000 -0.3800 -0.1989 -1.0000 -1.0000
 22 E  -0.2556 -0.2678 -0.0644 -0.7733 -0.9644 1.0000 -0.6467
 23 K  -0.0978 0.0733 0.1811 -0.9878 0.8078 0.3100 -0.2944
 24 I  1.0000 -0.0733 -0.0100 0.7244 -0.2067 0.1722 0.7644
 25 E  -0.2556 -0.2678 -0.0644 -0.7733 -0.9644 1.0000 -0.6467
 26 G  -1.0000 -1.0000 -1.0000 -0.3800 -0.1989 -1.0000 -1.0000
 27 L  0.2367 -0.0733 -0.0100 0.6622 -0.2067 0.7933 -0.0589
 28 P  0.2744 -1.0000 -0.3267 0.0611 -0.0111 -1.0000 0.1178
 29 R  0.1167 0.4144 0.5178 -1.0000 1.0000 0.5867 -0.4122
 30 T  0.4467 -0.4633 -0.3567 -0.2211 -0.3200 -0.4478 0.2356
 31 V  0.7522 -0.3167 -0.2578 0.3678 -0.2122 -0.0344 1.0000
 32 T  0.4467 -0.4633 -0.3567 -0.2211 -0.3200 -0.4478 0.2356
 33 E  -0.2556 -0.2678 -0.0644 -0.7733 -0.9644 1.0000 -0.6467
 34 T  0.4467 -0.4633 -0.3567 -0.2211 -0.3200 -0.4478 0.2356
 35 D  -0.2367 -0.4633 -0.3122 -0.8522 -1.0000 -0.1722 -0.7056
 36 I  1.0000 -0.0733 -0.0100 0.7244 -0.2067 0.1722 0.7644
 37 W  0.5322 1.0000 1.0000 1.0000 -0.2322 0.3100 0.5878
 38 T  0.4467 -0.4633 -0.3567 -0.2211 -0.3200 -0.4478 0.2356
 39 F  0.4033 0.4144 0.4578 0.7178 -0.3022 0.1722 0.3533
 40 A  -0.3889 -0.7556 -0.7522 -0.1900 -0.1889 1.0000 -0.5289
 41 Y  0.4033 0.4633 0.6011 0.2089 -0.3044 -0.1722 0.5289
 42 L  0.2367 -0.0733 -0.0100 0.6622 -0.2067 0.7933 -0.0589
 43 T  0.4467 -0.4633 -0.3567 -0.2211 -0.3200 -0.4478 0.2356
 44 A  -0.3889 -0.7556 -0.7522 -0.1900 -0.1889 1.0000 -0.5289
 45 D  -0.2367 -0.4633 -0.3122 -0.8522 -1.0000 -0.1722 -0.7056
 46 F  0.4033 0.4144 0.4578 0.7178 -0.3022 0.1722 0.3533
 47 F  0.4033 0.4144 0.4578 0.7178 -0.3022 0.1722 0.3533
 48 P  0.2744 -1.0000 -0.3267 0.0611 -0.0111 -1.0000 0.1178
 49 L  0.2367 -0.0733 -0.0100 0.6622 -0.2067 0.7933 -0.0589
 50 H  0.4267 0.1222 0.1533 -0.3011 0.2167 -0.0344 -0.1178
 51 T  0.4467 -0.4633 -0.3567 -0.2211 -0.3200 -0.4478 0.2356
 52 D  -0.2367 -0.4633 -0.3122 -0.8522 -1.0000 -0.1722 -0.7056
 53 V  0.7522 -0.3167 -0.2578 0.3678 -0.2122 -0.0344 1.0000
 54 E  -0.2556 -0.2678 -0.0644 -0.7733 -0.9644 1.0000 -0.6467
 55 F  0.4033 0.4144 0.4578 0.7178 -0.3022 0.1722 0.3533
 56 A  -0.3889 -0.7556 -0.7522 -0.1900 -0.1889 1.0000 -0.5289
 57 K  -0.0978 0.0733 0.1811 -0.9878 0.8078 0.3100 -0.2944
 58 K  -0.0978 0.0733 0.1811 -0.9878 0.8078 0.3100 -0.2944
 59 T  0.4467 -0.4633 -0.3567 -0.2211 -0.3200 -0.4478 0.2356
 60 I  1.0000 -0.0733 -0.0100 0.7244 -0.2067 0.1722 0.7644
 61 F  0.4033 0.4144 0.4578 0.7178 -0.3022 0.1722 0.3533
 62 G  -1.0000 -1.0000 -1.0000 -0.3800 -0.1989 -1.0000 -1.0000
 63 K  -0.0978 0.0733 0.1811 -0.9878 0.8078 0.3100 -0.2944
 64 P  0.2744 -1.0000 -0.3267 0.0611 -0.0111 -1.0000 0.1178
 65 I  1.0000 -0.0733 -0.0100 0.7244 -0.2067 0.1722 0.7644
 66 A  -0.3889 -0.7556 -0.7522 -0.1900 -0.1889 1.0000 -0.5289
 67 Q  -0.2556 -0.1222 -0.0222 -0.5156 -0.3067 0.5867 -0.4122
 68 G  -1.0000 -1.0000 -1.0000 -0.3800 -0.1989 -1.0000 -1.0000
 ! !  -1.0000 -1.0000 -1.0000 -1.0000 -1.0000 -1.0000 -1.0000
 70 L  0.2367 -0.0733 -0.0100 0.6622 -0.2067 0.7933 -0.0589
 71 V  0.7522 -0.3167 -0.2578 0.3678 -0.2122 -0.0344 1.0000
 72 L  0.2367 -0.0733 -0.0100 0.6622 -0.2067 0.7933 -0.0589
 73 S  -0.3744 -0.7078 -0.6044 -0.4044 -0.2944 -0.5178 -0.2356
 74 I  1.0000 -0.0733 -0.0100 0.7244 -0.2067 0.1722 0.7644
 75 A  -0.3889 -0.7556 -0.7522 -0.1900 -0.1889 1.0000 -0.5289
 76 L  0.2367 -0.0733 -0.0100 0.6622 -0.2067 0.7933 -0.0589
 77 G  -1.0000 -1.0000 -1.0000 -0.3800 -0.1989 -1.0000 -1.0000
 ! !  -1.0000 -1.0000 -1.0000 -1.0000 -1.0000 -1.0000 -1.0000
 79 V  0.7522 -0.3167 -0.2578 0.3678 -0.2122 -0.0344 1.0000
 80 D  -0.2367 -0.4633 -0.3122 -0.8522 -1.0000 -0.1722 -0.7056
 81 Q  -0.2556 -0.1222 -0.0222 -0.5156 -0.3067 0.5867 -0.4122
 82 V  0.7522 -0.3167 -0.2578 0.3678 -0.2122 -0.0344 1.0000
 83 I  1.0000 -0.0733 -0.0100 0.7244 -0.2067 0.1722 0.7644
 84 L  0.2367 -0.0733 -0.0100 0.6622 -0.2067 0.7933 -0.0589
 85 S  -0.3744 -0.7078 -0.6044 -0.4044 -0.2944 -0.5178 -0.2356
 86 N  -0.2367 -0.3656 -0.2700 -0.7489 -0.0833 -0.4478 -0.5878
 87 Y  0.4033 0.4633 0.6011 0.2089 -0.3044 -0.1722 0.5289
 88 D  -0.2367 -0.4633 -0.3122 -0.8522 -1.0000 -0.1722 -0.7056
 89 V  0.7522 -0.3167 -0.2578 0.3678 -0.2122 -0.0344 1.0000
 90 S  -0.3744 -0.7078 -0.6044 -0.4044 -0.2944 -0.5178 -0.2356
 91 S  -0.3744 -0.7078 -0.6044 -0.4044 -0.2944 -0.5178 -0.2356
 92 V  0.7522 -0.3167 -0.2578 0.3678 -0.2122 -0.0344 1.0000
 93 I  1.0000 -0.0733 -0.0100 0.7244 -0.2067 0.1722 0.7644
 94 A  -0.3889 -0.7556 -0.7522 -0.1900 -0.1889 1.0000 -0.5289
 95 F  0.4033 0.4144 0.4578 0.7178 -0.3022 0.1722 0.3533
 96 F  0.4033 0.4144 0.4578 0.7178 -0.3022 0.1722 0.3533
 97 G  -1.0000 -1.0000 -1.0000 -0.3800 -0.1989 -1.0000 -1.0000
 98 I  1.0000 -0.0733 -0.0100 0.7244 -0.2067 0.1722 0.7644
 99 K  -0.0978 0.0733 0.1811 -0.9878 0.8078 0.3100 -0.2944
 100 D  -0.2367 -0.4633 -0.3122 -0.8522 -1.0000 -0.1722 -0.7056
 101 V  0.7522 -0.3167 -0.2578 0.3678 -0.2122 -0.0344 1.0000
 102 R  0.1167 0.4144 0.5178 -1.0000 1.0000 0.5867 -0.4122
 103 F  0.4033 0.4144 0.4578 0.7178 -0.3022 0.1722 0.3533
 104 L  0.2367 -0.0733 -0.0100 0.6622 -0.2067 0.7933 -0.0589
 105 R  0.1167 0.4144 0.5178 -1.0000 1.0000 0.5867 -0.4122
 106 P  0.2744 -1.0000 -0.3267 0.0611 -0.0111 -1.0000 0.1178
 107 V  0.7522 -0.3167 -0.2578 0.3678 -0.2122 -0.0344 1.0000
 108 F  0.4033 0.4144 0.4578 0.7178 -0.3022 0.1722 0.3533
 109 I  1.0000 -0.0733 -0.0100 0.7244 -0.2067 0.1722 0.7644
 110 G  -1.0000 -1.0000 -1.0000 -0.3800 -0.1989 -1.0000 -1.0000
 111 D  -0.2367 -0.4633 -0.3122 -0.8522 -1.0000 -0.1722 -0.7056
 112 T  0.4467 -0.4633 -0.3567 -0.2211 -0.3200 -0.4478 0.2356
 113 I  1.0000 -0.0733 -0.0100 0.7244 -0.2067 0.1722 0.7644
 114 A  -0.3889 -0.7556 -0.7522 -0.1900 -0.1889 1.0000 -0.5289
 115 A  -0.3889 -0.7556 -0.7522 -0.1900 -0.1889 1.0000 -0.5289
 116 S  -0.3744 -0.7078 -0.6044 -0.4044 -0.2944 -0.5178 -0.2356
 117 A  -0.3889 -0.7556 -0.7522 -0.1900 -0.1889 1.0000 -0.5289
 118 E  -0.2556 -0.2678 -0.0644 -0.7733 -0.9644 1.0000 -0.6467
 119 V  0.7522 -0.3167 -0.2578 0.3678 -0.2122 -0.0344 1.0000
 120 V  0.7522 -0.3167 -0.2578 0.3678 -0.2122 -0.0344 1.0000
 121 E  -0.2556 -0.2678 -0.0644 -0.7733 -0.9644 1.0000 -0.6467
 122 K  -0.0978 0.0733 0.1811 -0.9878 0.8078 0.3100 -0.2944
 123 Q  -0.2556 -0.1222 -0.0222 -0.5156 -0.3067 0.5867 -0.4122
 124 D  -0.2367 -0.4633 -0.3122 -0.8522 -1.0000 -0.1722 -0.7056
 125 F  0.4033 0.4144 0.4578 0.7178 -0.3022 0.1722 0.3533
 126 D  -0.2367 -0.4633 -0.3122 -0.8522 -1.0000 -0.1722 -0.7056
 127 E  -0.2556 -0.2678 -0.0644 -0.7733 -0.9644 1.0000 -0.6467
 128 K  -0.0978 0.0733 0.1811 -0.9878 0.8078 0.3100 -0.2944
 129 S  -0.3744 -0.7078 -0.6044 -0.4044 -0.2944 -0.5178 -0.2356
 130 G  -1.0000 -1.0000 -1.0000 -0.3800 -0.1989 -1.0000 -1.0000
 131 V  0.7522 -0.3167 -0.2578 0.3678 -0.2122 -0.0344 1.0000
 132 V  0.7522 -0.3167 -0.2578 0.3678 -0.2122 -0.0344 1.0000
 133 T  0.4467 -0.4633 -0.3567 -0.2211 -0.3200 -0.4478 0.2356
 134 Y  0.4033 0.4633 0.6011 0.2089 -0.3044 -0.1722 0.5289
 135 K  -0.0978 0.0733 0.1811 -0.9878 0.8078 0.3100 -0.2944
 136 L  0.2367 -0.0733 -0.0100 0.6622 -0.2067 0.7933 -0.0589
 137 E  -0.2556 -0.2678 -0.0644 -0.7733 -0.9644 1.0000 -0.6467
 138 V  0.7522 -0.3167 -0.2578 0.3678 -0.2122 -0.0344 1.0000
 139 K  -0.0978 0.0733 0.1811 -0.9878 0.8078 0.3100 -0.2944
 140 N  -0.2367 -0.3656 -0.2700 -0.7489 -0.0833 -0.4478 -0.5878
 141 Q  -0.2556 -0.1222 -0.0222 -0.5156 -0.3067 0.5867 -0.4122
 142 R  0.1167 0.4144 0.5178 -1.0000 1.0000 0.5867 -0.4122
 143 G  -1.0000 -1.0000 -1.0000 -0.3800 -0.1989 -1.0000 -1.0000
 144 E  -0.2556 -0.2678 -0.0644 -0.7733 -0.9644 1.0000 -0.6467
 145 L  0.2367 -0.0733 -0.0100 0.6622 -0.2067 0.7933 -0.0589
 146 V  0.7522 -0.3167 -0.2578 0.3678 -0.2122 -0.0344 1.0000
 147 L  0.2367 -0.0733 -0.0100 0.6622 -0.2067 0.7933 -0.0589
 148 T  0.4467 -0.4633 -0.3567 -0.2211 -0.3200 -0.4478 0.2356
 149 A  -0.3889 -0.7556 -0.7522 -0.1900 -0.1889 1.0000 -0.5289
 150 L  0.2367 -0.0733 -0.0100 0.6622 -0.2067 0.7933 -0.0589
 151 Y  0.4033 0.4633 0.6011 0.2089 -0.3044 -0.1722 0.5289
 152 S  -0.3744 -0.7078 -0.6044 -0.4044 -0.2944 -0.5178 -0.2356
 153 A  -0.3889 -0.7556 -0.7522 -0.1900 -0.1889 1.0000 -0.5289
 154 L  0.2367 -0.0733 -0.0100 0.6622 -0.2067 0.7933 -0.0589
 155 I  1.0000 -0.0733 -0.0100 0.7244 -0.2067 0.1722 0.7644
 156 R  0.1167 0.4144 0.5178 -1.0000 1.0000 0.5867 -0.4122
 157 K  -0.0978 0.0733 0.1811 -0.9878 0.8078 0.3100 -0.2944
 158 T  0.4467 -0.4633 -0.3567 -0.2211 -0.3200 -0.4478 0.2356
 159 P  0.2744 -1.0000 -0.3267 0.0611 -0.0111 -1.0000 0.1178
