 1 S  -0.3744 -0.7078 -0.6044 -0.4044 -0.2944 -0.5178 -0.2356
 2 L  0.2367 -0.0733 -0.0100 0.6622 -0.2067 0.7933 -0.0589
 3 L  0.2367 -0.0733 -0.0100 0.6622 -0.2067 0.7933 -0.0589
 4 L  0.2367 -0.0733 -0.0100 0.6622 -0.2067 0.7933 -0.0589
 5 T  0.4467 -0.4633 -0.3567 -0.2211 -0.3200 -0.4478 0.2356
 6 N  -0.2367 -0.3656 -0.2700 -0.7489 -0.0833 -0.4478 -0.5878
 7 H  0.4267 0.1222 0.1533 -0.3011 0.2167 -0.0344 -0.1178
 8 I  1.0000 -0.0733 -0.0100 0.7244 -0.2067 0.1722 0.7644
 9 G  -1.0000 -1.0000 -1.0000 -0.3800 -0.1989 -1.0000 -1.0000
 10 Y  0.4033 0.4633 0.6011 0.2089 -0.3044 -0.1722 0.5289
 11 E  -0.2556 -0.2678 -0.0644 -0.7733 -0.9644 1.0000 -0.6467
 12 R  0.1167 0.4144 0.5178 -1.0000 1.0000 0.5867 -0.4122
 13 L  0.2367 -0.0733 -0.0100 0.6622 -0.2067 0.7933 -0.0589
 14 G  -1.0000 -1.0000 -1.0000 -0.3800 -0.1989 -1.0000 -1.0000
 15 P  0.2744 -1.0000 -0.3267 0.0611 -0.0111 -1.0000 0.1178
 16 K  -0.0978 0.0733 0.1811 -0.9878 0.8078 0.3100 -0.2944
 17 K  -0.0978 0.0733 0.1811 -0.9878 0.8078 0.3100 -0.2944
 18 A  -0.3889 -0.7556 -0.7522 -0.1900 -0.1889 1.0000 -0.5289
 19 I  1.0000 -0.0733 -0.0100 0.7244 -0.2067 0.1722 0.7644
 20 I  1.0000 -0.0733 -0.0100 0.7244 -0.2067 0.1722 0.7644
 21 Q  -0.2556 -0.1222 -0.0222 -0.5156 -0.3067 0.5867 -0.4122
 22 T  0.4467 -0.4633 -0.3567 -0.2211 -0.3200 -0.4478 0.2356
 23 E  -0.2556 -0.2678 -0.0644 -0.7733 -0.9644 1.0000 -0.6467
 24 Q  -0.2556 -0.1222 -0.0222 -0.5156 -0.3067 0.5867 -0.4122
 25 P  0.2744 -1.0000 -0.3267 0.0611 -0.0111 -1.0000 0.1178
 26 H  0.4267 0.1222 0.1533 -0.3011 0.2167 -0.0344 -0.1178
 27 L  0.2367 -0.0733 -0.0100 0.6622 -0.2067 0.7933 -0.0589
 28 S  -0.3744 -0.7078 -0.6044 -0.4044 -0.2944 -0.5178 -0.2356
 29 S  -0.3744 -0.7078 -0.6044 -0.4044 -0.2944 -0.5178 -0.2356
 30 Y  0.4033 0.4633 0.6011 0.2089 -0.3044 -0.1722 0.5289
 31 T  0.4467 -0.4633 -0.3567 -0.2211 -0.3200 -0.4478 0.2356
 32 A  -0.3889 -0.7556 -0.7522 -0.1900 -0.1889 1.0000 -0.5289
 33 Q  -0.2556 -0.1222 -0.0222 -0.5156 -0.3067 0.5867 -0.4122
 34 L  0.2367 -0.0733 -0.0100 0.6622 -0.2067 0.7933 -0.0589
 35 I  1.0000 -0.0733 -0.0100 0.7244 -0.2067 0.1722 0.7644
 36 C  -0.1556 -0.3656 -0.3989 0.5644 -0.1267 -0.7244 0.5289
 37 A  -0.3889 -0.7556 -0.7522 -0.1900 -0.1889 1.0000 -0.5289
 38 T  0.4467 -0.4633 -0.3567 -0.2211 -0.3200 -0.4478 0.2356
 39 S  -0.3744 -0.7078 -0.6044 -0.4044 -0.2944 -0.5178 -0.2356
 40 E  -0.2556 -0.2678 -0.0644 -0.7733 -0.9644 1.0000 -0.6467
 41 Q  -0.2556 -0.1222 -0.0222 -0.5156 -0.3067 0.5867 -0.4122
 42 T  0.4467 -0.4633 -0.3567 -0.2211 -0.3200 -0.4478 0.2356
 43 V  0.7522 -0.3167 -0.2578 0.3678 -0.2122 -0.0344 1.0000
 44 A  -0.3889 -0.7556 -0.7522 -0.1900 -0.1889 1.0000 -0.5289
 45 T  0.4467 -0.4633 -0.3567 -0.2211 -0.3200 -0.4478 0.2356
 46 F  0.4033 0.4144 0.4578 0.7178 -0.3022 0.1722 0.3533
 47 A  -0.3889 -0.7556 -0.7522 -0.1900 -0.1889 1.0000 -0.5289
 48 V  0.7522 -0.3167 -0.2578 0.3678 -0.2122 -0.0344 1.0000
 49 E  -0.2556 -0.2678 -0.0644 -0.7733 -0.9644 1.0000 -0.6467
 50 E  -0.2556 -0.2678 -0.0644 -0.7733 -0.9644 1.0000 -0.6467
 51 Q  -0.2556 -0.1222 -0.0222 -0.5156 -0.3067 0.5867 -0.4122
 52 G  -1.0000 -1.0000 -1.0000 -0.3800 -0.1989 -1.0000 -1.0000
 53 K  -0.0978 0.0733 0.1811 -0.9878 0.8078 0.3100 -0.2944
 54 V  0.7522 -0.3167 -0.2578 0.3678 -0.2122 -0.0344 1.0000
 55 A  -0.3889 -0.7556 -0.7522 -0.1900 -0.1889 1.0000 -0.5289
 56 N  -0.2367 -0.3656 -0.2700 -0.7489 -0.0833 -0.4478 -0.5878
 57 W  0.5322 1.0000 1.0000 1.0000 -0.2322 0.3100 0.5878
 58 H  0.4267 0.1222 0.1533 -0.3011 0.2167 -0.0344 -0.1178
 59 Q  -0.2556 -0.1222 -0.0222 -0.5156 -0.3067 0.5867 -0.4122
 60 G  -1.0000 -1.0000 -1.0000 -0.3800 -0.1989 -1.0000 -1.0000
 61 Y  0.4033 0.4633 0.6011 0.2089 -0.3044 -0.1722 0.5289
 62 F  0.4033 0.4144 0.4578 0.7178 -0.3022 0.1722 0.3533
 63 Y  0.4033 0.4633 0.6011 0.2089 -0.3044 -0.1722 0.5289
 64 L  0.2367 -0.0733 -0.0100 0.6622 -0.2067 0.7933 -0.0589
 65 I  1.0000 -0.0733 -0.0100 0.7244 -0.2067 0.1722 0.7644
 66 D  -0.2367 -0.4633 -0.3122 -0.8522 -1.0000 -0.1722 -0.7056
 67 F  0.4033 0.4144 0.4578 0.7178 -0.3022 0.1722 0.3533
 68 S  -0.3744 -0.7078 -0.6044 -0.4044 -0.2944 -0.5178 -0.2356
 69 S  -0.3744 -0.7078 -0.6044 -0.4044 -0.2944 -0.5178 -0.2356
 70 F  0.4033 0.4144 0.4578 0.7178 -0.3022 0.1722 0.3533
 71 T  0.4467 -0.4633 -0.3567 -0.2211 -0.3200 -0.4478 0.2356
 72 D  -0.2367 -0.4633 -0.3122 -0.8522 -1.0000 -0.1722 -0.7056
 73 S  -0.3744 -0.7078 -0.6044 -0.4044 -0.2944 -0.5178 -0.2356
 74 G  -1.0000 -1.0000 -1.0000 -0.3800 -0.1989 -1.0000 -1.0000
 75 D  -0.2367 -0.4633 -0.3122 -0.8522 -1.0000 -0.1722 -0.7056
 76 Y  0.4033 0.4633 0.6011 0.2089 -0.3044 -0.1722 0.5289
 77 F  0.4033 0.4144 0.4578 0.7178 -0.3022 0.1722 0.3533
 78 L  0.2367 -0.0733 -0.0100 0.6622 -0.2067 0.7933 -0.0589
 79 Q  -0.2556 -0.1222 -0.0222 -0.5156 -0.3067 0.5867 -0.4122
 80 V  0.7522 -0.3167 -0.2578 0.3678 -0.2122 -0.0344 1.0000
 81 E  -0.2556 -0.2678 -0.0644 -0.7733 -0.9644 1.0000 -0.6467
 82 D  -0.2367 -0.4633 -0.3122 -0.8522 -1.0000 -0.1722 -0.7056
 83 S  -0.3744 -0.7078 -0.6044 -0.4044 -0.2944 -0.5178 -0.2356
 84 R  0.1167 0.4144 0.5178 -1.0000 1.0000 0.5867 -0.4122
 85 S  -0.3744 -0.7078 -0.6044 -0.4044 -0.2944 -0.5178 -0.2356
 86 S  -0.3744 -0.7078 -0.6044 -0.4044 -0.2944 -0.5178 -0.2356
 87 T  0.4467 -0.4633 -0.3567 -0.2211 -0.3200 -0.4478 0.2356
 88 F  0.4033 0.4144 0.4578 0.7178 -0.3022 0.1722 0.3533
 89 T  0.4467 -0.4633 -0.3567 -0.2211 -0.3200 -0.4478 0.2356
 90 V  0.7522 -0.3167 -0.2578 0.3678 -0.2122 -0.0344 1.0000
 91 G  -1.0000 -1.0000 -1.0000 -0.3800 -0.1989 -1.0000 -1.0000
 92 E  -0.2556 -0.2678 -0.0644 -0.7733 -0.9644 1.0000 -0.6467
 93 H  0.4267 0.1222 0.1533 -0.3011 0.2167 -0.0344 -0.1178
 94 I  1.0000 -0.0733 -0.0100 0.7244 -0.2067 0.1722 0.7644
 95 L  0.2367 -0.0733 -0.0100 0.6622 -0.2067 0.7933 -0.0589
 96 L  0.2367 -0.0733 -0.0100 0.6622 -0.2067 0.7933 -0.0589
 97 N  -0.2367 -0.3656 -0.2700 -0.7489 -0.0833 -0.4478 -0.5878
 98 Q  -0.2556 -0.1222 -0.0222 -0.5156 -0.3067 0.5867 -0.4122
 99 T  0.4467 -0.4633 -0.3567 -0.2211 -0.3200 -0.4478 0.2356
 100 L  0.2367 -0.0733 -0.0100 0.6622 -0.2067 0.7933 -0.0589
 101 S  -0.3744 -0.7078 -0.6044 -0.4044 -0.2944 -0.5178 -0.2356
 102 D  -0.2367 -0.4633 -0.3122 -0.8522 -1.0000 -0.1722 -0.7056
 103 V  0.7522 -0.3167 -0.2578 0.3678 -0.2122 -0.0344 1.0000
 104 I  1.0000 -0.0733 -0.0100 0.7244 -0.2067 0.1722 0.7644
 105 H  0.4267 0.1222 0.1533 -0.3011 0.2167 -0.0344 -0.1178
 106 Y  0.4033 0.4633 0.6011 0.2089 -0.3044 -0.1722 0.5289
 107 F  0.4033 0.4144 0.4578 0.7178 -0.3022 0.1722 0.3533
 108 K  -0.0978 0.0733 0.1811 -0.9878 0.8078 0.3100 -0.2944
 109 S  -0.3744 -0.7078 -0.6044 -0.4044 -0.2944 -0.5178 -0.2356
 110 Q  -0.2556 -0.1222 -0.0222 -0.5156 -0.3067 0.5867 -0.4122
 111 R  0.1167 0.4144 0.5178 -1.0000 1.0000 0.5867 -0.4122
 112 C  -0.1556 -0.3656 -0.3989 0.5644 -0.1267 -0.7244 0.5289
 113 G  -1.0000 -1.0000 -1.0000 -0.3800 -0.1989 -1.0000 -1.0000
 114 G  -1.0000 -1.0000 -1.0000 -0.3800 -0.1989 -1.0000 -1.0000
 115 V  0.7522 -0.3167 -0.2578 0.3678 -0.2122 -0.0344 1.0000
 116 F  0.4033 0.4144 0.4578 0.7178 -0.3022 0.1722 0.3533
 117 D  -0.2367 -0.4633 -0.3122 -0.8522 -1.0000 -0.1722 -0.7056
 118 Q  -0.2556 -0.1222 -0.0222 -0.5156 -0.3067 0.5867 -0.4122
 119 Q  -0.2556 -0.1222 -0.0222 -0.5156 -0.3067 0.5867 -0.4122
 120 D  -0.2367 -0.4633 -0.3122 -0.8522 -1.0000 -0.1722 -0.7056
 121 R  0.1167 0.4144 0.5178 -1.0000 1.0000 0.5867 -0.4122
 122 Q  -0.2556 -0.1222 -0.0222 -0.5156 -0.3067 0.5867 -0.4122
 123 V  0.7522 -0.3167 -0.2578 0.3678 -0.2122 -0.0344 1.0000
 124 P  0.2744 -1.0000 -0.3267 0.0611 -0.0111 -1.0000 0.1178
 125 V  0.7522 -0.3167 -0.2578 0.3678 -0.2122 -0.0344 1.0000
 126 L  0.2367 -0.0733 -0.0100 0.6622 -0.2067 0.7933 -0.0589
 127 N  -0.2367 -0.3656 -0.2700 -0.7489 -0.0833 -0.4478 -0.5878
 128 A  -0.3889 -0.7556 -0.7522 -0.1900 -0.1889 1.0000 -0.5289
 129 N  -0.2367 -0.3656 -0.2700 -0.7489 -0.0833 -0.4478 -0.5878
 130 Q  -0.2556 -0.1222 -0.0222 -0.5156 -0.3067 0.5867 -0.4122
 131 T  0.4467 -0.4633 -0.3567 -0.2211 -0.3200 -0.4478 0.2356
 132 A  -0.3889 -0.7556 -0.7522 -0.1900 -0.1889 1.0000 -0.5289
 133 D  -0.2367 -0.4633 -0.3122 -0.8522 -1.0000 -0.1722 -0.7056
 134 V  0.7522 -0.3167 -0.2578 0.3678 -0.2122 -0.0344 1.0000
 135 H  0.4267 0.1222 0.1533 -0.3011 0.2167 -0.0344 -0.1178
 136 G  -1.0000 -1.0000 -1.0000 -0.3800 -0.1989 -1.0000 -1.0000
 137 G  -1.0000 -1.0000 -1.0000 -0.3800 -0.1989 -1.0000 -1.0000
 138 W  0.5322 1.0000 1.0000 1.0000 -0.2322 0.3100 0.5878
 139 Y  0.4033 0.4633 0.6011 0.2089 -0.3044 -0.1722 0.5289
 140 D  -0.2367 -0.4633 -0.3122 -0.8522 -1.0000 -0.1722 -0.7056
 141 A  -0.3889 -0.7556 -0.7522 -0.1900 -0.1889 1.0000 -0.5289
 142 S  -0.3744 -0.7078 -0.6044 -0.4044 -0.2944 -0.5178 -0.2356
 143 G  -1.0000 -1.0000 -1.0000 -0.3800 -0.1989 -1.0000 -1.0000
 144 D  -0.2367 -0.4633 -0.3122 -0.8522 -1.0000 -0.1722 -0.7056
 145 V  0.7522 -0.3167 -0.2578 0.3678 -0.2122 -0.0344 1.0000
 146 S  -0.3744 -0.7078 -0.6044 -0.4044 -0.2944 -0.5178 -0.2356
 147 K  -0.0978 0.0733 0.1811 -0.9878 0.8078 0.3100 -0.2944
 148 Y  0.4033 0.4633 0.6011 0.2089 -0.3044 -0.1722 0.5289
 149 L  0.2367 -0.0733 -0.0100 0.6622 -0.2067 0.7933 -0.0589
 150 S  -0.3744 -0.7078 -0.6044 -0.4044 -0.2944 -0.5178 -0.2356
 151 H  0.4267 0.1222 0.1533 -0.3011 0.2167 -0.0344 -0.1178
 152 L  0.2367 -0.0733 -0.0100 0.6622 -0.2067 0.7933 -0.0589
 153 S  -0.3744 -0.7078 -0.6044 -0.4044 -0.2944 -0.5178 -0.2356
 154 Y  0.4033 0.4633 0.6011 0.2089 -0.3044 -0.1722 0.5289
 155 A  -0.3889 -0.7556 -0.7522 -0.1900 -0.1889 1.0000 -0.5289
 156 N  -0.2367 -0.3656 -0.2700 -0.7489 -0.0833 -0.4478 -0.5878
 157 Y  0.4033 0.4633 0.6011 0.2089 -0.3044 -0.1722 0.5289
 158 L  0.2367 -0.0733 -0.0100 0.6622 -0.2067 0.7933 -0.0589
 159 N  -0.2367 -0.3656 -0.2700 -0.7489 -0.0833 -0.4478 -0.5878
 160 P  0.2744 -1.0000 -0.3267 0.0611 -0.0111 -1.0000 0.1178
 161 Q  -0.2556 -0.1222 -0.0222 -0.5156 -0.3067 0.5867 -0.4122
 162 Q  -0.2556 -0.1222 -0.0222 -0.5156 -0.3067 0.5867 -0.4122
 163 T  0.4467 -0.4633 -0.3567 -0.2211 -0.3200 -0.4478 0.2356
 164 P  0.2744 -1.0000 -0.3267 0.0611 -0.0111 -1.0000 0.1178
 165 M  0.1222 0.0733 0.0967 0.3744 -0.2911 0.7244 -0.0011
 166 V  0.7522 -0.3167 -0.2578 0.3678 -0.2122 -0.0344 1.0000
 167 V  0.7522 -0.3167 -0.2578 0.3678 -0.2122 -0.0344 1.0000
 168 W  0.5322 1.0000 1.0000 1.0000 -0.2322 0.3100 0.5878
 169 N  -0.2367 -0.3656 -0.2700 -0.7489 -0.0833 -0.4478 -0.5878
 170 I  1.0000 -0.0733 -0.0100 0.7244 -0.2067 0.1722 0.7644
 171 L  0.2367 -0.0733 -0.0100 0.6622 -0.2067 0.7933 -0.0589
 172 K  -0.0978 0.0733 0.1811 -0.9878 0.8078 0.3100 -0.2944
 173 G  -1.0000 -1.0000 -1.0000 -0.3800 -0.1989 -1.0000 -1.0000
 174 L  0.2367 -0.0733 -0.0100 0.6622 -0.2067 0.7933 -0.0589
 175 S  -0.3744 -0.7078 -0.6044 -0.4044 -0.2944 -0.5178 -0.2356
 176 L  0.2367 -0.0733 -0.0100 0.6622 -0.2067 0.7933 -0.0589
 177 L  0.2367 -0.0733 -0.0100 0.6622 -0.2067 0.7933 -0.0589
 178 E  -0.2556 -0.2678 -0.0644 -0.7733 -0.9644 1.0000 -0.6467
 179 G  -1.0000 -1.0000 -1.0000 -0.3800 -0.1989 -1.0000 -1.0000
 180 S  -0.3744 -0.7078 -0.6044 -0.4044 -0.2944 -0.5178 -0.2356
 181 E  -0.2556 -0.2678 -0.0644 -0.7733 -0.9644 1.0000 -0.6467
 182 D  -0.2367 -0.4633 -0.3122 -0.8522 -1.0000 -0.1722 -0.7056
 183 I  1.0000 -0.0733 -0.0100 0.7244 -0.2067 0.1722 0.7644
 184 A  -0.3889 -0.7556 -0.7522 -0.1900 -0.1889 1.0000 -0.5289
 185 A  -0.3889 -0.7556 -0.7522 -0.1900 -0.1889 1.0000 -0.5289
 186 F  0.4033 0.4144 0.4578 0.7178 -0.3022 0.1722 0.3533
 187 T  0.4467 -0.4633 -0.3567 -0.2211 -0.3200 -0.4478 0.2356
 188 R  0.1167 0.4144 0.5178 -1.0000 1.0000 0.5867 -0.4122
 189 T  0.4467 -0.4633 -0.3567 -0.2211 -0.3200 -0.4478 0.2356
 190 R  0.1167 0.4144 0.5178 -1.0000 1.0000 0.5867 -0.4122
 191 L  0.2367 -0.0733 -0.0100 0.6622 -0.2067 0.7933 -0.0589
 192 I  1.0000 -0.0733 -0.0100 0.7244 -0.2067 0.1722 0.7644
 193 E  -0.2556 -0.2678 -0.0644 -0.7733 -0.9644 1.0000 -0.6467
 194 E  -0.2556 -0.2678 -0.0644 -0.7733 -0.9644 1.0000 -0.6467
 195 A  -0.3889 -0.7556 -0.7522 -0.1900 -0.1889 1.0000 -0.5289
 196 L  0.2367 -0.0733 -0.0100 0.6622 -0.2067 0.7933 -0.0589
 197 F  0.4033 0.4144 0.4578 0.7178 -0.3022 0.1722 0.3533
 198 G  -1.0000 -1.0000 -1.0000 -0.3800 -0.1989 -1.0000 -1.0000
 199 A  -0.3889 -0.7556 -0.7522 -0.1900 -0.1889 1.0000 -0.5289
 200 D  -0.2367 -0.4633 -0.3122 -0.8522 -1.0000 -0.1722 -0.7056
 201 F  0.4033 0.4144 0.4578 0.7178 -0.3022 0.1722 0.3533
 202 L  0.2367 -0.0733 -0.0100 0.6622 -0.2067 0.7933 -0.0589
 203 V  0.7522 -0.3167 -0.2578 0.3678 -0.2122 -0.0344 1.0000
 204 R  0.1167 0.4144 0.5178 -1.0000 1.0000 0.5867 -0.4122
 205 M  0.1222 0.0733 0.0967 0.3744 -0.2911 0.7244 -0.0011
 206 Q  -0.2556 -0.1222 -0.0222 -0.5156 -0.3067 0.5867 -0.4122
 207 N  -0.2367 -0.3656 -0.2700 -0.7489 -0.0833 -0.4478 -0.5878
 208 E  -0.2556 -0.2678 -0.0644 -0.7733 -0.9644 1.0000 -0.6467
 209 K  -0.0978 0.0733 0.1811 -0.9878 0.8078 0.3100 -0.2944
 210 G  -1.0000 -1.0000 -1.0000 -0.3800 -0.1989 -1.0000 -1.0000
 211 F  0.4033 0.4144 0.4578 0.7178 -0.3022 0.1722 0.3533
 212 F  0.4033 0.4144 0.4578 0.7178 -0.3022 0.1722 0.3533
 213 Y  0.4033 0.4633 0.6011 0.2089 -0.3044 -0.1722 0.5289
 214 M  0.1222 0.0733 0.0967 0.3744 -0.2911 0.7244 -0.0011
 215 T  0.4467 -0.4633 -0.3567 -0.2211 -0.3200 -0.4478 0.2356
 216 V  0.7522 -0.3167 -0.2578 0.3678 -0.2122 -0.0344 1.0000
 217 F  0.4033 0.4144 0.4578 0.7178 -0.3022 0.1722 0.3533
 218 D  -0.2367 -0.4633 -0.3122 -0.8522 -1.0000 -0.1722 -0.7056
 219 K  -0.0978 0.0733 0.1811 -0.9878 0.8078 0.3100 -0.2944
 220 W  0.5322 1.0000 1.0000 1.0000 -0.2322 0.3100 0.5878
 221 S  -0.3744 -0.7078 -0.6044 -0.4044 -0.2944 -0.5178 -0.2356
 222 K  -0.0978 0.0733 0.1811 -0.9878 0.8078 0.3100 -0.2944
 223 D  -0.2367 -0.4633 -0.3122 -0.8522 -1.0000 -0.1722 -0.7056
 224 T  0.4467 -0.4633 -0.3567 -0.2211 -0.3200 -0.4478 0.2356
 225 A  -0.3889 -0.7556 -0.7522 -0.1900 -0.1889 1.0000 -0.5289
 226 Q  -0.2556 -0.1222 -0.0222 -0.5156 -0.3067 0.5867 -0.4122
 227 R  0.1167 0.4144 0.5178 -1.0000 1.0000 0.5867 -0.4122
 228 E  -0.2556 -0.2678 -0.0644 -0.7733 -0.9644 1.0000 -0.6467
 229 I  1.0000 -0.0733 -0.0100 0.7244 -0.2067 0.1722 0.7644
 230 C  -0.1556 -0.3656 -0.3989 0.5644 -0.1267 -0.7244 0.5289
 231 A  -0.3889 -0.7556 -0.7522 -0.1900 -0.1889 1.0000 -0.5289
 232 Y  0.4033 0.4633 0.6011 0.2089 -0.3044 -0.1722 0.5289
 233 E  -0.2556 -0.2678 -0.0644 -0.7733 -0.9644 1.0000 -0.6467
 234 T  0.4467 -0.4633 -0.3567 -0.2211 -0.3200 -0.4478 0.2356
 235 Q  -0.2556 -0.1222 -0.0222 -0.5156 -0.3067 0.5867 -0.4122
 236 L  0.2367 -0.0733 -0.0100 0.6622 -0.2067 0.7933 -0.0589
 237 G  -1.0000 -1.0000 -1.0000 -0.3800 -0.1989 -1.0000 -1.0000
 238 H  0.4267 0.1222 0.1533 -0.3011 0.2167 -0.0344 -0.1178
 239 K  -0.0978 0.0733 0.1811 -0.9878 0.8078 0.3100 -0.2944
 240 F  0.4033 0.4144 0.4578 0.7178 -0.3022 0.1722 0.3533
 241 D  -0.2367 -0.4633 -0.3122 -0.8522 -1.0000 -0.1722 -0.7056
 242 D  -0.2367 -0.4633 -0.3122 -0.8522 -1.0000 -0.1722 -0.7056
 243 Y  0.4033 0.4633 0.6011 0.2089 -0.3044 -0.1722 0.5289
 244 Q  -0.2556 -0.1222 -0.0222 -0.5156 -0.3067 0.5867 -0.4122
 245 A  -0.3889 -0.7556 -0.7522 -0.1900 -0.1889 1.0000 -0.5289
 246 G  -1.0000 -1.0000 -1.0000 -0.3800 -0.1989 -1.0000 -1.0000
 247 F  0.4033 0.4144 0.4578 0.7178 -0.3022 0.1722 0.3533
 248 R  0.1167 0.4144 0.5178 -1.0000 1.0000 0.5867 -0.4122
 249 Q  -0.2556 -0.1222 -0.0222 -0.5156 -0.3067 0.5867 -0.4122
 250 G  -1.0000 -1.0000 -1.0000 -0.3800 -0.1989 -1.0000 -1.0000
 251 G  -1.0000 -1.0000 -1.0000 -0.3800 -0.1989 -1.0000 -1.0000
 252 G  -1.0000 -1.0000 -1.0000 -0.3800 -0.1989 -1.0000 -1.0000
 253 V  0.7522 -0.3167 -0.2578 0.3678 -0.2122 -0.0344 1.0000
 254 A  -0.3889 -0.7556 -0.7522 -0.1900 -0.1889 1.0000 -0.5289
 255 I  1.0000 -0.0733 -0.0100 0.7244 -0.2067 0.1722 0.7644
 256 A  -0.3889 -0.7556 -0.7522 -0.1900 -0.1889 1.0000 -0.5289
 257 A  -0.3889 -0.7556 -0.7522 -0.1900 -0.1889 1.0000 -0.5289
 258 L  0.2367 -0.0733 -0.0100 0.6622 -0.2067 0.7933 -0.0589
 259 A  -0.3889 -0.7556 -0.7522 -0.1900 -0.1889 1.0000 -0.5289
 260 A  -0.3889 -0.7556 -0.7522 -0.1900 -0.1889 1.0000 -0.5289
 261 A  -0.3889 -0.7556 -0.7522 -0.1900 -0.1889 1.0000 -0.5289
 262 S  -0.3744 -0.7078 -0.6044 -0.4044 -0.2944 -0.5178 -0.2356
 263 R  0.1167 0.4144 0.5178 -1.0000 1.0000 0.5867 -0.4122
 264 L  0.2367 -0.0733 -0.0100 0.6622 -0.2067 0.7933 -0.0589
 265 G  -1.0000 -1.0000 -1.0000 -0.3800 -0.1989 -1.0000 -1.0000
 266 V  0.7522 -0.3167 -0.2578 0.3678 -0.2122 -0.0344 1.0000
 267 H  0.4267 0.1222 0.1533 -0.3011 0.2167 -0.0344 -0.1178
 268 G  -1.0000 -1.0000 -1.0000 -0.3800 -0.1989 -1.0000 -1.0000
 269 E  -0.2556 -0.2678 -0.0644 -0.7733 -0.9644 1.0000 -0.6467
 270 Y  0.4033 0.4633 0.6011 0.2089 -0.3044 -0.1722 0.5289
 271 D  -0.2367 -0.4633 -0.3122 -0.8522 -1.0000 -0.1722 -0.7056
 272 Q  -0.2556 -0.1222 -0.0222 -0.5156 -0.3067 0.5867 -0.4122
 273 Q  -0.2556 -0.1222 -0.0222 -0.5156 -0.3067 0.5867 -0.4122
 274 K  -0.0978 0.0733 0.1811 -0.9878 0.8078 0.3100 -0.2944
 275 Y  0.4033 0.4633 0.6011 0.2089 -0.3044 -0.1722 0.5289
 276 R  0.1167 0.4144 0.5178 -1.0000 1.0000 0.5867 -0.4122
 277 N  -0.2367 -0.3656 -0.2700 -0.7489 -0.0833 -0.4478 -0.5878
 278 A  -0.3889 -0.7556 -0.7522 -0.1900 -0.1889 1.0000 -0.5289
 279 A  -0.3889 -0.7556 -0.7522 -0.1900 -0.1889 1.0000 -0.5289
 280 E  -0.2556 -0.2678 -0.0644 -0.7733 -0.9644 1.0000 -0.6467
 281 N  -0.2367 -0.3656 -0.2700 -0.7489 -0.0833 -0.4478 -0.5878
 282 G  -1.0000 -1.0000 -1.0000 -0.3800 -0.1989 -1.0000 -1.0000
 283 Y  0.4033 0.4633 0.6011 0.2089 -0.3044 -0.1722 0.5289
 284 W  0.5322 1.0000 1.0000 1.0000 -0.2322 0.3100 0.5878
 285 H  0.4267 0.1222 0.1533 -0.3011 0.2167 -0.0344 -0.1178
 286 L  0.2367 -0.0733 -0.0100 0.6622 -0.2067 0.7933 -0.0589
 287 K  -0.0978 0.0733 0.1811 -0.9878 0.8078 0.3100 -0.2944
 288 E  -0.2556 -0.2678 -0.0644 -0.7733 -0.9644 1.0000 -0.6467
 289 H  0.4267 0.1222 0.1533 -0.3011 0.2167 -0.0344 -0.1178
 290 N  -0.2367 -0.3656 -0.2700 -0.7489 -0.0833 -0.4478 -0.5878
 291 T  0.4467 -0.4633 -0.3567 -0.2211 -0.3200 -0.4478 0.2356
 292 Q  -0.2556 -0.1222 -0.0222 -0.5156 -0.3067 0.5867 -0.4122
 293 Y  0.4033 0.4633 0.6011 0.2089 -0.3044 -0.1722 0.5289
 294 L  0.2367 -0.0733 -0.0100 0.6622 -0.2067 0.7933 -0.0589
 295 N  -0.2367 -0.3656 -0.2700 -0.7489 -0.0833 -0.4478 -0.5878
 296 D  -0.2367 -0.4633 -0.3122 -0.8522 -1.0000 -0.1722 -0.7056
 297 G  -1.0000 -1.0000 -1.0000 -0.3800 -0.1989 -1.0000 -1.0000
 298 E  -0.2556 -0.2678 -0.0644 -0.7733 -0.9644 1.0000 -0.6467
 299 E  -0.2556 -0.2678 -0.0644 -0.7733 -0.9644 1.0000 -0.6467
 300 N  -0.2367 -0.3656 -0.2700 -0.7489 -0.0833 -0.4478 -0.5878
 301 I  1.0000 -0.0733 -0.0100 0.7244 -0.2067 0.1722 0.7644
 302 I  1.0000 -0.0733 -0.0100 0.7244 -0.2067 0.1722 0.7644
 303 D  -0.2367 -0.4633 -0.3122 -0.8522 -1.0000 -0.1722 -0.7056
 304 E  -0.2556 -0.2678 -0.0644 -0.7733 -0.9644 1.0000 -0.6467
 305 Y  0.4033 0.4633 0.6011 0.2089 -0.3044 -0.1722 0.5289
 306 C  -0.1556 -0.3656 -0.3989 0.5644 -0.1267 -0.7244 0.5289
 307 A  -0.3889 -0.7556 -0.7522 -0.1900 -0.1889 1.0000 -0.5289
 308 L  0.2367 -0.0733 -0.0100 0.6622 -0.2067 0.7933 -0.0589
 309 L  0.2367 -0.0733 -0.0100 0.6622 -0.2067 0.7933 -0.0589
 310 A  -0.3889 -0.7556 -0.7522 -0.1900 -0.1889 1.0000 -0.5289
 311 S  -0.3744 -0.7078 -0.6044 -0.4044 -0.2944 -0.5178 -0.2356
 312 V  0.7522 -0.3167 -0.2578 0.3678 -0.2122 -0.0344 1.0000
 313 E  -0.2556 -0.2678 -0.0644 -0.7733 -0.9644 1.0000 -0.6467
 314 L  0.2367 -0.0733 -0.0100 0.6622 -0.2067 0.7933 -0.0589
 315 F  0.4033 0.4144 0.4578 0.7178 -0.3022 0.1722 0.3533
 316 K  -0.0978 0.0733 0.1811 -0.9878 0.8078 0.3100 -0.2944
 317 A  -0.3889 -0.7556 -0.7522 -0.1900 -0.1889 1.0000 -0.5289
 318 T  0.4467 -0.4633 -0.3567 -0.2211 -0.3200 -0.4478 0.2356
 319 K  -0.0978 0.0733 0.1811 -0.9878 0.8078 0.3100 -0.2944
 320 E  -0.2556 -0.2678 -0.0644 -0.7733 -0.9644 1.0000 -0.6467
 321 T  0.4467 -0.4633 -0.3567 -0.2211 -0.3200 -0.4478 0.2356
 322 R  0.1167 0.4144 0.5178 -1.0000 1.0000 0.5867 -0.4122
 323 Y  0.4033 0.4633 0.6011 0.2089 -0.3044 -0.1722 0.5289
 324 L  0.2367 -0.0733 -0.0100 0.6622 -0.2067 0.7933 -0.0589
 325 E  -0.2556 -0.2678 -0.0644 -0.7733 -0.9644 1.0000 -0.6467
 326 E  -0.2556 -0.2678 -0.0644 -0.7733 -0.9644 1.0000 -0.6467
 327 S  -0.3744 -0.7078 -0.6044 -0.4044 -0.2944 -0.5178 -0.2356
 328 R  0.1167 0.4144 0.5178 -1.0000 1.0000 0.5867 -0.4122
 329 L  0.2367 -0.0733 -0.0100 0.6622 -0.2067 0.7933 -0.0589
 330 W  0.5322 1.0000 1.0000 1.0000 -0.2322 0.3100 0.5878
 331 A  -0.3889 -0.7556 -0.7522 -0.1900 -0.1889 1.0000 -0.5289
 332 Q  -0.2556 -0.1222 -0.0222 -0.5156 -0.3067 0.5867 -0.4122
 333 R  0.1167 0.4144 0.5178 -1.0000 1.0000 0.5867 -0.4122
 334 L  0.2367 -0.0733 -0.0100 0.6622 -0.2067 0.7933 -0.0589
 335 V  0.7522 -0.3167 -0.2578 0.3678 -0.2122 -0.0344 1.0000
 336 A  -0.3889 -0.7556 -0.7522 -0.1900 -0.1889 1.0000 -0.5289
 337 R  0.1167 0.4144 0.5178 -1.0000 1.0000 0.5867 -0.4122
 338 Q  -0.2556 -0.1222 -0.0222 -0.5156 -0.3067 0.5867 -0.4122
 339 M  0.1222 0.0733 0.0967 0.3744 -0.2911 0.7244 -0.0011
 340 S  -0.3744 -0.7078 -0.6044 -0.4044 -0.2944 -0.5178 -0.2356
 341 D  -0.2367 -0.4633 -0.3122 -0.8522 -1.0000 -0.1722 -0.7056
 342 E  -0.2556 -0.2678 -0.0644 -0.7733 -0.9644 1.0000 -0.6467
 343 Q  -0.2556 -0.1222 -0.0222 -0.5156 -0.3067 0.5867 -0.4122
 344 I  1.0000 -0.0733 -0.0100 0.7244 -0.2067 0.1722 0.7644
 345 Q  -0.2556 -0.1222 -0.0222 -0.5156 -0.3067 0.5867 -0.4122
 346 H  0.4267 0.1222 0.1533 -0.3011 0.2167 -0.0344 -0.1178
 347 F  0.4033 0.4144 0.4578 0.7178 -0.3022 0.1722 0.3533
 348 W  0.5322 1.0000 1.0000 1.0000 -0.2322 0.3100 0.5878
 349 S  -0.3744 -0.7078 -0.6044 -0.4044 -0.2944 -0.5178 -0.2356
 350 A  -0.3889 -0.7556 -0.7522 -0.1900 -0.1889 1.0000 -0.5289
 351 N  -0.2367 -0.3656 -0.2700 -0.7489 -0.0833 -0.4478 -0.5878
 352 Q  -0.2556 -0.1222 -0.0222 -0.5156 -0.3067 0.5867 -0.4122
 353 D  -0.2367 -0.4633 -0.3122 -0.8522 -1.0000 -0.1722 -0.7056
 354 G  -1.0000 -1.0000 -1.0000 -0.3800 -0.1989 -1.0000 -1.0000
 355 S  -0.3744 -0.7078 -0.6044 -0.4044 -0.2944 -0.5178 -0.2356
 356 R  0.1167 0.4144 0.5178 -1.0000 1.0000 0.5867 -0.4122
 357 P  0.2744 -1.0000 -0.3267 0.0611 -0.0111 -1.0000 0.1178
 358 Y  0.4033 0.4633 0.6011 0.2089 -0.3044 -0.1722 0.5289
 359 F  0.4033 0.4144 0.4578 0.7178 -0.3022 0.1722 0.3533
 360 H  0.4267 0.1222 0.1533 -0.3011 0.2167 -0.0344 -0.1178
 361 A  -0.3889 -0.7556 -0.7522 -0.1900 -0.1889 1.0000 -0.5289
 362 A  -0.3889 -0.7556 -0.7522 -0.1900 -0.1889 1.0000 -0.5289
 363 E  -0.2556 -0.2678 -0.0644 -0.7733 -0.9644 1.0000 -0.6467
 364 A  -0.3889 -0.7556 -0.7522 -0.1900 -0.1889 1.0000 -0.5289
 365 G  -1.0000 -1.0000 -1.0000 -0.3800 -0.1989 -1.0000 -1.0000
 366 L  0.2367 -0.0733 -0.0100 0.6622 -0.2067 0.7933 -0.0589
 367 P  0.2744 -1.0000 -0.3267 0.0611 -0.0111 -1.0000 0.1178
 368 T  0.4467 -0.4633 -0.3567 -0.2211 -0.3200 -0.4478 0.2356
 369 I  1.0000 -0.0733 -0.0100 0.7244 -0.2067 0.1722 0.7644
 370 A  -0.3889 -0.7556 -0.7522 -0.1900 -0.1889 1.0000 -0.5289
 371 L  0.2367 -0.0733 -0.0100 0.6622 -0.2067 0.7933 -0.0589
 372 C  -0.1556 -0.3656 -0.3989 0.5644 -0.1267 -0.7244 0.5289
 373 E  -0.2556 -0.2678 -0.0644 -0.7733 -0.9644 1.0000 -0.6467
 374 Y  0.4033 0.4633 0.6011 0.2089 -0.3044 -0.1722 0.5289
 375 L  0.2367 -0.0733 -0.0100 0.6622 -0.2067 0.7933 -0.0589
 376 A  -0.3889 -0.7556 -0.7522 -0.1900 -0.1889 1.0000 -0.5289
 377 I  1.0000 -0.0733 -0.0100 0.7244 -0.2067 0.1722 0.7644
 378 E  -0.2556 -0.2678 -0.0644 -0.7733 -0.9644 1.0000 -0.6467
 379 D  -0.2367 -0.4633 -0.3122 -0.8522 -1.0000 -0.1722 -0.7056
 380 D  -0.2367 -0.4633 -0.3122 -0.8522 -1.0000 -0.1722 -0.7056
 381 S  -0.3744 -0.7078 -0.6044 -0.4044 -0.2944 -0.5178 -0.2356
 382 V  0.7522 -0.3167 -0.2578 0.3678 -0.2122 -0.0344 1.0000
 383 Q  -0.2556 -0.1222 -0.0222 -0.5156 -0.3067 0.5867 -0.4122
 384 T  0.4467 -0.4633 -0.3567 -0.2211 -0.3200 -0.4478 0.2356
 385 E  -0.2556 -0.2678 -0.0644 -0.7733 -0.9644 1.0000 -0.6467
 386 S  -0.3744 -0.7078 -0.6044 -0.4044 -0.2944 -0.5178 -0.2356
 387 V  0.7522 -0.3167 -0.2578 0.3678 -0.2122 -0.0344 1.0000
 388 K  -0.0978 0.0733 0.1811 -0.9878 0.8078 0.3100 -0.2944
 389 C  -0.1556 -0.3656 -0.3989 0.5644 -0.1267 -0.7244 0.5289
 390 I  1.0000 -0.0733 -0.0100 0.7244 -0.2067 0.1722 0.7644
 391 V  0.7522 -0.3167 -0.2578 0.3678 -0.2122 -0.0344 1.0000
 392 N  -0.2367 -0.3656 -0.2700 -0.7489 -0.0833 -0.4478 -0.5878
 393 R  0.1167 0.4144 0.5178 -1.0000 1.0000 0.5867 -0.4122
 394 A  -0.3889 -0.7556 -0.7522 -0.1900 -0.1889 1.0000 -0.5289
 395 C  -0.1556 -0.3656 -0.3989 0.5644 -0.1267 -0.7244 0.5289
 396 E  -0.2556 -0.2678 -0.0644 -0.7733 -0.9644 1.0000 -0.6467
 397 F  0.4033 0.4144 0.4578 0.7178 -0.3022 0.1722 0.3533
 398 E  -0.2556 -0.2678 -0.0644 -0.7733 -0.9644 1.0000 -0.6467
 399 I  1.0000 -0.0733 -0.0100 0.7244 -0.2067 0.1722 0.7644
 400 K  -0.0978 0.0733 0.1811 -0.9878 0.8078 0.3100 -0.2944
 401 I  1.0000 -0.0733 -0.0100 0.7244 -0.2067 0.1722 0.7644
 402 S  -0.3744 -0.7078 -0.6044 -0.4044 -0.2944 -0.5178 -0.2356
 403 N  -0.2367 -0.3656 -0.2700 -0.7489 -0.0833 -0.4478 -0.5878
 404 K  -0.0978 0.0733 0.1811 -0.9878 0.8078 0.3100 -0.2944
 405 V  0.7522 -0.3167 -0.2578 0.3678 -0.2122 -0.0344 1.0000
 406 T  0.4467 -0.4633 -0.3567 -0.2211 -0.3200 -0.4478 0.2356
 407 N  -0.2367 -0.3656 -0.2700 -0.7489 -0.0833 -0.4478 -0.5878
 408 P  0.2744 -1.0000 -0.3267 0.0611 -0.0111 -1.0000 0.1178
 409 F  0.4033 0.4144 0.4578 0.7178 -0.3022 0.1722 0.3533
 410 G  -1.0000 -1.0000 -1.0000 -0.3800 -0.1989 -1.0000 -1.0000
 411 Y  0.4033 0.4633 0.6011 0.2089 -0.3044 -0.1722 0.5289
 412 P  0.2744 -1.0000 -0.3267 0.0611 -0.0111 -1.0000 0.1178
 413 R  0.1167 0.4144 0.5178 -1.0000 1.0000 0.5867 -0.4122
 414 Q  -0.2556 -0.1222 -0.0222 -0.5156 -0.3067 0.5867 -0.4122
 415 Y  0.4033 0.4633 0.6011 0.2089 -0.3044 -0.1722 0.5289
 416 V  0.7522 -0.3167 -0.2578 0.3678 -0.2122 -0.0344 1.0000
 417 K  -0.0978 0.0733 0.1811 -0.9878 0.8078 0.3100 -0.2944
 418 G  -1.0000 -1.0000 -1.0000 -0.3800 -0.1989 -1.0000 -1.0000
 419 V  0.7522 -0.3167 -0.2578 0.3678 -0.2122 -0.0344 1.0000
 420 N  -0.2367 -0.3656 -0.2700 -0.7489 -0.0833 -0.4478 -0.5878
 421 E  -0.2556 -0.2678 -0.0644 -0.7733 -0.9644 1.0000 -0.6467
 422 S  -0.3744 -0.7078 -0.6044 -0.4044 -0.2944 -0.5178 -0.2356
 423 K  -0.0978 0.0733 0.1811 -0.9878 0.8078 0.3100 -0.2944
 424 R  0.1167 0.4144 0.5178 -1.0000 1.0000 0.5867 -0.4122
 425 D  -0.2367 -0.4633 -0.3122 -0.8522 -1.0000 -0.1722 -0.7056
 426 A  -0.3889 -0.7556 -0.7522 -0.1900 -0.1889 1.0000 -0.5289
 427 F  0.4033 0.4144 0.4578 0.7178 -0.3022 0.1722 0.3533
 428 F  0.4033 0.4144 0.4578 0.7178 -0.3022 0.1722 0.3533
 429 V  0.7522 -0.3167 -0.2578 0.3678 -0.2122 -0.0344 1.0000
 430 A  -0.3889 -0.7556 -0.7522 -0.1900 -0.1889 1.0000 -0.5289
 431 H  0.4267 0.1222 0.1533 -0.3011 0.2167 -0.0344 -0.1178
 432 N  -0.2367 -0.3656 -0.2700 -0.7489 -0.0833 -0.4478 -0.5878
 433 N  -0.2367 -0.3656 -0.2700 -0.7489 -0.0833 -0.4478 -0.5878
 434 E  -0.2556 -0.2678 -0.0644 -0.7733 -0.9644 1.0000 -0.6467
 435 S  -0.3744 -0.7078 -0.6044 -0.4044 -0.2944 -0.5178 -0.2356
 436 G  -1.0000 -1.0000 -1.0000 -0.3800 -0.1989 -1.0000 -1.0000
 437 Y  0.4033 0.4633 0.6011 0.2089 -0.3044 -0.1722 0.5289
 438 W  0.5322 1.0000 1.0000 1.0000 -0.2322 0.3100 0.5878
 439 W  0.5322 1.0000 1.0000 1.0000 -0.2322 0.3100 0.5878
 440 Q  -0.2556 -0.1222 -0.0222 -0.5156 -0.3067 0.5867 -0.4122
 441 G  -1.0000 -1.0000 -1.0000 -0.3800 -0.1989 -1.0000 -1.0000
 442 E  -0.2556 -0.2678 -0.0644 -0.7733 -0.9644 1.0000 -0.6467
 443 N  -0.2367 -0.3656 -0.2700 -0.7489 -0.0833 -0.4478 -0.5878
 444 A  -0.3889 -0.7556 -0.7522 -0.1900 -0.1889 1.0000 -0.5289
 445 R  0.1167 0.4144 0.5178 -1.0000 1.0000 0.5867 -0.4122
 446 L  0.2367 -0.0733 -0.0100 0.6622 -0.2067 0.7933 -0.0589
 447 G  -1.0000 -1.0000 -1.0000 -0.3800 -0.1989 -1.0000 -1.0000
 448 S  -0.3744 -0.7078 -0.6044 -0.4044 -0.2944 -0.5178 -0.2356
 449 L  0.2367 -0.0733 -0.0100 0.6622 -0.2067 0.7933 -0.0589
 450 A  -0.3889 -0.7556 -0.7522 -0.1900 -0.1889 1.0000 -0.5289
 451 T  0.4467 -0.4633 -0.3567 -0.2211 -0.3200 -0.4478 0.2356
 452 M  0.1222 0.0733 0.0967 0.3744 -0.2911 0.7244 -0.0011
 453 A  -0.3889 -0.7556 -0.7522 -0.1900 -0.1889 1.0000 -0.5289
 454 Y  0.4033 0.4633 0.6011 0.2089 -0.3044 -0.1722 0.5289
 455 L  0.2367 -0.0733 -0.0100 0.6622 -0.2067 0.7933 -0.0589
 456 A  -0.3889 -0.7556 -0.7522 -0.1900 -0.1889 1.0000 -0.5289
 457 Q  -0.2556 -0.1222 -0.0222 -0.5156 -0.3067 0.5867 -0.4122
 458 P  0.2744 -1.0000 -0.3267 0.0611 -0.0111 -1.0000 0.1178
 459 H  0.4267 0.1222 0.1533 -0.3011 0.2167 -0.0344 -0.1178
 460 I  1.0000 -0.0733 -0.0100 0.7244 -0.2067 0.1722 0.7644
 461 A  -0.3889 -0.7556 -0.7522 -0.1900 -0.1889 1.0000 -0.5289
 462 S  -0.3744 -0.7078 -0.6044 -0.4044 -0.2944 -0.5178 -0.2356
 463 Q  -0.2556 -0.1222 -0.0222 -0.5156 -0.3067 0.5867 -0.4122
 464 E  -0.2556 -0.2678 -0.0644 -0.7733 -0.9644 1.0000 -0.6467
 465 I  1.0000 -0.0733 -0.0100 0.7244 -0.2067 0.1722 0.7644
 466 Q  -0.2556 -0.1222 -0.0222 -0.5156 -0.3067 0.5867 -0.4122
 467 Q  -0.2556 -0.1222 -0.0222 -0.5156 -0.3067 0.5867 -0.4122
 468 Q  -0.2556 -0.1222 -0.0222 -0.5156 -0.3067 0.5867 -0.4122
 469 L  0.2367 -0.0733 -0.0100 0.6622 -0.2067 0.7933 -0.0589
 470 S  -0.3744 -0.7078 -0.6044 -0.4044 -0.2944 -0.5178 -0.2356
 471 V  0.7522 -0.3167 -0.2578 0.3678 -0.2122 -0.0344 1.0000
 472 F  0.4033 0.4144 0.4578 0.7178 -0.3022 0.1722 0.3533
 473 A  -0.3889 -0.7556 -0.7522 -0.1900 -0.1889 1.0000 -0.5289
 474 Q  -0.2556 -0.1222 -0.0222 -0.5156 -0.3067 0.5867 -0.4122
 475 D  -0.2367 -0.4633 -0.3122 -0.8522 -1.0000 -0.1722 -0.7056
 476 A  -0.3889 -0.7556 -0.7522 -0.1900 -0.1889 1.0000 -0.5289
 477 L  0.2367 -0.0733 -0.0100 0.6622 -0.2067 0.7933 -0.0589
 478 N  -0.2367 -0.3656 -0.2700 -0.7489 -0.0833 -0.4478 -0.5878
 479 W  0.5322 1.0000 1.0000 1.0000 -0.2322 0.3100 0.5878
 480 I  1.0000 -0.0733 -0.0100 0.7244 -0.2067 0.1722 0.7644
 481 V  0.7522 -0.3167 -0.2578 0.3678 -0.2122 -0.0344 1.0000
 482 G  -1.0000 -1.0000 -1.0000 -0.3800 -0.1989 -1.0000 -1.0000
 483 L  0.2367 -0.0733 -0.0100 0.6622 -0.2067 0.7933 -0.0589
 484 N  -0.2367 -0.3656 -0.2700 -0.7489 -0.0833 -0.4478 -0.5878
 485 P  0.2744 -1.0000 -0.3267 0.0611 -0.0111 -1.0000 0.1178
 486 Y  0.4033 0.4633 0.6011 0.2089 -0.3044 -0.1722 0.5289
 487 D  -0.2367 -0.4633 -0.3122 -0.8522 -1.0000 -0.1722 -0.7056
 488 M  0.1222 0.0733 0.0967 0.3744 -0.2911 0.7244 -0.0011
 489 C  -0.1556 -0.3656 -0.3989 0.5644 -0.1267 -0.7244 0.5289
 490 M  0.1222 0.0733 0.0967 0.3744 -0.2911 0.7244 -0.0011
 491 L  0.2367 -0.0733 -0.0100 0.6622 -0.2067 0.7933 -0.0589
 492 D  -0.2367 -0.4633 -0.3122 -0.8522 -1.0000 -0.1722 -0.7056
 493 G  -1.0000 -1.0000 -1.0000 -0.3800 -0.1989 -1.0000 -1.0000
 494 H  0.4267 0.1222 0.1533 -0.3011 0.2167 -0.0344 -0.1178
 495 G  -1.0000 -1.0000 -1.0000 -0.3800 -0.1989 -1.0000 -1.0000
 496 R  0.1167 0.4144 0.5178 -1.0000 1.0000 0.5867 -0.4122
 497 N  -0.2367 -0.3656 -0.2700 -0.7489 -0.0833 -0.4478 -0.5878
 498 N  -0.2367 -0.3656 -0.2700 -0.7489 -0.0833 -0.4478 -0.5878
 499 P  0.2744 -1.0000 -0.3267 0.0611 -0.0111 -1.0000 0.1178
 500 D  -0.2367 -0.4633 -0.3122 -0.8522 -1.0000 -0.1722 -0.7056
 501 Y  0.4033 0.4633 0.6011 0.2089 -0.3044 -0.1722 0.5289
 502 L  0.2367 -0.0733 -0.0100 0.6622 -0.2067 0.7933 -0.0589
 503 P  0.2744 -1.0000 -0.3267 0.0611 -0.0111 -1.0000 0.1178
 504 Q  -0.2556 -0.1222 -0.0222 -0.5156 -0.3067 0.5867 -0.4122
 505 Y  0.4033 0.4633 0.6011 0.2089 -0.3044 -0.1722 0.5289
 506 G  -1.0000 -1.0000 -1.0000 -0.3800 -0.1989 -1.0000 -1.0000
 507 F  0.4033 0.4144 0.4578 0.7178 -0.3022 0.1722 0.3533
 508 F  0.4033 0.4144 0.4578 0.7178 -0.3022 0.1722 0.3533
 509 N  -0.2367 -0.3656 -0.2700 -0.7489 -0.0833 -0.4478 -0.5878
 510 A  -0.3889 -0.7556 -0.7522 -0.1900 -0.1889 1.0000 -0.5289
 511 K  -0.0978 0.0733 0.1811 -0.9878 0.8078 0.3100 -0.2944
 512 G  -1.0000 -1.0000 -1.0000 -0.3800 -0.1989 -1.0000 -1.0000
 513 G  -1.0000 -1.0000 -1.0000 -0.3800 -0.1989 -1.0000 -1.0000
 514 V  0.7522 -0.3167 -0.2578 0.3678 -0.2122 -0.0344 1.0000
 515 C  -0.1556 -0.3656 -0.3989 0.5644 -0.1267 -0.7244 0.5289
 516 N  -0.2367 -0.3656 -0.2700 -0.7489 -0.0833 -0.4478 -0.5878
 517 G  -1.0000 -1.0000 -1.0000 -0.3800 -0.1989 -1.0000 -1.0000
 518 I  1.0000 -0.0733 -0.0100 0.7244 -0.2067 0.1722 0.7644
 519 T  0.4467 -0.4633 -0.3567 -0.2211 -0.3200 -0.4478 0.2356
 520 G  -1.0000 -1.0000 -1.0000 -0.3800 -0.1989 -1.0000 -1.0000
 521 G  -1.0000 -1.0000 -1.0000 -0.3800 -0.1989 -1.0000 -1.0000
 522 F  0.4033 0.4144 0.4578 0.7178 -0.3022 0.1722 0.3533
 523 E  -0.2556 -0.2678 -0.0644 -0.7733 -0.9644 1.0000 -0.6467
 524 D  -0.2367 -0.4633 -0.3122 -0.8522 -1.0000 -0.1722 -0.7056
 525 E  -0.2556 -0.2678 -0.0644 -0.7733 -0.9644 1.0000 -0.6467
 526 E  -0.2556 -0.2678 -0.0644 -0.7733 -0.9644 1.0000 -0.6467
 527 D  -0.2367 -0.4633 -0.3122 -0.8522 -1.0000 -0.1722 -0.7056
 528 I  1.0000 -0.0733 -0.0100 0.7244 -0.2067 0.1722 0.7644
 529 A  -0.3889 -0.7556 -0.7522 -0.1900 -0.1889 1.0000 -0.5289
 530 F  0.4033 0.4144 0.4578 0.7178 -0.3022 0.1722 0.3533
 531 N  -0.2367 -0.3656 -0.2700 -0.7489 -0.0833 -0.4478 -0.5878
 532 P  0.2744 -1.0000 -0.3267 0.0611 -0.0111 -1.0000 0.1178
 533 P  0.2744 -1.0000 -0.3267 0.0611 -0.0111 -1.0000 0.1178
 534 A  -0.3889 -0.7556 -0.7522 -0.1900 -0.1889 1.0000 -0.5289
 535 Q  -0.2556 -0.1222 -0.0222 -0.5156 -0.3067 0.5867 -0.4122
 536 K  -0.0978 0.0733 0.1811 -0.9878 0.8078 0.3100 -0.2944
 537 D  -0.2367 -0.4633 -0.3122 -0.8522 -1.0000 -0.1722 -0.7056
 538 D  -0.2367 -0.4633 -0.3122 -0.8522 -1.0000 -0.1722 -0.7056
 539 M  0.1222 0.0733 0.0967 0.3744 -0.2911 0.7244 -0.0011
 540 L  0.2367 -0.0733 -0.0100 0.6622 -0.2067 0.7933 -0.0589
 541 Q  -0.2556 -0.1222 -0.0222 -0.5156 -0.3067 0.5867 -0.4122
 542 N  -0.2367 -0.3656 -0.2700 -0.7489 -0.0833 -0.4478 -0.5878
 543 W  0.5322 1.0000 1.0000 1.0000 -0.2322 0.3100 0.5878
 544 R  0.1167 0.4144 0.5178 -1.0000 1.0000 0.5867 -0.4122
 545 W  0.5322 1.0000 1.0000 1.0000 -0.2322 0.3100 0.5878
 546 G  -1.0000 -1.0000 -1.0000 -0.3800 -0.1989 -1.0000 -1.0000
 547 E  -0.2556 -0.2678 -0.0644 -0.7733 -0.9644 1.0000 -0.6467
 548 Q  -0.2556 -0.1222 -0.0222 -0.5156 -0.3067 0.5867 -0.4122
 549 W  0.5322 1.0000 1.0000 1.0000 -0.2322 0.3100 0.5878
 550 I  1.0000 -0.0733 -0.0100 0.7244 -0.2067 0.1722 0.7644
 551 P  0.2744 -1.0000 -0.3267 0.0611 -0.0111 -1.0000 0.1178
 552 H  0.4267 0.1222 0.1533 -0.3011 0.2167 -0.0344 -0.1178
 553 G  -1.0000 -1.0000 -1.0000 -0.3800 -0.1989 -1.0000 -1.0000
 554 A  -0.3889 -0.7556 -0.7522 -0.1900 -0.1889 1.0000 -0.5289
 555 W  0.5322 1.0000 1.0000 1.0000 -0.2322 0.3100 0.5878
 556 Y  0.4033 0.4633 0.6011 0.2089 -0.3044 -0.1722 0.5289
 557 L  0.2367 -0.0733 -0.0100 0.6622 -0.2067 0.7933 -0.0589
 558 L  0.2367 -0.0733 -0.0100 0.6622 -0.2067 0.7933 -0.0589
 559 A  -0.3889 -0.7556 -0.7522 -0.1900 -0.1889 1.0000 -0.5289
 560 I  1.0000 -0.0733 -0.0100 0.7244 -0.2067 0.1722 0.7644
 561 M  0.1222 0.0733 0.0967 0.3744 -0.2911 0.7244 -0.0011
 562 S  -0.3744 -0.7078 -0.6044 -0.4044 -0.2944 -0.5178 -0.2356
 563 Q  -0.2556 -0.1222 -0.0222 -0.5156 -0.3067 0.5867 -0.4122
 564 A  -0.3889 -0.7556 -0.7522 -0.1900 -0.1889 1.0000 -0.5289
 565 Q  -0.2556 -0.1222 -0.0222 -0.5156 -0.3067 0.5867 -0.4122
 566 H  0.4267 0.1222 0.1533 -0.3011 0.2167 -0.0344 -0.1178
 567 I  1.0000 -0.0733 -0.0100 0.7244 -0.2067 0.1722 0.7644
 568 S  -0.3744 -0.7078 -0.6044 -0.4044 -0.2944 -0.5178 -0.2356
 569 Q  -0.2556 -0.1222 -0.0222 -0.5156 -0.3067 0.5867 -0.4122
 570 L  0.2367 -0.0733 -0.0100 0.6622 -0.2067 0.7933 -0.0589
 571 A  -0.3889 -0.7556 -0.7522 -0.1900 -0.1889 1.0000 -0.5289
 572 T  0.4467 -0.4633 -0.3567 -0.2211 -0.3200 -0.4478 0.2356
 573 S  -0.3744 -0.7078 -0.6044 -0.4044 -0.2944 -0.5178 -0.2356
 574 K  -0.0978 0.0733 0.1811 -0.9878 0.8078 0.3100 -0.2944
 575 N  -0.2367 -0.3656 -0.2700 -0.7489 -0.0833 -0.4478 -0.5878
 576 I  1.0000 -0.0733 -0.0100 0.7244 -0.2067 0.1722 0.7644
