 1 F  0.4033 0.4144 0.4578 0.7178 -0.3022 0.1722 0.3533
 2 E  -0.2556 -0.2678 -0.0644 -0.7733 -0.9644 1.0000 -0.6467
 3 N  -0.2367 -0.3656 -0.2700 -0.7489 -0.0833 -0.4478 -0.5878
 4 G  -1.0000 -1.0000 -1.0000 -0.3800 -0.1989 -1.0000 -1.0000
 5 L  0.2367 -0.0733 -0.0100 0.6622 -0.2067 0.7933 -0.0589
 6 G  -1.0000 -1.0000 -1.0000 -0.3800 -0.1989 -1.0000 -1.0000
 7 R  0.1167 0.4144 0.5178 -1.0000 1.0000 0.5867 -0.4122
 8 T  0.4467 -0.4633 -0.3567 -0.2211 -0.3200 -0.4478 0.2356
 9 P  0.2744 -1.0000 -0.3267 0.0611 -0.0111 -1.0000 0.1178
 10 Q  -0.2556 -0.1222 -0.0222 -0.5156 -0.3067 0.5867 -0.4122
 11 M  0.1222 0.0733 0.0967 0.3744 -0.2911 0.7244 -0.0011
 12 G  -1.0000 -1.0000 -1.0000 -0.3800 -0.1989 -1.0000 -1.0000
 13 W  0.5322 1.0000 1.0000 1.0000 -0.2322 0.3100 0.5878
 14 N  -0.2367 -0.3656 -0.2700 -0.7489 -0.0833 -0.4478 -0.5878
 15 S  -0.3744 -0.7078 -0.6044 -0.4044 -0.2944 -0.5178 -0.2356
 16 W  0.5322 1.0000 1.0000 1.0000 -0.2322 0.3100 0.5878
 17 N  -0.2367 -0.3656 -0.2700 -0.7489 -0.0833 -0.4478 -0.5878
 18 H  0.4267 0.1222 0.1533 -0.3011 0.2167 -0.0344 -0.1178
 19 F  0.4033 0.4144 0.4578 0.7178 -0.3022 0.1722 0.3533
 20 Y  0.4033 0.4633 0.6011 0.2089 -0.3044 -0.1722 0.5289
 21 C  -0.1556 -0.3656 -0.3989 0.5644 -0.1267 -0.7244 0.5289
 22 G  -1.0000 -1.0000 -1.0000 -0.3800 -0.1989 -1.0000 -1.0000
 23 I  1.0000 -0.0733 -0.0100 0.7244 -0.2067 0.1722 0.7644
 24 N  -0.2367 -0.3656 -0.2700 -0.7489 -0.0833 -0.4478 -0.5878
 25 E  -0.2556 -0.2678 -0.0644 -0.7733 -0.9644 1.0000 -0.6467
 26 Q  -0.2556 -0.1222 -0.0222 -0.5156 -0.3067 0.5867 -0.4122
 27 I  1.0000 -0.0733 -0.0100 0.7244 -0.2067 0.1722 0.7644
 28 I  1.0000 -0.0733 -0.0100 0.7244 -0.2067 0.1722 0.7644
 29 R  0.1167 0.4144 0.5178 -1.0000 1.0000 0.5867 -0.4122
 30 E  -0.2556 -0.2678 -0.0644 -0.7733 -0.9644 1.0000 -0.6467
 31 T  0.4467 -0.4633 -0.3567 -0.2211 -0.3200 -0.4478 0.2356
 32 A  -0.3889 -0.7556 -0.7522 -0.1900 -0.1889 1.0000 -0.5289
 33 D  -0.2367 -0.4633 -0.3122 -0.8522 -1.0000 -0.1722 -0.7056
 34 A  -0.3889 -0.7556 -0.7522 -0.1900 -0.1889 1.0000 -0.5289
 35 L  0.2367 -0.0733 -0.0100 0.6622 -0.2067 0.7933 -0.0589
 36 V  0.7522 -0.3167 -0.2578 0.3678 -0.2122 -0.0344 1.0000
 37 N  -0.2367 -0.3656 -0.2700 -0.7489 -0.0833 -0.4478 -0.5878
 38 T  0.4467 -0.4633 -0.3567 -0.2211 -0.3200 -0.4478 0.2356
 39 G  -1.0000 -1.0000 -1.0000 -0.3800 -0.1989 -1.0000 -1.0000
 40 L  0.2367 -0.0733 -0.0100 0.6622 -0.2067 0.7933 -0.0589
 41 A  -0.3889 -0.7556 -0.7522 -0.1900 -0.1889 1.0000 -0.5289
 42 K  -0.0978 0.0733 0.1811 -0.9878 0.8078 0.3100 -0.2944
 43 L  0.2367 -0.0733 -0.0100 0.6622 -0.2067 0.7933 -0.0589
 44 G  -1.0000 -1.0000 -1.0000 -0.3800 -0.1989 -1.0000 -1.0000
 45 Y  0.4033 0.4633 0.6011 0.2089 -0.3044 -0.1722 0.5289
 46 Q  -0.2556 -0.1222 -0.0222 -0.5156 -0.3067 0.5867 -0.4122
 47 Y  0.4033 0.4633 0.6011 0.2089 -0.3044 -0.1722 0.5289
 48 V  0.7522 -0.3167 -0.2578 0.3678 -0.2122 -0.0344 1.0000
 49 N  -0.2367 -0.3656 -0.2700 -0.7489 -0.0833 -0.4478 -0.5878
 50 I  1.0000 -0.0733 -0.0100 0.7244 -0.2067 0.1722 0.7644
 51 D  -0.2367 -0.4633 -0.3122 -0.8522 -1.0000 -0.1722 -0.7056
 52 D  -0.2367 -0.4633 -0.3122 -0.8522 -1.0000 -0.1722 -0.7056
 53 C  -0.1556 -0.3656 -0.3989 0.5644 -0.1267 -0.7244 0.5289
 54 W  0.5322 1.0000 1.0000 1.0000 -0.2322 0.3100 0.5878
 55 A  -0.3889 -0.7556 -0.7522 -0.1900 -0.1889 1.0000 -0.5289
 56 E  -0.2556 -0.2678 -0.0644 -0.7733 -0.9644 1.0000 -0.6467
 57 Y  0.4033 0.4633 0.6011 0.2089 -0.3044 -0.1722 0.5289
 58 S  -0.3744 -0.7078 -0.6044 -0.4044 -0.2944 -0.5178 -0.2356
 59 R  0.1167 0.4144 0.5178 -1.0000 1.0000 0.5867 -0.4122
 60 D  -0.2367 -0.4633 -0.3122 -0.8522 -1.0000 -0.1722 -0.7056
 61 S  -0.3744 -0.7078 -0.6044 -0.4044 -0.2944 -0.5178 -0.2356
 62 Q  -0.2556 -0.1222 -0.0222 -0.5156 -0.3067 0.5867 -0.4122
 63 G  -1.0000 -1.0000 -1.0000 -0.3800 -0.1989 -1.0000 -1.0000
 64 N  -0.2367 -0.3656 -0.2700 -0.7489 -0.0833 -0.4478 -0.5878
 65 F  0.4033 0.4144 0.4578 0.7178 -0.3022 0.1722 0.3533
 66 V  0.7522 -0.3167 -0.2578 0.3678 -0.2122 -0.0344 1.0000
 67 P  0.2744 -1.0000 -0.3267 0.0611 -0.0111 -1.0000 0.1178
 68 N  -0.2367 -0.3656 -0.2700 -0.7489 -0.0833 -0.4478 -0.5878
 69 R  0.1167 0.4144 0.5178 -1.0000 1.0000 0.5867 -0.4122
 70 Q  -0.2556 -0.1222 -0.0222 -0.5156 -0.3067 0.5867 -0.4122
 71 T  0.4467 -0.4633 -0.3567 -0.2211 -0.3200 -0.4478 0.2356
 72 F  0.4033 0.4144 0.4578 0.7178 -0.3022 0.1722 0.3533
 73 P  0.2744 -1.0000 -0.3267 0.0611 -0.0111 -1.0000 0.1178
 74 S  -0.3744 -0.7078 -0.6044 -0.4044 -0.2944 -0.5178 -0.2356
 75 G  -1.0000 -1.0000 -1.0000 -0.3800 -0.1989 -1.0000 -1.0000
 76 I  1.0000 -0.0733 -0.0100 0.7244 -0.2067 0.1722 0.7644
 77 K  -0.0978 0.0733 0.1811 -0.9878 0.8078 0.3100 -0.2944
 78 A  -0.3889 -0.7556 -0.7522 -0.1900 -0.1889 1.0000 -0.5289
 79 L  0.2367 -0.0733 -0.0100 0.6622 -0.2067 0.7933 -0.0589
 80 A  -0.3889 -0.7556 -0.7522 -0.1900 -0.1889 1.0000 -0.5289
 81 D  -0.2367 -0.4633 -0.3122 -0.8522 -1.0000 -0.1722 -0.7056
 82 Y  0.4033 0.4633 0.6011 0.2089 -0.3044 -0.1722 0.5289
 83 V  0.7522 -0.3167 -0.2578 0.3678 -0.2122 -0.0344 1.0000
 84 H  0.4267 0.1222 0.1533 -0.3011 0.2167 -0.0344 -0.1178
 85 A  -0.3889 -0.7556 -0.7522 -0.1900 -0.1889 1.0000 -0.5289
 86 K  -0.0978 0.0733 0.1811 -0.9878 0.8078 0.3100 -0.2944
 87 G  -1.0000 -1.0000 -1.0000 -0.3800 -0.1989 -1.0000 -1.0000
 88 L  0.2367 -0.0733 -0.0100 0.6622 -0.2067 0.7933 -0.0589
 89 K  -0.0978 0.0733 0.1811 -0.9878 0.8078 0.3100 -0.2944
 90 L  0.2367 -0.0733 -0.0100 0.6622 -0.2067 0.7933 -0.0589
 91 G  -1.0000 -1.0000 -1.0000 -0.3800 -0.1989 -1.0000 -1.0000
 92 I  1.0000 -0.0733 -0.0100 0.7244 -0.2067 0.1722 0.7644
 93 Y  0.4033 0.4633 0.6011 0.2089 -0.3044 -0.1722 0.5289
 94 S  -0.3744 -0.7078 -0.6044 -0.4044 -0.2944 -0.5178 -0.2356
 95 D  -0.2367 -0.4633 -0.3122 -0.8522 -1.0000 -0.1722 -0.7056
 96 A  -0.3889 -0.7556 -0.7522 -0.1900 -0.1889 1.0000 -0.5289
 97 G  -1.0000 -1.0000 -1.0000 -0.3800 -0.1989 -1.0000 -1.0000
 98 S  -0.3744 -0.7078 -0.6044 -0.4044 -0.2944 -0.5178 -0.2356
 99 Q  -0.2556 -0.1222 -0.0222 -0.5156 -0.3067 0.5867 -0.4122
 100 T  0.4467 -0.4633 -0.3567 -0.2211 -0.3200 -0.4478 0.2356
 101 C  -0.1556 -0.3656 -0.3989 0.5644 -0.1267 -0.7244 0.5289
 102 S  -0.3744 -0.7078 -0.6044 -0.4044 -0.2944 -0.5178 -0.2356
 103 N  -0.2367 -0.3656 -0.2700 -0.7489 -0.0833 -0.4478 -0.5878
 104 K  -0.0978 0.0733 0.1811 -0.9878 0.8078 0.3100 -0.2944
 105 M  0.1222 0.0733 0.0967 0.3744 -0.2911 0.7244 -0.0011
 106 P  0.2744 -1.0000 -0.3267 0.0611 -0.0111 -1.0000 0.1178
 107 G  -1.0000 -1.0000 -1.0000 -0.3800 -0.1989 -1.0000 -1.0000
 108 S  -0.3744 -0.7078 -0.6044 -0.4044 -0.2944 -0.5178 -0.2356
 109 L  0.2367 -0.0733 -0.0100 0.6622 -0.2067 0.7933 -0.0589
 110 D  -0.2367 -0.4633 -0.3122 -0.8522 -1.0000 -0.1722 -0.7056
 111 H  0.4267 0.1222 0.1533 -0.3011 0.2167 -0.0344 -0.1178
 112 E  -0.2556 -0.2678 -0.0644 -0.7733 -0.9644 1.0000 -0.6467
 113 E  -0.2556 -0.2678 -0.0644 -0.7733 -0.9644 1.0000 -0.6467
 114 Q  -0.2556 -0.1222 -0.0222 -0.5156 -0.3067 0.5867 -0.4122
 115 D  -0.2367 -0.4633 -0.3122 -0.8522 -1.0000 -0.1722 -0.7056
 116 V  0.7522 -0.3167 -0.2578 0.3678 -0.2122 -0.0344 1.0000
 117 K  -0.0978 0.0733 0.1811 -0.9878 0.8078 0.3100 -0.2944
 118 T  0.4467 -0.4633 -0.3567 -0.2211 -0.3200 -0.4478 0.2356
 119 F  0.4033 0.4144 0.4578 0.7178 -0.3022 0.1722 0.3533
 120 A  -0.3889 -0.7556 -0.7522 -0.1900 -0.1889 1.0000 -0.5289
 121 S  -0.3744 -0.7078 -0.6044 -0.4044 -0.2944 -0.5178 -0.2356
 122 W  0.5322 1.0000 1.0000 1.0000 -0.2322 0.3100 0.5878
 123 G  -1.0000 -1.0000 -1.0000 -0.3800 -0.1989 -1.0000 -1.0000
 124 V  0.7522 -0.3167 -0.2578 0.3678 -0.2122 -0.0344 1.0000
 125 D  -0.2367 -0.4633 -0.3122 -0.8522 -1.0000 -0.1722 -0.7056
 126 Y  0.4033 0.4633 0.6011 0.2089 -0.3044 -0.1722 0.5289
 127 L  0.2367 -0.0733 -0.0100 0.6622 -0.2067 0.7933 -0.0589
 128 K  -0.0978 0.0733 0.1811 -0.9878 0.8078 0.3100 -0.2944
 129 Y  0.4033 0.4633 0.6011 0.2089 -0.3044 -0.1722 0.5289
 130 D  -0.2367 -0.4633 -0.3122 -0.8522 -1.0000 -0.1722 -0.7056
 131 N  -0.2367 -0.3656 -0.2700 -0.7489 -0.0833 -0.4478 -0.5878
 132 C  -0.1556 -0.3656 -0.3989 0.5644 -0.1267 -0.7244 0.5289
 133 N  -0.2367 -0.3656 -0.2700 -0.7489 -0.0833 -0.4478 -0.5878
 134 D  -0.2367 -0.4633 -0.3122 -0.8522 -1.0000 -0.1722 -0.7056
 135 A  -0.3889 -0.7556 -0.7522 -0.1900 -0.1889 1.0000 -0.5289
 136 G  -1.0000 -1.0000 -1.0000 -0.3800 -0.1989 -1.0000 -1.0000
 137 R  0.1167 0.4144 0.5178 -1.0000 1.0000 0.5867 -0.4122
 138 S  -0.3744 -0.7078 -0.6044 -0.4044 -0.2944 -0.5178 -0.2356
 139 V  0.7522 -0.3167 -0.2578 0.3678 -0.2122 -0.0344 1.0000
 140 M  0.1222 0.0733 0.0967 0.3744 -0.2911 0.7244 -0.0011
 141 E  -0.2556 -0.2678 -0.0644 -0.7733 -0.9644 1.0000 -0.6467
 142 R  0.1167 0.4144 0.5178 -1.0000 1.0000 0.5867 -0.4122
 143 Y  0.4033 0.4633 0.6011 0.2089 -0.3044 -0.1722 0.5289
 144 T  0.4467 -0.4633 -0.3567 -0.2211 -0.3200 -0.4478 0.2356
 145 R  0.1167 0.4144 0.5178 -1.0000 1.0000 0.5867 -0.4122
 146 M  0.1222 0.0733 0.0967 0.3744 -0.2911 0.7244 -0.0011
 147 S  -0.3744 -0.7078 -0.6044 -0.4044 -0.2944 -0.5178 -0.2356
 148 N  -0.2367 -0.3656 -0.2700 -0.7489 -0.0833 -0.4478 -0.5878
 149 A  -0.3889 -0.7556 -0.7522 -0.1900 -0.1889 1.0000 -0.5289
 150 M  0.1222 0.0733 0.0967 0.3744 -0.2911 0.7244 -0.0011
 151 K  -0.0978 0.0733 0.1811 -0.9878 0.8078 0.3100 -0.2944
 152 T  0.4467 -0.4633 -0.3567 -0.2211 -0.3200 -0.4478 0.2356
 153 Y  0.4033 0.4633 0.6011 0.2089 -0.3044 -0.1722 0.5289
 154 G  -1.0000 -1.0000 -1.0000 -0.3800 -0.1989 -1.0000 -1.0000
 155 K  -0.0978 0.0733 0.1811 -0.9878 0.8078 0.3100 -0.2944
 156 N  -0.2367 -0.3656 -0.2700 -0.7489 -0.0833 -0.4478 -0.5878
 157 I  1.0000 -0.0733 -0.0100 0.7244 -0.2067 0.1722 0.7644
 158 F  0.4033 0.4144 0.4578 0.7178 -0.3022 0.1722 0.3533
 159 F  0.4033 0.4144 0.4578 0.7178 -0.3022 0.1722 0.3533
 160 S  -0.3744 -0.7078 -0.6044 -0.4044 -0.2944 -0.5178 -0.2356
 161 L  0.2367 -0.0733 -0.0100 0.6622 -0.2067 0.7933 -0.0589
 162 C  -0.1556 -0.3656 -0.3989 0.5644 -0.1267 -0.7244 0.5289
 163 E  -0.2556 -0.2678 -0.0644 -0.7733 -0.9644 1.0000 -0.6467
 164 W  0.5322 1.0000 1.0000 1.0000 -0.2322 0.3100 0.5878
 165 G  -1.0000 -1.0000 -1.0000 -0.3800 -0.1989 -1.0000 -1.0000
 166 K  -0.0978 0.0733 0.1811 -0.9878 0.8078 0.3100 -0.2944
 167 E  -0.2556 -0.2678 -0.0644 -0.7733 -0.9644 1.0000 -0.6467
 168 N  -0.2367 -0.3656 -0.2700 -0.7489 -0.0833 -0.4478 -0.5878
 169 P  0.2744 -1.0000 -0.3267 0.0611 -0.0111 -1.0000 0.1178
 170 A  -0.3889 -0.7556 -0.7522 -0.1900 -0.1889 1.0000 -0.5289
 171 T  0.4467 -0.4633 -0.3567 -0.2211 -0.3200 -0.4478 0.2356
 172 W  0.5322 1.0000 1.0000 1.0000 -0.2322 0.3100 0.5878
 173 A  -0.3889 -0.7556 -0.7522 -0.1900 -0.1889 1.0000 -0.5289
 174 G  -1.0000 -1.0000 -1.0000 -0.3800 -0.1989 -1.0000 -1.0000
 175 R  0.1167 0.4144 0.5178 -1.0000 1.0000 0.5867 -0.4122
 176 M  0.1222 0.0733 0.0967 0.3744 -0.2911 0.7244 -0.0011
 177 G  -1.0000 -1.0000 -1.0000 -0.3800 -0.1989 -1.0000 -1.0000
 178 N  -0.2367 -0.3656 -0.2700 -0.7489 -0.0833 -0.4478 -0.5878
 179 S  -0.3744 -0.7078 -0.6044 -0.4044 -0.2944 -0.5178 -0.2356
 180 W  0.5322 1.0000 1.0000 1.0000 -0.2322 0.3100 0.5878
 181 R  0.1167 0.4144 0.5178 -1.0000 1.0000 0.5867 -0.4122
 182 T  0.4467 -0.4633 -0.3567 -0.2211 -0.3200 -0.4478 0.2356
 183 T  0.4467 -0.4633 -0.3567 -0.2211 -0.3200 -0.4478 0.2356
 184 G  -1.0000 -1.0000 -1.0000 -0.3800 -0.1989 -1.0000 -1.0000
 185 D  -0.2367 -0.4633 -0.3122 -0.8522 -1.0000 -0.1722 -0.7056
 186 I  1.0000 -0.0733 -0.0100 0.7244 -0.2067 0.1722 0.7644
 187 A  -0.3889 -0.7556 -0.7522 -0.1900 -0.1889 1.0000 -0.5289
 188 D  -0.2367 -0.4633 -0.3122 -0.8522 -1.0000 -0.1722 -0.7056
 189 N  -0.2367 -0.3656 -0.2700 -0.7489 -0.0833 -0.4478 -0.5878
 190 W  0.5322 1.0000 1.0000 1.0000 -0.2322 0.3100 0.5878
 191 G  -1.0000 -1.0000 -1.0000 -0.3800 -0.1989 -1.0000 -1.0000
 192 S  -0.3744 -0.7078 -0.6044 -0.4044 -0.2944 -0.5178 -0.2356
 193 M  0.1222 0.0733 0.0967 0.3744 -0.2911 0.7244 -0.0011
 194 T  0.4467 -0.4633 -0.3567 -0.2211 -0.3200 -0.4478 0.2356
 195 S  -0.3744 -0.7078 -0.6044 -0.4044 -0.2944 -0.5178 -0.2356
 196 R  0.1167 0.4144 0.5178 -1.0000 1.0000 0.5867 -0.4122
 197 A  -0.3889 -0.7556 -0.7522 -0.1900 -0.1889 1.0000 -0.5289
 198 D  -0.2367 -0.4633 -0.3122 -0.8522 -1.0000 -0.1722 -0.7056
 199 E  -0.2556 -0.2678 -0.0644 -0.7733 -0.9644 1.0000 -0.6467
 200 N  -0.2367 -0.3656 -0.2700 -0.7489 -0.0833 -0.4478 -0.5878
 201 D  -0.2367 -0.4633 -0.3122 -0.8522 -1.0000 -0.1722 -0.7056
 202 Q  -0.2556 -0.1222 -0.0222 -0.5156 -0.3067 0.5867 -0.4122
 203 W  0.5322 1.0000 1.0000 1.0000 -0.2322 0.3100 0.5878
 204 A  -0.3889 -0.7556 -0.7522 -0.1900 -0.1889 1.0000 -0.5289
 205 A  -0.3889 -0.7556 -0.7522 -0.1900 -0.1889 1.0000 -0.5289
 206 Y  0.4033 0.4633 0.6011 0.2089 -0.3044 -0.1722 0.5289
 207 A  -0.3889 -0.7556 -0.7522 -0.1900 -0.1889 1.0000 -0.5289
 208 G  -1.0000 -1.0000 -1.0000 -0.3800 -0.1989 -1.0000 -1.0000
 209 P  0.2744 -1.0000 -0.3267 0.0611 -0.0111 -1.0000 0.1178
 210 G  -1.0000 -1.0000 -1.0000 -0.3800 -0.1989 -1.0000 -1.0000
 211 G  -1.0000 -1.0000 -1.0000 -0.3800 -0.1989 -1.0000 -1.0000
 212 W  0.5322 1.0000 1.0000 1.0000 -0.2322 0.3100 0.5878
 213 N  -0.2367 -0.3656 -0.2700 -0.7489 -0.0833 -0.4478 -0.5878
 214 D  -0.2367 -0.4633 -0.3122 -0.8522 -1.0000 -0.1722 -0.7056
 215 P  0.2744 -1.0000 -0.3267 0.0611 -0.0111 -1.0000 0.1178
 216 D  -0.2367 -0.4633 -0.3122 -0.8522 -1.0000 -0.1722 -0.7056
 217 M  0.1222 0.0733 0.0967 0.3744 -0.2911 0.7244 -0.0011
 218 L  0.2367 -0.0733 -0.0100 0.6622 -0.2067 0.7933 -0.0589
 219 E  -0.2556 -0.2678 -0.0644 -0.7733 -0.9644 1.0000 -0.6467
 220 V  0.7522 -0.3167 -0.2578 0.3678 -0.2122 -0.0344 1.0000
 221 G  -1.0000 -1.0000 -1.0000 -0.3800 -0.1989 -1.0000 -1.0000
 222 N  -0.2367 -0.3656 -0.2700 -0.7489 -0.0833 -0.4478 -0.5878
 223 G  -1.0000 -1.0000 -1.0000 -0.3800 -0.1989 -1.0000 -1.0000
 224 G  -1.0000 -1.0000 -1.0000 -0.3800 -0.1989 -1.0000 -1.0000
 225 M  0.1222 0.0733 0.0967 0.3744 -0.2911 0.7244 -0.0011
 226 S  -0.3744 -0.7078 -0.6044 -0.4044 -0.2944 -0.5178 -0.2356
 227 E  -0.2556 -0.2678 -0.0644 -0.7733 -0.9644 1.0000 -0.6467
 228 A  -0.3889 -0.7556 -0.7522 -0.1900 -0.1889 1.0000 -0.5289
 229 E  -0.2556 -0.2678 -0.0644 -0.7733 -0.9644 1.0000 -0.6467
 230 Y  0.4033 0.4633 0.6011 0.2089 -0.3044 -0.1722 0.5289
 231 R  0.1167 0.4144 0.5178 -1.0000 1.0000 0.5867 -0.4122
 232 S  -0.3744 -0.7078 -0.6044 -0.4044 -0.2944 -0.5178 -0.2356
 233 H  0.4267 0.1222 0.1533 -0.3011 0.2167 -0.0344 -0.1178
 234 F  0.4033 0.4144 0.4578 0.7178 -0.3022 0.1722 0.3533
 235 S  -0.3744 -0.7078 -0.6044 -0.4044 -0.2944 -0.5178 -0.2356
 236 I  1.0000 -0.0733 -0.0100 0.7244 -0.2067 0.1722 0.7644
 237 W  0.5322 1.0000 1.0000 1.0000 -0.2322 0.3100 0.5878
 238 A  -0.3889 -0.7556 -0.7522 -0.1900 -0.1889 1.0000 -0.5289
 239 L  0.2367 -0.0733 -0.0100 0.6622 -0.2067 0.7933 -0.0589
 240 A  -0.3889 -0.7556 -0.7522 -0.1900 -0.1889 1.0000 -0.5289
 241 K  -0.0978 0.0733 0.1811 -0.9878 0.8078 0.3100 -0.2944
 242 A  -0.3889 -0.7556 -0.7522 -0.1900 -0.1889 1.0000 -0.5289
 243 P  0.2744 -1.0000 -0.3267 0.0611 -0.0111 -1.0000 0.1178
 244 L  0.2367 -0.0733 -0.0100 0.6622 -0.2067 0.7933 -0.0589
 245 L  0.2367 -0.0733 -0.0100 0.6622 -0.2067 0.7933 -0.0589
 246 I  1.0000 -0.0733 -0.0100 0.7244 -0.2067 0.1722 0.7644
 247 G  -1.0000 -1.0000 -1.0000 -0.3800 -0.1989 -1.0000 -1.0000
 248 C  -0.1556 -0.3656 -0.3989 0.5644 -0.1267 -0.7244 0.5289
 249 D  -0.2367 -0.4633 -0.3122 -0.8522 -1.0000 -0.1722 -0.7056
 250 V  0.7522 -0.3167 -0.2578 0.3678 -0.2122 -0.0344 1.0000
 251 R  0.1167 0.4144 0.5178 -1.0000 1.0000 0.5867 -0.4122
 252 S  -0.3744 -0.7078 -0.6044 -0.4044 -0.2944 -0.5178 -0.2356
 253 M  0.1222 0.0733 0.0967 0.3744 -0.2911 0.7244 -0.0011
 254 S  -0.3744 -0.7078 -0.6044 -0.4044 -0.2944 -0.5178 -0.2356
 255 Q  -0.2556 -0.1222 -0.0222 -0.5156 -0.3067 0.5867 -0.4122
 256 Q  -0.2556 -0.1222 -0.0222 -0.5156 -0.3067 0.5867 -0.4122
 257 T  0.4467 -0.4633 -0.3567 -0.2211 -0.3200 -0.4478 0.2356
 258 K  -0.0978 0.0733 0.1811 -0.9878 0.8078 0.3100 -0.2944
 259 N  -0.2367 -0.3656 -0.2700 -0.7489 -0.0833 -0.4478 -0.5878
 260 I  1.0000 -0.0733 -0.0100 0.7244 -0.2067 0.1722 0.7644
 261 L  0.2367 -0.0733 -0.0100 0.6622 -0.2067 0.7933 -0.0589
 262 S  -0.3744 -0.7078 -0.6044 -0.4044 -0.2944 -0.5178 -0.2356
 263 N  -0.2367 -0.3656 -0.2700 -0.7489 -0.0833 -0.4478 -0.5878
 264 S  -0.3744 -0.7078 -0.6044 -0.4044 -0.2944 -0.5178 -0.2356
 265 E  -0.2556 -0.2678 -0.0644 -0.7733 -0.9644 1.0000 -0.6467
 266 V  0.7522 -0.3167 -0.2578 0.3678 -0.2122 -0.0344 1.0000
 267 I  1.0000 -0.0733 -0.0100 0.7244 -0.2067 0.1722 0.7644
 268 A  -0.3889 -0.7556 -0.7522 -0.1900 -0.1889 1.0000 -0.5289
 269 V  0.7522 -0.3167 -0.2578 0.3678 -0.2122 -0.0344 1.0000
 270 N  -0.2367 -0.3656 -0.2700 -0.7489 -0.0833 -0.4478 -0.5878
 271 Q  -0.2556 -0.1222 -0.0222 -0.5156 -0.3067 0.5867 -0.4122
 272 D  -0.2367 -0.4633 -0.3122 -0.8522 -1.0000 -0.1722 -0.7056
 273 S  -0.3744 -0.7078 -0.6044 -0.4044 -0.2944 -0.5178 -0.2356
 274 L  0.2367 -0.0733 -0.0100 0.6622 -0.2067 0.7933 -0.0589
 275 G  -1.0000 -1.0000 -1.0000 -0.3800 -0.1989 -1.0000 -1.0000
 276 V  0.7522 -0.3167 -0.2578 0.3678 -0.2122 -0.0344 1.0000
 277 Q  -0.2556 -0.1222 -0.0222 -0.5156 -0.3067 0.5867 -0.4122
 278 G  -1.0000 -1.0000 -1.0000 -0.3800 -0.1989 -1.0000 -1.0000
 279 K  -0.0978 0.0733 0.1811 -0.9878 0.8078 0.3100 -0.2944
 280 K  -0.0978 0.0733 0.1811 -0.9878 0.8078 0.3100 -0.2944
 281 V  0.7522 -0.3167 -0.2578 0.3678 -0.2122 -0.0344 1.0000
 282 Q  -0.2556 -0.1222 -0.0222 -0.5156 -0.3067 0.5867 -0.4122
 283 S  -0.3744 -0.7078 -0.6044 -0.4044 -0.2944 -0.5178 -0.2356
 284 D  -0.2367 -0.4633 -0.3122 -0.8522 -1.0000 -0.1722 -0.7056
 285 N  -0.2367 -0.3656 -0.2700 -0.7489 -0.0833 -0.4478 -0.5878
 286 G  -1.0000 -1.0000 -1.0000 -0.3800 -0.1989 -1.0000 -1.0000
 287 L  0.2367 -0.0733 -0.0100 0.6622 -0.2067 0.7933 -0.0589
 288 E  -0.2556 -0.2678 -0.0644 -0.7733 -0.9644 1.0000 -0.6467
 289 V  0.7522 -0.3167 -0.2578 0.3678 -0.2122 -0.0344 1.0000
 290 W  0.5322 1.0000 1.0000 1.0000 -0.2322 0.3100 0.5878
 291 A  -0.3889 -0.7556 -0.7522 -0.1900 -0.1889 1.0000 -0.5289
 292 G  -1.0000 -1.0000 -1.0000 -0.3800 -0.1989 -1.0000 -1.0000
 293 P  0.2744 -1.0000 -0.3267 0.0611 -0.0111 -1.0000 0.1178
 294 L  0.2367 -0.0733 -0.0100 0.6622 -0.2067 0.7933 -0.0589
 295 S  -0.3744 -0.7078 -0.6044 -0.4044 -0.2944 -0.5178 -0.2356
 296 N  -0.2367 -0.3656 -0.2700 -0.7489 -0.0833 -0.4478 -0.5878
 297 N  -0.2367 -0.3656 -0.2700 -0.7489 -0.0833 -0.4478 -0.5878
 298 R  0.1167 0.4144 0.5178 -1.0000 1.0000 0.5867 -0.4122
 299 K  -0.0978 0.0733 0.1811 -0.9878 0.8078 0.3100 -0.2944
 300 A  -0.3889 -0.7556 -0.7522 -0.1900 -0.1889 1.0000 -0.5289
 301 V  0.7522 -0.3167 -0.2578 0.3678 -0.2122 -0.0344 1.0000
 302 V  0.7522 -0.3167 -0.2578 0.3678 -0.2122 -0.0344 1.0000
 303 L  0.2367 -0.0733 -0.0100 0.6622 -0.2067 0.7933 -0.0589
 304 W  0.5322 1.0000 1.0000 1.0000 -0.2322 0.3100 0.5878
 305 N  -0.2367 -0.3656 -0.2700 -0.7489 -0.0833 -0.4478 -0.5878
 306 R  0.1167 0.4144 0.5178 -1.0000 1.0000 0.5867 -0.4122
 307 Q  -0.2556 -0.1222 -0.0222 -0.5156 -0.3067 0.5867 -0.4122
 308 S  -0.3744 -0.7078 -0.6044 -0.4044 -0.2944 -0.5178 -0.2356
 309 Y  0.4033 0.4633 0.6011 0.2089 -0.3044 -0.1722 0.5289
 310 Q  -0.2556 -0.1222 -0.0222 -0.5156 -0.3067 0.5867 -0.4122
 311 A  -0.3889 -0.7556 -0.7522 -0.1900 -0.1889 1.0000 -0.5289
 312 T  0.4467 -0.4633 -0.3567 -0.2211 -0.3200 -0.4478 0.2356
 313 I  1.0000 -0.0733 -0.0100 0.7244 -0.2067 0.1722 0.7644
 314 T  0.4467 -0.4633 -0.3567 -0.2211 -0.3200 -0.4478 0.2356
 315 A  -0.3889 -0.7556 -0.7522 -0.1900 -0.1889 1.0000 -0.5289
 316 H  0.4267 0.1222 0.1533 -0.3011 0.2167 -0.0344 -0.1178
 317 W  0.5322 1.0000 1.0000 1.0000 -0.2322 0.3100 0.5878
 318 S  -0.3744 -0.7078 -0.6044 -0.4044 -0.2944 -0.5178 -0.2356
 319 N  -0.2367 -0.3656 -0.2700 -0.7489 -0.0833 -0.4478 -0.5878
 320 I  1.0000 -0.0733 -0.0100 0.7244 -0.2067 0.1722 0.7644
 321 G  -1.0000 -1.0000 -1.0000 -0.3800 -0.1989 -1.0000 -1.0000
 322 L  0.2367 -0.0733 -0.0100 0.6622 -0.2067 0.7933 -0.0589
 323 A  -0.3889 -0.7556 -0.7522 -0.1900 -0.1889 1.0000 -0.5289
 324 G  -1.0000 -1.0000 -1.0000 -0.3800 -0.1989 -1.0000 -1.0000
 325 S  -0.3744 -0.7078 -0.6044 -0.4044 -0.2944 -0.5178 -0.2356
 326 V  0.7522 -0.3167 -0.2578 0.3678 -0.2122 -0.0344 1.0000
 327 A  -0.3889 -0.7556 -0.7522 -0.1900 -0.1889 1.0000 -0.5289
 328 V  0.7522 -0.3167 -0.2578 0.3678 -0.2122 -0.0344 1.0000
 329 T  0.4467 -0.4633 -0.3567 -0.2211 -0.3200 -0.4478 0.2356
 330 A  -0.3889 -0.7556 -0.7522 -0.1900 -0.1889 1.0000 -0.5289
 331 R  0.1167 0.4144 0.5178 -1.0000 1.0000 0.5867 -0.4122
 332 D  -0.2367 -0.4633 -0.3122 -0.8522 -1.0000 -0.1722 -0.7056
 333 L  0.2367 -0.0733 -0.0100 0.6622 -0.2067 0.7933 -0.0589
 334 W  0.5322 1.0000 1.0000 1.0000 -0.2322 0.3100 0.5878
 335 A  -0.3889 -0.7556 -0.7522 -0.1900 -0.1889 1.0000 -0.5289
 336 H  0.4267 0.1222 0.1533 -0.3011 0.2167 -0.0344 -0.1178
 337 S  -0.3744 -0.7078 -0.6044 -0.4044 -0.2944 -0.5178 -0.2356
 338 S  -0.3744 -0.7078 -0.6044 -0.4044 -0.2944 -0.5178 -0.2356
 339 F  0.4033 0.4144 0.4578 0.7178 -0.3022 0.1722 0.3533
 340 A  -0.3889 -0.7556 -0.7522 -0.1900 -0.1889 1.0000 -0.5289
 341 A  -0.3889 -0.7556 -0.7522 -0.1900 -0.1889 1.0000 -0.5289
 342 Q  -0.2556 -0.1222 -0.0222 -0.5156 -0.3067 0.5867 -0.4122
 343 G  -1.0000 -1.0000 -1.0000 -0.3800 -0.1989 -1.0000 -1.0000
 344 Q  -0.2556 -0.1222 -0.0222 -0.5156 -0.3067 0.5867 -0.4122
 345 I  1.0000 -0.0733 -0.0100 0.7244 -0.2067 0.1722 0.7644
 346 S  -0.3744 -0.7078 -0.6044 -0.4044 -0.2944 -0.5178 -0.2356
 347 A  -0.3889 -0.7556 -0.7522 -0.1900 -0.1889 1.0000 -0.5289
 348 S  -0.3744 -0.7078 -0.6044 -0.4044 -0.2944 -0.5178 -0.2356
 349 V  0.7522 -0.3167 -0.2578 0.3678 -0.2122 -0.0344 1.0000
 350 A  -0.3889 -0.7556 -0.7522 -0.1900 -0.1889 1.0000 -0.5289
 351 P  0.2744 -1.0000 -0.3267 0.0611 -0.0111 -1.0000 0.1178
 352 H  0.4267 0.1222 0.1533 -0.3011 0.2167 -0.0344 -0.1178
 353 D  -0.2367 -0.4633 -0.3122 -0.8522 -1.0000 -0.1722 -0.7056
 354 C  -0.1556 -0.3656 -0.3989 0.5644 -0.1267 -0.7244 0.5289
 355 K  -0.0978 0.0733 0.1811 -0.9878 0.8078 0.3100 -0.2944
 356 M  0.1222 0.0733 0.0967 0.3744 -0.2911 0.7244 -0.0011
 357 Y  0.4033 0.4633 0.6011 0.2089 -0.3044 -0.1722 0.5289
 358 V  0.7522 -0.3167 -0.2578 0.3678 -0.2122 -0.0344 1.0000
 359 L  0.2367 -0.0733 -0.0100 0.6622 -0.2067 0.7933 -0.0589
 360 T  0.4467 -0.4633 -0.3567 -0.2211 -0.3200 -0.4478 0.2356
 361 P  0.2744 -1.0000 -0.3267 0.0611 -0.0111 -1.0000 0.1178
 362 N  -0.2367 -0.3656 -0.2700 -0.7489 -0.0833 -0.4478 -0.5878
