 -2 A  -0.3889 -0.7556 -0.7522 -0.1900 -0.1889 1.0000 -0.5289
 -1 I  1.0000 -0.0733 -0.0100 0.7244 -0.2067 0.1722 0.7644
 0 S  -0.3744 -0.7078 -0.6044 -0.4044 -0.2944 -0.5178 -0.2356
 1 I  1.0000 -0.0733 -0.0100 0.7244 -0.2067 0.1722 0.7644
 2 T  0.4467 -0.4633 -0.3567 -0.2211 -0.3200 -0.4478 0.2356
 3 C  -0.1556 -0.3656 -0.3989 0.5644 -0.1267 -0.7244 0.5289
 4 P  0.2744 -1.0000 -0.3267 0.0611 -0.0111 -1.0000 0.1178
 5 P  0.2744 -1.0000 -0.3267 0.0611 -0.0111 -1.0000 0.1178
 6 P  0.2744 -1.0000 -0.3267 0.0611 -0.0111 -1.0000 0.1178
 7 M  0.1222 0.0733 0.0967 0.3744 -0.2911 0.7244 -0.0011
 8 S  -0.3744 -0.7078 -0.6044 -0.4044 -0.2944 -0.5178 -0.2356
 9 V  0.7522 -0.3167 -0.2578 0.3678 -0.2122 -0.0344 1.0000
 10 E  -0.2556 -0.2678 -0.0644 -0.7733 -0.9644 1.0000 -0.6467
 11 H  0.4267 0.1222 0.1533 -0.3011 0.2167 -0.0344 -0.1178
 12 A  -0.3889 -0.7556 -0.7522 -0.1900 -0.1889 1.0000 -0.5289
 13 D  -0.2367 -0.4633 -0.3122 -0.8522 -1.0000 -0.1722 -0.7056
 14 I  1.0000 -0.0733 -0.0100 0.7244 -0.2067 0.1722 0.7644
 15 W  0.5322 1.0000 1.0000 1.0000 -0.2322 0.3100 0.5878
 16 V  0.7522 -0.3167 -0.2578 0.3678 -0.2122 -0.0344 1.0000
 17 K  -0.0978 0.0733 0.1811 -0.9878 0.8078 0.3100 -0.2944
 18 S  -0.3744 -0.7078 -0.6044 -0.4044 -0.2944 -0.5178 -0.2356
 19 Y  0.4033 0.4633 0.6011 0.2089 -0.3044 -0.1722 0.5289
 20 S  -0.3744 -0.7078 -0.6044 -0.4044 -0.2944 -0.5178 -0.2356
 21 L  0.2367 -0.0733 -0.0100 0.6622 -0.2067 0.7933 -0.0589
 22 Y  0.4033 0.4633 0.6011 0.2089 -0.3044 -0.1722 0.5289
 23 S  -0.3744 -0.7078 -0.6044 -0.4044 -0.2944 -0.5178 -0.2356
 24 R  0.1167 0.4144 0.5178 -1.0000 1.0000 0.5867 -0.4122
 25 E  -0.2556 -0.2678 -0.0644 -0.7733 -0.9644 1.0000 -0.6467
 26 R  0.1167 0.4144 0.5178 -1.0000 1.0000 0.5867 -0.4122
 27 Y  0.4033 0.4633 0.6011 0.2089 -0.3044 -0.1722 0.5289
 28 I  1.0000 -0.0733 -0.0100 0.7244 -0.2067 0.1722 0.7644
 29 C  -0.1556 -0.3656 -0.3989 0.5644 -0.1267 -0.7244 0.5289
 30 N  -0.2367 -0.3656 -0.2700 -0.7489 -0.0833 -0.4478 -0.5878
 31 S  -0.3744 -0.7078 -0.6044 -0.4044 -0.2944 -0.5178 -0.2356
 32 G  -1.0000 -1.0000 -1.0000 -0.3800 -0.1989 -1.0000 -1.0000
 33 F  0.4033 0.4144 0.4578 0.7178 -0.3022 0.1722 0.3533
 34 K  -0.0978 0.0733 0.1811 -0.9878 0.8078 0.3100 -0.2944
 35 R  0.1167 0.4144 0.5178 -1.0000 1.0000 0.5867 -0.4122
 36 K  -0.0978 0.0733 0.1811 -0.9878 0.8078 0.3100 -0.2944
 37 A  -0.3889 -0.7556 -0.7522 -0.1900 -0.1889 1.0000 -0.5289
 38 G  -1.0000 -1.0000 -1.0000 -0.3800 -0.1989 -1.0000 -1.0000
 39 T  0.4467 -0.4633 -0.3567 -0.2211 -0.3200 -0.4478 0.2356
 40 S  -0.3744 -0.7078 -0.6044 -0.4044 -0.2944 -0.5178 -0.2356
 41 S  -0.3744 -0.7078 -0.6044 -0.4044 -0.2944 -0.5178 -0.2356
 42 L  0.2367 -0.0733 -0.0100 0.6622 -0.2067 0.7933 -0.0589
 43 T  0.4467 -0.4633 -0.3567 -0.2211 -0.3200 -0.4478 0.2356
 44 E  -0.2556 -0.2678 -0.0644 -0.7733 -0.9644 1.0000 -0.6467
 45 C  -0.1556 -0.3656 -0.3989 0.5644 -0.1267 -0.7244 0.5289
 46 V  0.7522 -0.3167 -0.2578 0.3678 -0.2122 -0.0344 1.0000
 47 L  0.2367 -0.0733 -0.0100 0.6622 -0.2067 0.7933 -0.0589
 48 N  -0.2367 -0.3656 -0.2700 -0.7489 -0.0833 -0.4478 -0.5878
 49 K  -0.0978 0.0733 0.1811 -0.9878 0.8078 0.3100 -0.2944
 50 A  -0.3889 -0.7556 -0.7522 -0.1900 -0.1889 1.0000 -0.5289
 51 T  0.4467 -0.4633 -0.3567 -0.2211 -0.3200 -0.4478 0.2356
 52 N  -0.2367 -0.3656 -0.2700 -0.7489 -0.0833 -0.4478 -0.5878
 53 V  0.7522 -0.3167 -0.2578 0.3678 -0.2122 -0.0344 1.0000
 54 A  -0.3889 -0.7556 -0.7522 -0.1900 -0.1889 1.0000 -0.5289
 55 H  0.4267 0.1222 0.1533 -0.3011 0.2167 -0.0344 -0.1178
 56 W  0.5322 1.0000 1.0000 1.0000 -0.2322 0.3100 0.5878
 57 T  0.4467 -0.4633 -0.3567 -0.2211 -0.3200 -0.4478 0.2356
 58 T  0.4467 -0.4633 -0.3567 -0.2211 -0.3200 -0.4478 0.2356
 59 P  0.2744 -1.0000 -0.3267 0.0611 -0.0111 -1.0000 0.1178
 60 S  -0.3744 -0.7078 -0.6044 -0.4044 -0.2944 -0.5178 -0.2356
 61 L  0.2367 -0.0733 -0.0100 0.6622 -0.2067 0.7933 -0.0589
 62 K  -0.0978 0.0733 0.1811 -0.9878 0.8078 0.3100 -0.2944
 63 C  -0.1556 -0.3656 -0.3989 0.5644 -0.1267 -0.7244 0.5289
 64 I  1.0000 -0.0733 -0.0100 0.7244 -0.2067 0.1722 0.7644
 65 R  0.1167 0.4144 0.5178 -1.0000 1.0000 0.5867 -0.4122
 66 D  -0.2367 -0.4633 -0.3122 -0.8522 -1.0000 -0.1722 -0.7056
 67 P  0.2744 -1.0000 -0.3267 0.0611 -0.0111 -1.0000 0.1178
 68 A  -0.3889 -0.7556 -0.7522 -0.1900 -0.1889 1.0000 -0.5289
 69 L  0.2367 -0.0733 -0.0100 0.6622 -0.2067 0.7933 -0.0589
 70 V  0.7522 -0.3167 -0.2578 0.3678 -0.2122 -0.0344 1.0000
 71 H  0.4267 0.1222 0.1533 -0.3011 0.2167 -0.0344 -0.1178
 72 Q  -0.2556 -0.1222 -0.0222 -0.5156 -0.3067 0.5867 -0.4122
 73 R  0.1167 0.4144 0.5178 -1.0000 1.0000 0.5867 -0.4122
 74 P  0.2744 -1.0000 -0.3267 0.0611 -0.0111 -1.0000 0.1178
 75 A  -0.3889 -0.7556 -0.7522 -0.1900 -0.1889 1.0000 -0.5289
 76 P  0.2744 -1.0000 -0.3267 0.0611 -0.0111 -1.0000 0.1178
 77 P  0.2744 -1.0000 -0.3267 0.0611 -0.0111 -1.0000 0.1178
 78 S  -0.3744 -0.7078 -0.6044 -0.4044 -0.2944 -0.5178 -0.2356
