 2 D  -0.2367 -0.4633 -0.3122 -0.8522 -1.0000 -0.1722 -0.7056
 3 Y  0.4033 0.4633 0.6011 0.2089 -0.3044 -0.1722 0.5289
 4 S  -0.3744 -0.7078 -0.6044 -0.4044 -0.2944 -0.5178 -0.2356
 5 N  -0.2367 -0.3656 -0.2700 -0.7489 -0.0833 -0.4478 -0.5878
 6 E  -0.2556 -0.2678 -0.0644 -0.7733 -0.9644 1.0000 -0.6467
 7 L  0.2367 -0.0733 -0.0100 0.6622 -0.2067 0.7933 -0.0589
 8 K  -0.0978 0.0733 0.1811 -0.9878 0.8078 0.3100 -0.2944
 9 E  -0.2556 -0.2678 -0.0644 -0.7733 -0.9644 1.0000 -0.6467
 10 L  0.2367 -0.0733 -0.0100 0.6622 -0.2067 0.7933 -0.0589
 11 F  0.4033 0.4144 0.4578 0.7178 -0.3022 0.1722 0.3533
 12 L  0.2367 -0.0733 -0.0100 0.6622 -0.2067 0.7933 -0.0589
 ! !  -1.0000 -1.0000 -1.0000 -1.0000 -1.0000 -1.0000 -1.0000
 14 N  -0.2367 -0.3656 -0.2700 -0.7489 -0.0833 -0.4478 -0.5878
 15 Q  -0.2556 -0.1222 -0.0222 -0.5156 -0.3067 0.5867 -0.4122
 16 T  0.4467 -0.4633 -0.3567 -0.2211 -0.3200 -0.4478 0.2356
 17 Y  0.4033 0.4633 0.6011 0.2089 -0.3044 -0.1722 0.5289
 18 A  -0.3889 -0.7556 -0.7522 -0.1900 -0.1889 1.0000 -0.5289
 19 T  0.4467 -0.4633 -0.3567 -0.2211 -0.3200 -0.4478 0.2356
 20 L  0.2367 -0.0733 -0.0100 0.6622 -0.2067 0.7933 -0.0589
 21 F  0.4033 0.4144 0.4578 0.7178 -0.3022 0.1722 0.3533
 22 T  0.4467 -0.4633 -0.3567 -0.2211 -0.3200 -0.4478 0.2356
 23 L  0.2367 -0.0733 -0.0100 0.6622 -0.2067 0.7933 -0.0589
 24 T  0.4467 -0.4633 -0.3567 -0.2211 -0.3200 -0.4478 0.2356
 25 N  -0.2367 -0.3656 -0.2700 -0.7489 -0.0833 -0.4478 -0.5878
 26 K  -0.0978 0.0733 0.1811 -0.9878 0.8078 0.3100 -0.2944
 27 I  1.0000 -0.0733 -0.0100 0.7244 -0.2067 0.1722 0.7644
 28 Q  -0.2556 -0.1222 -0.0222 -0.5156 -0.3067 0.5867 -0.4122
 29 I  1.0000 -0.0733 -0.0100 0.7244 -0.2067 0.1722 0.7644
 30 E  -0.2556 -0.2678 -0.0644 -0.7733 -0.9644 1.0000 -0.6467
 31 G  -1.0000 -1.0000 -1.0000 -0.3800 -0.1989 -1.0000 -1.0000
 32 D  -0.2367 -0.4633 -0.3122 -0.8522 -1.0000 -0.1722 -0.7056
 33 K  -0.0978 0.0733 0.1811 -0.9878 0.8078 0.3100 -0.2944
 34 Y  0.4033 0.4633 0.6011 0.2089 -0.3044 -0.1722 0.5289
 35 F  0.4033 0.4144 0.4578 0.7178 -0.3022 0.1722 0.3533
 36 G  -1.0000 -1.0000 -1.0000 -0.3800 -0.1989 -1.0000 -1.0000
 37 I  1.0000 -0.0733 -0.0100 0.7244 -0.2067 0.1722 0.7644
 38 L  0.2367 -0.0733 -0.0100 0.6622 -0.2067 0.7933 -0.0589
 39 T  0.4467 -0.4633 -0.3567 -0.2211 -0.3200 -0.4478 0.2356
 40 S  -0.3744 -0.7078 -0.6044 -0.4044 -0.2944 -0.5178 -0.2356
 41 R  0.1167 0.4144 0.5178 -1.0000 1.0000 0.5867 -0.4122
 42 Q  -0.2556 -0.1222 -0.0222 -0.5156 -0.3067 0.5867 -0.4122
 43 Y  0.4033 0.4633 0.6011 0.2089 -0.3044 -0.1722 0.5289
 ! !  -1.0000 -1.0000 -1.0000 -1.0000 -1.0000 -1.0000 -1.0000
 45 T  0.4467 -0.4633 -0.3567 -0.2211 -0.3200 -0.4478 0.2356
 46 I  1.0000 -0.0733 -0.0100 0.7244 -0.2067 0.1722 0.7644
 47 L  0.2367 -0.0733 -0.0100 0.6622 -0.2067 0.7933 -0.0589
 48 S  -0.3744 -0.7078 -0.6044 -0.4044 -0.2944 -0.5178 -0.2356
 49 I  1.0000 -0.0733 -0.0100 0.7244 -0.2067 0.1722 0.7644
 50 L  0.2367 -0.0733 -0.0100 0.6622 -0.2067 0.7933 -0.0589
 51 H  0.4267 0.1222 0.1533 -0.3011 0.2167 -0.0344 -0.1178
 52 L  0.2367 -0.0733 -0.0100 0.6622 -0.2067 0.7933 -0.0589
 53 P  0.2744 -1.0000 -0.3267 0.0611 -0.0111 -1.0000 0.1178
 54 E  -0.2556 -0.2678 -0.0644 -0.7733 -0.9644 1.0000 -0.6467
 55 E  -0.2556 -0.2678 -0.0644 -0.7733 -0.9644 1.0000 -0.6467
 56 E  -0.2556 -0.2678 -0.0644 -0.7733 -0.9644 1.0000 -0.6467
 57 T  0.4467 -0.4633 -0.3567 -0.2211 -0.3200 -0.4478 0.2356
 58 T  0.4467 -0.4633 -0.3567 -0.2211 -0.3200 -0.4478 0.2356
 59 L  0.2367 -0.0733 -0.0100 0.6622 -0.2067 0.7933 -0.0589
 60 N  -0.2367 -0.3656 -0.2700 -0.7489 -0.0833 -0.4478 -0.5878
 61 N  -0.2367 -0.3656 -0.2700 -0.7489 -0.0833 -0.4478 -0.5878
 62 I  1.0000 -0.0733 -0.0100 0.7244 -0.2067 0.1722 0.7644
 63 A  -0.3889 -0.7556 -0.7522 -0.1900 -0.1889 1.0000 -0.5289
 64 R  0.1167 0.4144 0.5178 -1.0000 1.0000 0.5867 -0.4122
 65 K  -0.0978 0.0733 0.1811 -0.9878 0.8078 0.3100 -0.2944
 ! !  -1.0000 -1.0000 -1.0000 -1.0000 -1.0000 -1.0000 -1.0000
 67 G  -1.0000 -1.0000 -1.0000 -0.3800 -0.1989 -1.0000 -1.0000
 68 T  0.4467 -0.4633 -0.3567 -0.2211 -0.3200 -0.4478 0.2356
 69 S  -0.3744 -0.7078 -0.6044 -0.4044 -0.2944 -0.5178 -0.2356
 70 K  -0.0978 0.0733 0.1811 -0.9878 0.8078 0.3100 -0.2944
 71 Q  -0.2556 -0.1222 -0.0222 -0.5156 -0.3067 0.5867 -0.4122
 72 N  -0.2367 -0.3656 -0.2700 -0.7489 -0.0833 -0.4478 -0.5878
 73 I  1.0000 -0.0733 -0.0100 0.7244 -0.2067 0.1722 0.7644
 74 N  -0.2367 -0.3656 -0.2700 -0.7489 -0.0833 -0.4478 -0.5878
 75 R  0.1167 0.4144 0.5178 -1.0000 1.0000 0.5867 -0.4122
 76 L  0.2367 -0.0733 -0.0100 0.6622 -0.2067 0.7933 -0.0589
 77 V  0.7522 -0.3167 -0.2578 0.3678 -0.2122 -0.0344 1.0000
 78 A  -0.3889 -0.7556 -0.7522 -0.1900 -0.1889 1.0000 -0.5289
 79 N  -0.2367 -0.3656 -0.2700 -0.7489 -0.0833 -0.4478 -0.5878
 80 L  0.2367 -0.0733 -0.0100 0.6622 -0.2067 0.7933 -0.0589
 81 E  -0.2556 -0.2678 -0.0644 -0.7733 -0.9644 1.0000 -0.6467
 82 K  -0.0978 0.0733 0.1811 -0.9878 0.8078 0.3100 -0.2944
 83 N  -0.2367 -0.3656 -0.2700 -0.7489 -0.0833 -0.4478 -0.5878
 84 G  -1.0000 -1.0000 -1.0000 -0.3800 -0.1989 -1.0000 -1.0000
 85 Y  0.4033 0.4633 0.6011 0.2089 -0.3044 -0.1722 0.5289
 86 V  0.7522 -0.3167 -0.2578 0.3678 -0.2122 -0.0344 1.0000
 87 D  -0.2367 -0.4633 -0.3122 -0.8522 -1.0000 -0.1722 -0.7056
 88 V  0.7522 -0.3167 -0.2578 0.3678 -0.2122 -0.0344 1.0000
 89 I  1.0000 -0.0733 -0.0100 0.7244 -0.2067 0.1722 0.7644
 90 P  0.2744 -1.0000 -0.3267 0.0611 -0.0111 -1.0000 0.1178
 91 S  -0.3744 -0.7078 -0.6044 -0.4044 -0.2944 -0.5178 -0.2356
 92 P  0.2744 -1.0000 -0.3267 0.0611 -0.0111 -1.0000 0.1178
 93 H  0.4267 0.1222 0.1533 -0.3011 0.2167 -0.0344 -0.1178
 94 D  -0.2367 -0.4633 -0.3122 -0.8522 -1.0000 -0.1722 -0.7056
 95 K  -0.0978 0.0733 0.1811 -0.9878 0.8078 0.3100 -0.2944
 96 R  0.1167 0.4144 0.5178 -1.0000 1.0000 0.5867 -0.4122
 97 A  -0.3889 -0.7556 -0.7522 -0.1900 -0.1889 1.0000 -0.5289
 98 I  1.0000 -0.0733 -0.0100 0.7244 -0.2067 0.1722 0.7644
 99 N  -0.2367 -0.3656 -0.2700 -0.7489 -0.0833 -0.4478 -0.5878
 100 V  0.7522 -0.3167 -0.2578 0.3678 -0.2122 -0.0344 1.0000
 101 K  -0.0978 0.0733 0.1811 -0.9878 0.8078 0.3100 -0.2944
 102 V  0.7522 -0.3167 -0.2578 0.3678 -0.2122 -0.0344 1.0000
 103 T  0.4467 -0.4633 -0.3567 -0.2211 -0.3200 -0.4478 0.2356
 104 D  -0.2367 -0.4633 -0.3122 -0.8522 -1.0000 -0.1722 -0.7056
 105 L  0.2367 -0.0733 -0.0100 0.6622 -0.2067 0.7933 -0.0589
 106 G  -1.0000 -1.0000 -1.0000 -0.3800 -0.1989 -1.0000 -1.0000
 107 K  -0.0978 0.0733 0.1811 -0.9878 0.8078 0.3100 -0.2944
 108 K  -0.0978 0.0733 0.1811 -0.9878 0.8078 0.3100 -0.2944
 109 V  0.7522 -0.3167 -0.2578 0.3678 -0.2122 -0.0344 1.0000
 ! !  -1.0000 -1.0000 -1.0000 -1.0000 -1.0000 -1.0000 -1.0000
 111 V  0.7522 -0.3167 -0.2578 0.3678 -0.2122 -0.0344 1.0000
 112 T  0.4467 -0.4633 -0.3567 -0.2211 -0.3200 -0.4478 0.2356
 113 C  -0.1556 -0.3656 -0.3989 0.5644 -0.1267 -0.7244 0.5289
 114 S  -0.3744 -0.7078 -0.6044 -0.4044 -0.2944 -0.5178 -0.2356
 115 R  0.1167 0.4144 0.5178 -1.0000 1.0000 0.5867 -0.4122
 116 T  0.4467 -0.4633 -0.3567 -0.2211 -0.3200 -0.4478 0.2356
 117 G  -1.0000 -1.0000 -1.0000 -0.3800 -0.1989 -1.0000 -1.0000
 118 I  1.0000 -0.0733 -0.0100 0.7244 -0.2067 0.1722 0.7644
 119 N  -0.2367 -0.3656 -0.2700 -0.7489 -0.0833 -0.4478 -0.5878
 120 F  0.4033 0.4144 0.4578 0.7178 -0.3022 0.1722 0.3533
 ! !  -1.0000 -1.0000 -1.0000 -1.0000 -1.0000 -1.0000 -1.0000
 122 A  -0.3889 -0.7556 -0.7522 -0.1900 -0.1889 1.0000 -0.5289
 123 D  -0.2367 -0.4633 -0.3122 -0.8522 -1.0000 -0.1722 -0.7056
 124 V  0.7522 -0.3167 -0.2578 0.3678 -0.2122 -0.0344 1.0000
 125 F  0.4033 0.4144 0.4578 0.7178 -0.3022 0.1722 0.3533
 126 H  0.4267 0.1222 0.1533 -0.3011 0.2167 -0.0344 -0.1178
 127 E  -0.2556 -0.2678 -0.0644 -0.7733 -0.9644 1.0000 -0.6467
 128 F  0.4033 0.4144 0.4578 0.7178 -0.3022 0.1722 0.3533
 129 T  0.4467 -0.4633 -0.3567 -0.2211 -0.3200 -0.4478 0.2356
 130 K  -0.0978 0.0733 0.1811 -0.9878 0.8078 0.3100 -0.2944
 131 D  -0.2367 -0.4633 -0.3122 -0.8522 -1.0000 -0.1722 -0.7056
 132 E  -0.2556 -0.2678 -0.0644 -0.7733 -0.9644 1.0000 -0.6467
 133 L  0.2367 -0.0733 -0.0100 0.6622 -0.2067 0.7933 -0.0589
 134 E  -0.2556 -0.2678 -0.0644 -0.7733 -0.9644 1.0000 -0.6467
 135 T  0.4467 -0.4633 -0.3567 -0.2211 -0.3200 -0.4478 0.2356
 136 L  0.2367 -0.0733 -0.0100 0.6622 -0.2067 0.7933 -0.0589
 137 W  0.5322 1.0000 1.0000 1.0000 -0.2322 0.3100 0.5878
 138 S  -0.3744 -0.7078 -0.6044 -0.4044 -0.2944 -0.5178 -0.2356
 139 L  0.2367 -0.0733 -0.0100 0.6622 -0.2067 0.7933 -0.0589
 140 L  0.2367 -0.0733 -0.0100 0.6622 -0.2067 0.7933 -0.0589
 141 K  -0.0978 0.0733 0.1811 -0.9878 0.8078 0.3100 -0.2944
 142 K  -0.0978 0.0733 0.1811 -0.9878 0.8078 0.3100 -0.2944
 ! !  -1.0000 -1.0000 -1.0000 -1.0000 -1.0000 -1.0000 -1.0000
 144 Y  0.4033 0.4633 0.6011 0.2089 -0.3044 -0.1722 0.5289
 145 R  0.1167 0.4144 0.5178 -1.0000 1.0000 0.5867 -0.4122
 146 F  0.4033 0.4144 0.4578 0.7178 -0.3022 0.1722 0.3533
 147 N  -0.2367 -0.3656 -0.2700 -0.7489 -0.0833 -0.4478 -0.5878
 148 G  -1.0000 -1.0000 -1.0000 -0.3800 -0.1989 -1.0000 -1.0000
 149 E  -0.2556 -0.2678 -0.0644 -0.7733 -0.9644 1.0000 -0.6467
 150 E  -0.2556 -0.2678 -0.0644 -0.7733 -0.9644 1.0000 -0.6467
 151 Q  -0.2556 -0.1222 -0.0222 -0.5156 -0.3067 0.5867 -0.4122
 152 D  -0.2367 -0.4633 -0.3122 -0.8522 -1.0000 -0.1722 -0.7056
 153 G  -1.0000 -1.0000 -1.0000 -0.3800 -0.1989 -1.0000 -1.0000
 154 F  0.4033 0.4144 0.4578 0.7178 -0.3022 0.1722 0.3533
 155 E  -0.2556 -0.2678 -0.0644 -0.7733 -0.9644 1.0000 -0.6467
 156 E  -0.2556 -0.2678 -0.0644 -0.7733 -0.9644 1.0000 -0.6467
 157 D  -0.2367 -0.4633 -0.3122 -0.8522 -1.0000 -0.1722 -0.7056
 158 A  -0.3889 -0.7556 -0.7522 -0.1900 -0.1889 1.0000 -0.5289
 159 N  -0.2367 -0.3656 -0.2700 -0.7489 -0.0833 -0.4478 -0.5878
 ! !  -1.0000 -1.0000 -1.0000 -1.0000 -1.0000 -1.0000 -1.0000
 165 E  -0.2556 -0.2678 -0.0644 -0.7733 -0.9644 1.0000 -0.6467
 166 I  1.0000 -0.0733 -0.0100 0.7244 -0.2067 0.1722 0.7644
 167 D  -0.2367 -0.4633 -0.3122 -0.8522 -1.0000 -0.1722 -0.7056
 168 K  -0.0978 0.0733 0.1811 -0.9878 0.8078 0.3100 -0.2944
 169 I  1.0000 -0.0733 -0.0100 0.7244 -0.2067 0.1722 0.7644
 170 K  -0.0978 0.0733 0.1811 -0.9878 0.8078 0.3100 -0.2944
 171 S  -0.3744 -0.7078 -0.6044 -0.4044 -0.2944 -0.5178 -0.2356
 172 E  -0.2556 -0.2678 -0.0644 -0.7733 -0.9644 1.0000 -0.6467
 173 A  -0.3889 -0.7556 -0.7522 -0.1900 -0.1889 1.0000 -0.5289
 174 L  0.2367 -0.0733 -0.0100 0.6622 -0.2067 0.7933 -0.0589
 175 E  -0.2556 -0.2678 -0.0644 -0.7733 -0.9644 1.0000 -0.6467
 176 E  -0.2556 -0.2678 -0.0644 -0.7733 -0.9644 1.0000 -0.6467
 177 F  0.4033 0.4144 0.4578 0.7178 -0.3022 0.1722 0.3533
 178 A  -0.3889 -0.7556 -0.7522 -0.1900 -0.1889 1.0000 -0.5289
 179 K  -0.0978 0.0733 0.1811 -0.9878 0.8078 0.3100 -0.2944
 180 R  0.1167 0.4144 0.5178 -1.0000 1.0000 0.5867 -0.4122
 181 R  0.1167 0.4144 0.5178 -1.0000 1.0000 0.5867 -0.4122
 182 N  -0.2367 -0.3656 -0.2700 -0.7489 -0.0833 -0.4478 -0.5878
 183 R  0.1167 0.4144 0.5178 -1.0000 1.0000 0.5867 -0.4122
 184 V  0.7522 -0.3167 -0.2578 0.3678 -0.2122 -0.0344 1.0000
 185 N  -0.2367 -0.3656 -0.2700 -0.7489 -0.0833 -0.4478 -0.5878
 186 K  -0.0978 0.0733 0.1811 -0.9878 0.8078 0.3100 -0.2944
 187 N  -0.2367 -0.3656 -0.2700 -0.7489 -0.0833 -0.4478 -0.5878
 188 D  -0.2367 -0.4633 -0.3122 -0.8522 -1.0000 -0.1722 -0.7056
