 1 M  0.1222 0.0733 0.0967 0.3744 -0.2911 0.7244 -0.0011
 2 L  0.2367 -0.0733 -0.0100 0.6622 -0.2067 0.7933 -0.0589
 3 L  0.2367 -0.0733 -0.0100 0.6622 -0.2067 0.7933 -0.0589
 4 A  -0.3889 -0.7556 -0.7522 -0.1900 -0.1889 1.0000 -0.5289
 5 H  0.4267 0.1222 0.1533 -0.3011 0.2167 -0.0344 -0.1178
 6 I  1.0000 -0.0733 -0.0100 0.7244 -0.2067 0.1722 0.7644
 7 S  -0.3744 -0.7078 -0.6044 -0.4044 -0.2944 -0.5178 -0.2356
 8 D  -0.2367 -0.4633 -0.3122 -0.8522 -1.0000 -0.1722 -0.7056
 9 T  0.4467 -0.4633 -0.3567 -0.2211 -0.3200 -0.4478 0.2356
 10 H  0.4267 0.1222 0.1533 -0.3011 0.2167 -0.0344 -0.1178
 11 F  0.4033 0.4144 0.4578 0.7178 -0.3022 0.1722 0.3533
 12 R  0.1167 0.4144 0.5178 -1.0000 1.0000 0.5867 -0.4122
 13 S  -0.3744 -0.7078 -0.6044 -0.4044 -0.2944 -0.5178 -0.2356
 14 R  0.1167 0.4144 0.5178 -1.0000 1.0000 0.5867 -0.4122
 15 G  -1.0000 -1.0000 -1.0000 -0.3800 -0.1989 -1.0000 -1.0000
 16 E  -0.2556 -0.2678 -0.0644 -0.7733 -0.9644 1.0000 -0.6467
 17 K  -0.0978 0.0733 0.1811 -0.9878 0.8078 0.3100 -0.2944
 18 L  0.2367 -0.0733 -0.0100 0.6622 -0.2067 0.7933 -0.0589
 19 Y  0.4033 0.4633 0.6011 0.2089 -0.3044 -0.1722 0.5289
 20 G  -1.0000 -1.0000 -1.0000 -0.3800 -0.1989 -1.0000 -1.0000
 21 F  0.4033 0.4144 0.4578 0.7178 -0.3022 0.1722 0.3533
 22 I  1.0000 -0.0733 -0.0100 0.7244 -0.2067 0.1722 0.7644
 23 D  -0.2367 -0.4633 -0.3122 -0.8522 -1.0000 -0.1722 -0.7056
 24 V  0.7522 -0.3167 -0.2578 0.3678 -0.2122 -0.0344 1.0000
 25 N  -0.2367 -0.3656 -0.2700 -0.7489 -0.0833 -0.4478 -0.5878
 26 A  -0.3889 -0.7556 -0.7522 -0.1900 -0.1889 1.0000 -0.5289
 27 A  -0.3889 -0.7556 -0.7522 -0.1900 -0.1889 1.0000 -0.5289
 28 N  -0.2367 -0.3656 -0.2700 -0.7489 -0.0833 -0.4478 -0.5878
 29 A  -0.3889 -0.7556 -0.7522 -0.1900 -0.1889 1.0000 -0.5289
 30 D  -0.2367 -0.4633 -0.3122 -0.8522 -1.0000 -0.1722 -0.7056
 31 V  0.7522 -0.3167 -0.2578 0.3678 -0.2122 -0.0344 1.0000
 32 V  0.7522 -0.3167 -0.2578 0.3678 -0.2122 -0.0344 1.0000
 33 S  -0.3744 -0.7078 -0.6044 -0.4044 -0.2944 -0.5178 -0.2356
 34 Q  -0.2556 -0.1222 -0.0222 -0.5156 -0.3067 0.5867 -0.4122
 35 L  0.2367 -0.0733 -0.0100 0.6622 -0.2067 0.7933 -0.0589
 36 N  -0.2367 -0.3656 -0.2700 -0.7489 -0.0833 -0.4478 -0.5878
 37 A  -0.3889 -0.7556 -0.7522 -0.1900 -0.1889 1.0000 -0.5289
 38 L  0.2367 -0.0733 -0.0100 0.6622 -0.2067 0.7933 -0.0589
 39 R  0.1167 0.4144 0.5178 -1.0000 1.0000 0.5867 -0.4122
 40 E  -0.2556 -0.2678 -0.0644 -0.7733 -0.9644 1.0000 -0.6467
 41 R  0.1167 0.4144 0.5178 -1.0000 1.0000 0.5867 -0.4122
 42 P  0.2744 -1.0000 -0.3267 0.0611 -0.0111 -1.0000 0.1178
 43 D  -0.2367 -0.4633 -0.3122 -0.8522 -1.0000 -0.1722 -0.7056
 44 A  -0.3889 -0.7556 -0.7522 -0.1900 -0.1889 1.0000 -0.5289
 45 V  0.7522 -0.3167 -0.2578 0.3678 -0.2122 -0.0344 1.0000
 46 V  0.7522 -0.3167 -0.2578 0.3678 -0.2122 -0.0344 1.0000
 47 V  0.7522 -0.3167 -0.2578 0.3678 -0.2122 -0.0344 1.0000
 48 S  -0.3744 -0.7078 -0.6044 -0.4044 -0.2944 -0.5178 -0.2356
 49 G  -1.0000 -1.0000 -1.0000 -0.3800 -0.1989 -1.0000 -1.0000
 50 D  -0.2367 -0.4633 -0.3122 -0.8522 -1.0000 -0.1722 -0.7056
 51 I  1.0000 -0.0733 -0.0100 0.7244 -0.2067 0.1722 0.7644
 52 V  0.7522 -0.3167 -0.2578 0.3678 -0.2122 -0.0344 1.0000
 53 N  -0.2367 -0.3656 -0.2700 -0.7489 -0.0833 -0.4478 -0.5878
 54 C  -0.1556 -0.3656 -0.3989 0.5644 -0.1267 -0.7244 0.5289
 55 G  -1.0000 -1.0000 -1.0000 -0.3800 -0.1989 -1.0000 -1.0000
 56 R  0.1167 0.4144 0.5178 -1.0000 1.0000 0.5867 -0.4122
 57 P  0.2744 -1.0000 -0.3267 0.0611 -0.0111 -1.0000 0.1178
 58 E  -0.2556 -0.2678 -0.0644 -0.7733 -0.9644 1.0000 -0.6467
 59 E  -0.2556 -0.2678 -0.0644 -0.7733 -0.9644 1.0000 -0.6467
 60 Y  0.4033 0.4633 0.6011 0.2089 -0.3044 -0.1722 0.5289
 61 Q  -0.2556 -0.1222 -0.0222 -0.5156 -0.3067 0.5867 -0.4122
 62 V  0.7522 -0.3167 -0.2578 0.3678 -0.2122 -0.0344 1.0000
 63 A  -0.3889 -0.7556 -0.7522 -0.1900 -0.1889 1.0000 -0.5289
 64 R  0.1167 0.4144 0.5178 -1.0000 1.0000 0.5867 -0.4122
 65 Q  -0.2556 -0.1222 -0.0222 -0.5156 -0.3067 0.5867 -0.4122
 66 I  1.0000 -0.0733 -0.0100 0.7244 -0.2067 0.1722 0.7644
 67 L  0.2367 -0.0733 -0.0100 0.6622 -0.2067 0.7933 -0.0589
 68 G  -1.0000 -1.0000 -1.0000 -0.3800 -0.1989 -1.0000 -1.0000
 69 S  -0.3744 -0.7078 -0.6044 -0.4044 -0.2944 -0.5178 -0.2356
 70 L  0.2367 -0.0733 -0.0100 0.6622 -0.2067 0.7933 -0.0589
 71 N  -0.2367 -0.3656 -0.2700 -0.7489 -0.0833 -0.4478 -0.5878
 72 Y  0.4033 0.4633 0.6011 0.2089 -0.3044 -0.1722 0.5289
 73 P  0.2744 -1.0000 -0.3267 0.0611 -0.0111 -1.0000 0.1178
 74 L  0.2367 -0.0733 -0.0100 0.6622 -0.2067 0.7933 -0.0589
 75 Y  0.4033 0.4633 0.6011 0.2089 -0.3044 -0.1722 0.5289
 76 L  0.2367 -0.0733 -0.0100 0.6622 -0.2067 0.7933 -0.0589
 77 I  1.0000 -0.0733 -0.0100 0.7244 -0.2067 0.1722 0.7644
 78 P  0.2744 -1.0000 -0.3267 0.0611 -0.0111 -1.0000 0.1178
 79 G  -1.0000 -1.0000 -1.0000 -0.3800 -0.1989 -1.0000 -1.0000
 80 N  -0.2367 -0.3656 -0.2700 -0.7489 -0.0833 -0.4478 -0.5878
 81 H  0.4267 0.1222 0.1533 -0.3011 0.2167 -0.0344 -0.1178
 82 D  -0.2367 -0.4633 -0.3122 -0.8522 -1.0000 -0.1722 -0.7056
 83 D  -0.2367 -0.4633 -0.3122 -0.8522 -1.0000 -0.1722 -0.7056
 84 K  -0.0978 0.0733 0.1811 -0.9878 0.8078 0.3100 -0.2944
 85 A  -0.3889 -0.7556 -0.7522 -0.1900 -0.1889 1.0000 -0.5289
 86 L  0.2367 -0.0733 -0.0100 0.6622 -0.2067 0.7933 -0.0589
 87 F  0.4033 0.4144 0.4578 0.7178 -0.3022 0.1722 0.3533
 88 L  0.2367 -0.0733 -0.0100 0.6622 -0.2067 0.7933 -0.0589
 89 E  -0.2556 -0.2678 -0.0644 -0.7733 -0.9644 1.0000 -0.6467
 90 Y  0.4033 0.4633 0.6011 0.2089 -0.3044 -0.1722 0.5289
 91 L  0.2367 -0.0733 -0.0100 0.6622 -0.2067 0.7933 -0.0589
 92 Q  -0.2556 -0.1222 -0.0222 -0.5156 -0.3067 0.5867 -0.4122
 93 P  0.2744 -1.0000 -0.3267 0.0611 -0.0111 -1.0000 0.1178
 94 L  0.2367 -0.0733 -0.0100 0.6622 -0.2067 0.7933 -0.0589
 95 C  -0.1556 -0.3656 -0.3989 0.5644 -0.1267 -0.7244 0.5289
 96 P  0.2744 -1.0000 -0.3267 0.0611 -0.0111 -1.0000 0.1178
 97 Q  -0.2556 -0.1222 -0.0222 -0.5156 -0.3067 0.5867 -0.4122
 98 L  0.2367 -0.0733 -0.0100 0.6622 -0.2067 0.7933 -0.0589
 99 G  -1.0000 -1.0000 -1.0000 -0.3800 -0.1989 -1.0000 -1.0000
 100 S  -0.3744 -0.7078 -0.6044 -0.4044 -0.2944 -0.5178 -0.2356
 101 D  -0.2367 -0.4633 -0.3122 -0.8522 -1.0000 -0.1722 -0.7056
 102 A  -0.3889 -0.7556 -0.7522 -0.1900 -0.1889 1.0000 -0.5289
 103 N  -0.2367 -0.3656 -0.2700 -0.7489 -0.0833 -0.4478 -0.5878
 104 N  -0.2367 -0.3656 -0.2700 -0.7489 -0.0833 -0.4478 -0.5878
 105 M  0.1222 0.0733 0.0967 0.3744 -0.2911 0.7244 -0.0011
 106 R  0.1167 0.4144 0.5178 -1.0000 1.0000 0.5867 -0.4122
 107 C  -0.1556 -0.3656 -0.3989 0.5644 -0.1267 -0.7244 0.5289
 108 A  -0.3889 -0.7556 -0.7522 -0.1900 -0.1889 1.0000 -0.5289
 109 V  0.7522 -0.3167 -0.2578 0.3678 -0.2122 -0.0344 1.0000
 110 D  -0.2367 -0.4633 -0.3122 -0.8522 -1.0000 -0.1722 -0.7056
 111 D  -0.2367 -0.4633 -0.3122 -0.8522 -1.0000 -0.1722 -0.7056
 112 F  0.4033 0.4144 0.4578 0.7178 -0.3022 0.1722 0.3533
 113 A  -0.3889 -0.7556 -0.7522 -0.1900 -0.1889 1.0000 -0.5289
 114 T  0.4467 -0.4633 -0.3567 -0.2211 -0.3200 -0.4478 0.2356
 115 R  0.1167 0.4144 0.5178 -1.0000 1.0000 0.5867 -0.4122
 116 L  0.2367 -0.0733 -0.0100 0.6622 -0.2067 0.7933 -0.0589
 117 L  0.2367 -0.0733 -0.0100 0.6622 -0.2067 0.7933 -0.0589
 118 F  0.4033 0.4144 0.4578 0.7178 -0.3022 0.1722 0.3533
 119 I  1.0000 -0.0733 -0.0100 0.7244 -0.2067 0.1722 0.7644
 120 D  -0.2367 -0.4633 -0.3122 -0.8522 -1.0000 -0.1722 -0.7056
 121 S  -0.3744 -0.7078 -0.6044 -0.4044 -0.2944 -0.5178 -0.2356
 122 S  -0.3744 -0.7078 -0.6044 -0.4044 -0.2944 -0.5178 -0.2356
 123 R  0.1167 0.4144 0.5178 -1.0000 1.0000 0.5867 -0.4122
 124 A  -0.3889 -0.7556 -0.7522 -0.1900 -0.1889 1.0000 -0.5289
 125 G  -1.0000 -1.0000 -1.0000 -0.3800 -0.1989 -1.0000 -1.0000
 126 T  0.4467 -0.4633 -0.3567 -0.2211 -0.3200 -0.4478 0.2356
 127 S  -0.3744 -0.7078 -0.6044 -0.4044 -0.2944 -0.5178 -0.2356
 128 K  -0.0978 0.0733 0.1811 -0.9878 0.8078 0.3100 -0.2944
 129 G  -1.0000 -1.0000 -1.0000 -0.3800 -0.1989 -1.0000 -1.0000
 130 W  0.5322 1.0000 1.0000 1.0000 -0.2322 0.3100 0.5878
 131 L  0.2367 -0.0733 -0.0100 0.6622 -0.2067 0.7933 -0.0589
 132 T  0.4467 -0.4633 -0.3567 -0.2211 -0.3200 -0.4478 0.2356
 133 D  -0.2367 -0.4633 -0.3122 -0.8522 -1.0000 -0.1722 -0.7056
 134 E  -0.2556 -0.2678 -0.0644 -0.7733 -0.9644 1.0000 -0.6467
 135 T  0.4467 -0.4633 -0.3567 -0.2211 -0.3200 -0.4478 0.2356
 136 I  1.0000 -0.0733 -0.0100 0.7244 -0.2067 0.1722 0.7644
 137 S  -0.3744 -0.7078 -0.6044 -0.4044 -0.2944 -0.5178 -0.2356
 138 W  0.5322 1.0000 1.0000 1.0000 -0.2322 0.3100 0.5878
 139 L  0.2367 -0.0733 -0.0100 0.6622 -0.2067 0.7933 -0.0589
 140 E  -0.2556 -0.2678 -0.0644 -0.7733 -0.9644 1.0000 -0.6467
 141 A  -0.3889 -0.7556 -0.7522 -0.1900 -0.1889 1.0000 -0.5289
 142 Q  -0.2556 -0.1222 -0.0222 -0.5156 -0.3067 0.5867 -0.4122
 143 L  0.2367 -0.0733 -0.0100 0.6622 -0.2067 0.7933 -0.0589
 144 F  0.4033 0.4144 0.4578 0.7178 -0.3022 0.1722 0.3533
 145 E  -0.2556 -0.2678 -0.0644 -0.7733 -0.9644 1.0000 -0.6467
 146 G  -1.0000 -1.0000 -1.0000 -0.3800 -0.1989 -1.0000 -1.0000
 147 G  -1.0000 -1.0000 -1.0000 -0.3800 -0.1989 -1.0000 -1.0000
 148 D  -0.2367 -0.4633 -0.3122 -0.8522 -1.0000 -0.1722 -0.7056
 149 K  -0.0978 0.0733 0.1811 -0.9878 0.8078 0.3100 -0.2944
 150 P  0.2744 -1.0000 -0.3267 0.0611 -0.0111 -1.0000 0.1178
 151 A  -0.3889 -0.7556 -0.7522 -0.1900 -0.1889 1.0000 -0.5289
 152 T  0.4467 -0.4633 -0.3567 -0.2211 -0.3200 -0.4478 0.2356
 153 I  1.0000 -0.0733 -0.0100 0.7244 -0.2067 0.1722 0.7644
 154 F  0.4033 0.4144 0.4578 0.7178 -0.3022 0.1722 0.3533
 155 M  0.1222 0.0733 0.0967 0.3744 -0.2911 0.7244 -0.0011
 156 H  0.4267 0.1222 0.1533 -0.3011 0.2167 -0.0344 -0.1178
 157 H  0.4267 0.1222 0.1533 -0.3011 0.2167 -0.0344 -0.1178
 158 P  0.2744 -1.0000 -0.3267 0.0611 -0.0111 -1.0000 0.1178
 159 P  0.2744 -1.0000 -0.3267 0.0611 -0.0111 -1.0000 0.1178
 160 L  0.2367 -0.0733 -0.0100 0.6622 -0.2067 0.7933 -0.0589
 161 P  0.2744 -1.0000 -0.3267 0.0611 -0.0111 -1.0000 0.1178
 162 L  0.2367 -0.0733 -0.0100 0.6622 -0.2067 0.7933 -0.0589
 163 G  -1.0000 -1.0000 -1.0000 -0.3800 -0.1989 -1.0000 -1.0000
 164 N  -0.2367 -0.3656 -0.2700 -0.7489 -0.0833 -0.4478 -0.5878
 165 A  -0.3889 -0.7556 -0.7522 -0.1900 -0.1889 1.0000 -0.5289
 166 Q  -0.2556 -0.1222 -0.0222 -0.5156 -0.3067 0.5867 -0.4122
 167 M  0.1222 0.0733 0.0967 0.3744 -0.2911 0.7244 -0.0011
 168 D  -0.2367 -0.4633 -0.3122 -0.8522 -1.0000 -0.1722 -0.7056
 169 P  0.2744 -1.0000 -0.3267 0.0611 -0.0111 -1.0000 0.1178
 170 I  1.0000 -0.0733 -0.0100 0.7244 -0.2067 0.1722 0.7644
 171 A  -0.3889 -0.7556 -0.7522 -0.1900 -0.1889 1.0000 -0.5289
 172 C  -0.1556 -0.3656 -0.3989 0.5644 -0.1267 -0.7244 0.5289
 173 E  -0.2556 -0.2678 -0.0644 -0.7733 -0.9644 1.0000 -0.6467
 174 N  -0.2367 -0.3656 -0.2700 -0.7489 -0.0833 -0.4478 -0.5878
 175 G  -1.0000 -1.0000 -1.0000 -0.3800 -0.1989 -1.0000 -1.0000
 176 H  0.4267 0.1222 0.1533 -0.3011 0.2167 -0.0344 -0.1178
 177 R  0.1167 0.4144 0.5178 -1.0000 1.0000 0.5867 -0.4122
 178 L  0.2367 -0.0733 -0.0100 0.6622 -0.2067 0.7933 -0.0589
 179 L  0.2367 -0.0733 -0.0100 0.6622 -0.2067 0.7933 -0.0589
 180 A  -0.3889 -0.7556 -0.7522 -0.1900 -0.1889 1.0000 -0.5289
 181 L  0.2367 -0.0733 -0.0100 0.6622 -0.2067 0.7933 -0.0589
 182 V  0.7522 -0.3167 -0.2578 0.3678 -0.2122 -0.0344 1.0000
 183 E  -0.2556 -0.2678 -0.0644 -0.7733 -0.9644 1.0000 -0.6467
 184 R  0.1167 0.4144 0.5178 -1.0000 1.0000 0.5867 -0.4122
 185 F  0.4033 0.4144 0.4578 0.7178 -0.3022 0.1722 0.3533
 186 P  0.2744 -1.0000 -0.3267 0.0611 -0.0111 -1.0000 0.1178
 187 S  -0.3744 -0.7078 -0.6044 -0.4044 -0.2944 -0.5178 -0.2356
 188 L  0.2367 -0.0733 -0.0100 0.6622 -0.2067 0.7933 -0.0589
 189 T  0.4467 -0.4633 -0.3567 -0.2211 -0.3200 -0.4478 0.2356
 190 R  0.1167 0.4144 0.5178 -1.0000 1.0000 0.5867 -0.4122
 191 I  1.0000 -0.0733 -0.0100 0.7244 -0.2067 0.1722 0.7644
 192 F  0.4033 0.4144 0.4578 0.7178 -0.3022 0.1722 0.3533
 193 C  -0.1556 -0.3656 -0.3989 0.5644 -0.1267 -0.7244 0.5289
 194 G  -1.0000 -1.0000 -1.0000 -0.3800 -0.1989 -1.0000 -1.0000
 195 H  0.4267 0.1222 0.1533 -0.3011 0.2167 -0.0344 -0.1178
 196 N  -0.2367 -0.3656 -0.2700 -0.7489 -0.0833 -0.4478 -0.5878
 197 H  0.4267 0.1222 0.1533 -0.3011 0.2167 -0.0344 -0.1178
 198 S  -0.3744 -0.7078 -0.6044 -0.4044 -0.2944 -0.5178 -0.2356
 199 L  0.2367 -0.0733 -0.0100 0.6622 -0.2067 0.7933 -0.0589
 200 T  0.4467 -0.4633 -0.3567 -0.2211 -0.3200 -0.4478 0.2356
 201 M  0.1222 0.0733 0.0967 0.3744 -0.2911 0.7244 -0.0011
 202 T  0.4467 -0.4633 -0.3567 -0.2211 -0.3200 -0.4478 0.2356
 203 Q  -0.2556 -0.1222 -0.0222 -0.5156 -0.3067 0.5867 -0.4122
 204 Y  0.4033 0.4633 0.6011 0.2089 -0.3044 -0.1722 0.5289
 205 R  0.1167 0.4144 0.5178 -1.0000 1.0000 0.5867 -0.4122
 206 Q  -0.2556 -0.1222 -0.0222 -0.5156 -0.3067 0.5867 -0.4122
 207 A  -0.3889 -0.7556 -0.7522 -0.1900 -0.1889 1.0000 -0.5289
 208 L  0.2367 -0.0733 -0.0100 0.6622 -0.2067 0.7933 -0.0589
 209 I  1.0000 -0.0733 -0.0100 0.7244 -0.2067 0.1722 0.7644
 210 S  -0.3744 -0.7078 -0.6044 -0.4044 -0.2944 -0.5178 -0.2356
 211 T  0.4467 -0.4633 -0.3567 -0.2211 -0.3200 -0.4478 0.2356
 212 L  0.2367 -0.0733 -0.0100 0.6622 -0.2067 0.7933 -0.0589
 213 P  0.2744 -1.0000 -0.3267 0.0611 -0.0111 -1.0000 0.1178
 214 G  -1.0000 -1.0000 -1.0000 -0.3800 -0.1989 -1.0000 -1.0000
 215 T  0.4467 -0.4633 -0.3567 -0.2211 -0.3200 -0.4478 0.2356
 216 V  0.7522 -0.3167 -0.2578 0.3678 -0.2122 -0.0344 1.0000
 217 H  0.4267 0.1222 0.1533 -0.3011 0.2167 -0.0344 -0.1178
 218 Q  -0.2556 -0.1222 -0.0222 -0.5156 -0.3067 0.5867 -0.4122
 219 V  0.7522 -0.3167 -0.2578 0.3678 -0.2122 -0.0344 1.0000
 220 P  0.2744 -1.0000 -0.3267 0.0611 -0.0111 -1.0000 0.1178
 221 Y  0.4033 0.4633 0.6011 0.2089 -0.3044 -0.1722 0.5289
 222 C  -0.1556 -0.3656 -0.3989 0.5644 -0.1267 -0.7244 0.5289
 223 H  0.4267 0.1222 0.1533 -0.3011 0.2167 -0.0344 -0.1178
 224 A  -0.3889 -0.7556 -0.7522 -0.1900 -0.1889 1.0000 -0.5289
 225 D  -0.2367 -0.4633 -0.3122 -0.8522 -1.0000 -0.1722 -0.7056
 226 T  0.4467 -0.4633 -0.3567 -0.2211 -0.3200 -0.4478 0.2356
 227 D  -0.2367 -0.4633 -0.3122 -0.8522 -1.0000 -0.1722 -0.7056
 228 P  0.2744 -1.0000 -0.3267 0.0611 -0.0111 -1.0000 0.1178
 229 Y  0.4033 0.4633 0.6011 0.2089 -0.3044 -0.1722 0.5289
 230 Y  0.4033 0.4633 0.6011 0.2089 -0.3044 -0.1722 0.5289
 231 D  -0.2367 -0.4633 -0.3122 -0.8522 -1.0000 -0.1722 -0.7056
 232 L  0.2367 -0.0733 -0.0100 0.6622 -0.2067 0.7933 -0.0589
 233 S  -0.3744 -0.7078 -0.6044 -0.4044 -0.2944 -0.5178 -0.2356
 234 P  0.2744 -1.0000 -0.3267 0.0611 -0.0111 -1.0000 0.1178
 235 A  -0.3889 -0.7556 -0.7522 -0.1900 -0.1889 1.0000 -0.5289
 236 S  -0.3744 -0.7078 -0.6044 -0.4044 -0.2944 -0.5178 -0.2356
 237 C  -0.1556 -0.3656 -0.3989 0.5644 -0.1267 -0.7244 0.5289
 238 L  0.2367 -0.0733 -0.0100 0.6622 -0.2067 0.7933 -0.0589
 239 M  0.1222 0.0733 0.0967 0.3744 -0.2911 0.7244 -0.0011
 240 H  0.4267 0.1222 0.1533 -0.3011 0.2167 -0.0344 -0.1178
 241 R  0.1167 0.4144 0.5178 -1.0000 1.0000 0.5867 -0.4122
 242 Q  -0.2556 -0.1222 -0.0222 -0.5156 -0.3067 0.5867 -0.4122
 243 V  0.7522 -0.3167 -0.2578 0.3678 -0.2122 -0.0344 1.0000
 244 G  -1.0000 -1.0000 -1.0000 -0.3800 -0.1989 -1.0000 -1.0000
 245 E  -0.2556 -0.2678 -0.0644 -0.7733 -0.9644 1.0000 -0.6467
 246 Q  -0.2556 -0.1222 -0.0222 -0.5156 -0.3067 0.5867 -0.4122
 247 W  0.5322 1.0000 1.0000 1.0000 -0.2322 0.3100 0.5878
 248 V  0.7522 -0.3167 -0.2578 0.3678 -0.2122 -0.0344 1.0000
 249 S  -0.3744 -0.7078 -0.6044 -0.4044 -0.2944 -0.5178 -0.2356
 250 Y  0.4033 0.4633 0.6011 0.2089 -0.3044 -0.1722 0.5289
 251 Q  -0.2556 -0.1222 -0.0222 -0.5156 -0.3067 0.5867 -0.4122
 252 H  0.4267 0.1222 0.1533 -0.3011 0.2167 -0.0344 -0.1178
 253 S  -0.3744 -0.7078 -0.6044 -0.4044 -0.2944 -0.5178 -0.2356
 254 L  0.2367 -0.0733 -0.0100 0.6622 -0.2067 0.7933 -0.0589
 255 A  -0.3889 -0.7556 -0.7522 -0.1900 -0.1889 1.0000 -0.5289
 256 H  0.4267 0.1222 0.1533 -0.3011 0.2167 -0.0344 -0.1178
 257 Y  0.4033 0.4633 0.6011 0.2089 -0.3044 -0.1722 0.5289
 258 A  -0.3889 -0.7556 -0.7522 -0.1900 -0.1889 1.0000 -0.5289
 259 G  -1.0000 -1.0000 -1.0000 -0.3800 -0.1989 -1.0000 -1.0000
 260 P  0.2744 -1.0000 -0.3267 0.0611 -0.0111 -1.0000 0.1178
 261 W  0.5322 1.0000 1.0000 1.0000 -0.2322 0.3100 0.5878
 262 L  0.2367 -0.0733 -0.0100 0.6622 -0.2067 0.7933 -0.0589
 263 Y  0.4033 0.4633 0.6011 0.2089 -0.3044 -0.1722 0.5289
 264 D  -0.2367 -0.4633 -0.3122 -0.8522 -1.0000 -0.1722 -0.7056
 265 E  -0.2556 -0.2678 -0.0644 -0.7733 -0.9644 1.0000 -0.6467
 266 N  -0.2367 -0.3656 -0.2700 -0.7489 -0.0833 -0.4478 -0.5878
 267 I  1.0000 -0.0733 -0.0100 0.7244 -0.2067 0.1722 0.7644
 268 S  -0.3744 -0.7078 -0.6044 -0.4044 -0.2944 -0.5178 -0.2356
 269 C  -0.1556 -0.3656 -0.3989 0.5644 -0.1267 -0.7244 0.5289
 270 P  0.2744 -1.0000 -0.3267 0.0611 -0.0111 -1.0000 0.1178
 271 T  0.4467 -0.4633 -0.3567 -0.2211 -0.3200 -0.4478 0.2356
 272 E  -0.2556 -0.2678 -0.0644 -0.7733 -0.9644 1.0000 -0.6467
 273 E  -0.2556 -0.2678 -0.0644 -0.7733 -0.9644 1.0000 -0.6467
 274 R  0.1167 0.4144 0.5178 -1.0000 1.0000 0.5867 -0.4122
