 5 Y  0.4033 0.4633 0.6011 0.2089 -0.3044 -0.1722 0.5289
 6 G  -1.0000 -1.0000 -1.0000 -0.3800 -0.1989 -1.0000 -1.0000
 7 I  1.0000 -0.0733 -0.0100 0.7244 -0.2067 0.1722 0.7644
 8 L  0.2367 -0.0733 -0.0100 0.6622 -0.2067 0.7933 -0.0589
 9 F  0.4033 0.4144 0.4578 0.7178 -0.3022 0.1722 0.3533
 10 K  -0.0978 0.0733 0.1811 -0.9878 0.8078 0.3100 -0.2944
 11 Q  -0.2556 -0.1222 -0.0222 -0.5156 -0.3067 0.5867 -0.4122
 12 E  -0.2556 -0.2678 -0.0644 -0.7733 -0.9644 1.0000 -0.6467
 13 Q  -0.2556 -0.1222 -0.0222 -0.5156 -0.3067 0.5867 -0.4122
 14 A  -0.3889 -0.7556 -0.7522 -0.1900 -0.1889 1.0000 -0.5289
 15 H  0.4267 0.1222 0.1533 -0.3011 0.2167 -0.0344 -0.1178
 16 D  -0.2367 -0.4633 -0.3122 -0.8522 -1.0000 -0.1722 -0.7056
 17 D  -0.2367 -0.4633 -0.3122 -0.8522 -1.0000 -0.1722 -0.7056
 18 A  -0.3889 -0.7556 -0.7522 -0.1900 -0.1889 1.0000 -0.5289
 19 I  1.0000 -0.0733 -0.0100 0.7244 -0.2067 0.1722 0.7644
 20 W  0.5322 1.0000 1.0000 1.0000 -0.2322 0.3100 0.5878
 21 S  -0.3744 -0.7078 -0.6044 -0.4044 -0.2944 -0.5178 -0.2356
 22 V  0.7522 -0.3167 -0.2578 0.3678 -0.2122 -0.0344 1.0000
 23 A  -0.3889 -0.7556 -0.7522 -0.1900 -0.1889 1.0000 -0.5289
 24 W  0.5322 1.0000 1.0000 1.0000 -0.2322 0.3100 0.5878
 25 G  -1.0000 -1.0000 -1.0000 -0.3800 -0.1989 -1.0000 -1.0000
 ! !  -1.0000 -1.0000 -1.0000 -1.0000 -1.0000 -1.0000 -1.0000
 33 E  -0.2556 -0.2678 -0.0644 -0.7733 -0.9644 1.0000 -0.6467
 34 T  0.4467 -0.4633 -0.3567 -0.2211 -0.3200 -0.4478 0.2356
 35 V  0.7522 -0.3167 -0.2578 0.3678 -0.2122 -0.0344 1.0000
 36 V  0.7522 -0.3167 -0.2578 0.3678 -0.2122 -0.0344 1.0000
 37 T  0.4467 -0.4633 -0.3567 -0.2211 -0.3200 -0.4478 0.2356
 38 G  -1.0000 -1.0000 -1.0000 -0.3800 -0.1989 -1.0000 -1.0000
 39 S  -0.3744 -0.7078 -0.6044 -0.4044 -0.2944 -0.5178 -0.2356
 40 L  0.2367 -0.0733 -0.0100 0.6622 -0.2067 0.7933 -0.0589
 41 D  -0.2367 -0.4633 -0.3122 -0.8522 -1.0000 -0.1722 -0.7056
 42 D  -0.2367 -0.4633 -0.3122 -0.8522 -1.0000 -0.1722 -0.7056
 43 L  0.2367 -0.0733 -0.0100 0.6622 -0.2067 0.7933 -0.0589
 44 V  0.7522 -0.3167 -0.2578 0.3678 -0.2122 -0.0344 1.0000
 45 K  -0.0978 0.0733 0.1811 -0.9878 0.8078 0.3100 -0.2944
 46 V  0.7522 -0.3167 -0.2578 0.3678 -0.2122 -0.0344 1.0000
 47 W  0.5322 1.0000 1.0000 1.0000 -0.2322 0.3100 0.5878
 48 K  -0.0978 0.0733 0.1811 -0.9878 0.8078 0.3100 -0.2944
 49 W  0.5322 1.0000 1.0000 1.0000 -0.2322 0.3100 0.5878
 50 R  0.1167 0.4144 0.5178 -1.0000 1.0000 0.5867 -0.4122
 51 D  -0.2367 -0.4633 -0.3122 -0.8522 -1.0000 -0.1722 -0.7056
 52 E  -0.2556 -0.2678 -0.0644 -0.7733 -0.9644 1.0000 -0.6467
 53 R  0.1167 0.4144 0.5178 -1.0000 1.0000 0.5867 -0.4122
 54 L  0.2367 -0.0733 -0.0100 0.6622 -0.2067 0.7933 -0.0589
 55 D  -0.2367 -0.4633 -0.3122 -0.8522 -1.0000 -0.1722 -0.7056
 56 L  0.2367 -0.0733 -0.0100 0.6622 -0.2067 0.7933 -0.0589
 57 Q  -0.2556 -0.1222 -0.0222 -0.5156 -0.3067 0.5867 -0.4122
 58 W  0.5322 1.0000 1.0000 1.0000 -0.2322 0.3100 0.5878
 59 S  -0.3744 -0.7078 -0.6044 -0.4044 -0.2944 -0.5178 -0.2356
 60 L  0.2367 -0.0733 -0.0100 0.6622 -0.2067 0.7933 -0.0589
 61 E  -0.2556 -0.2678 -0.0644 -0.7733 -0.9644 1.0000 -0.6467
 62 G  -1.0000 -1.0000 -1.0000 -0.3800 -0.1989 -1.0000 -1.0000
 63 H  0.4267 0.1222 0.1533 -0.3011 0.2167 -0.0344 -0.1178
 64 Q  -0.2556 -0.1222 -0.0222 -0.5156 -0.3067 0.5867 -0.4122
 65 L  0.2367 -0.0733 -0.0100 0.6622 -0.2067 0.7933 -0.0589
 66 G  -1.0000 -1.0000 -1.0000 -0.3800 -0.1989 -1.0000 -1.0000
 67 V  0.7522 -0.3167 -0.2578 0.3678 -0.2122 -0.0344 1.0000
 68 V  0.7522 -0.3167 -0.2578 0.3678 -0.2122 -0.0344 1.0000
 69 S  -0.3744 -0.7078 -0.6044 -0.4044 -0.2944 -0.5178 -0.2356
 70 V  0.7522 -0.3167 -0.2578 0.3678 -0.2122 -0.0344 1.0000
 71 D  -0.2367 -0.4633 -0.3122 -0.8522 -1.0000 -0.1722 -0.7056
 72 I  1.0000 -0.0733 -0.0100 0.7244 -0.2067 0.1722 0.7644
 73 S  -0.3744 -0.7078 -0.6044 -0.4044 -0.2944 -0.5178 -0.2356
 74 H  0.4267 0.1222 0.1533 -0.3011 0.2167 -0.0344 -0.1178
 75 T  0.4467 -0.4633 -0.3567 -0.2211 -0.3200 -0.4478 0.2356
 76 L  0.2367 -0.0733 -0.0100 0.6622 -0.2067 0.7933 -0.0589
 77 P  0.2744 -1.0000 -0.3267 0.0611 -0.0111 -1.0000 0.1178
 78 I  1.0000 -0.0733 -0.0100 0.7244 -0.2067 0.1722 0.7644
 79 A  -0.3889 -0.7556 -0.7522 -0.1900 -0.1889 1.0000 -0.5289
 80 A  -0.3889 -0.7556 -0.7522 -0.1900 -0.1889 1.0000 -0.5289
 81 S  -0.3744 -0.7078 -0.6044 -0.4044 -0.2944 -0.5178 -0.2356
 82 S  -0.3744 -0.7078 -0.6044 -0.4044 -0.2944 -0.5178 -0.2356
 83 S  -0.3744 -0.7078 -0.6044 -0.4044 -0.2944 -0.5178 -0.2356
 84 L  0.2367 -0.0733 -0.0100 0.6622 -0.2067 0.7933 -0.0589
 85 D  -0.2367 -0.4633 -0.3122 -0.8522 -1.0000 -0.1722 -0.7056
 86 A  -0.3889 -0.7556 -0.7522 -0.1900 -0.1889 1.0000 -0.5289
 87 H  0.4267 0.1222 0.1533 -0.3011 0.2167 -0.0344 -0.1178
 88 I  1.0000 -0.0733 -0.0100 0.7244 -0.2067 0.1722 0.7644
 89 R  0.1167 0.4144 0.5178 -1.0000 1.0000 0.5867 -0.4122
 90 L  0.2367 -0.0733 -0.0100 0.6622 -0.2067 0.7933 -0.0589
 91 W  0.5322 1.0000 1.0000 1.0000 -0.2322 0.3100 0.5878
 92 D  -0.2367 -0.4633 -0.3122 -0.8522 -1.0000 -0.1722 -0.7056
 93 L  0.2367 -0.0733 -0.0100 0.6622 -0.2067 0.7933 -0.0589
 94 E  -0.2556 -0.2678 -0.0644 -0.7733 -0.9644 1.0000 -0.6467
 95 N  -0.2367 -0.3656 -0.2700 -0.7489 -0.0833 -0.4478 -0.5878
 96 G  -1.0000 -1.0000 -1.0000 -0.3800 -0.1989 -1.0000 -1.0000
 97 K  -0.0978 0.0733 0.1811 -0.9878 0.8078 0.3100 -0.2944
 98 Q  -0.2556 -0.1222 -0.0222 -0.5156 -0.3067 0.5867 -0.4122
 99 I  1.0000 -0.0733 -0.0100 0.7244 -0.2067 0.1722 0.7644
 100 K  -0.0978 0.0733 0.1811 -0.9878 0.8078 0.3100 -0.2944
 101 S  -0.3744 -0.7078 -0.6044 -0.4044 -0.2944 -0.5178 -0.2356
 102 I  1.0000 -0.0733 -0.0100 0.7244 -0.2067 0.1722 0.7644
 103 D  -0.2367 -0.4633 -0.3122 -0.8522 -1.0000 -0.1722 -0.7056
 104 A  -0.3889 -0.7556 -0.7522 -0.1900 -0.1889 1.0000 -0.5289
 105 G  -1.0000 -1.0000 -1.0000 -0.3800 -0.1989 -1.0000 -1.0000
 106 P  0.2744 -1.0000 -0.3267 0.0611 -0.0111 -1.0000 0.1178
 107 V  0.7522 -0.3167 -0.2578 0.3678 -0.2122 -0.0344 1.0000
 108 D  -0.2367 -0.4633 -0.3122 -0.8522 -1.0000 -0.1722 -0.7056
 109 A  -0.3889 -0.7556 -0.7522 -0.1900 -0.1889 1.0000 -0.5289
 110 W  0.5322 1.0000 1.0000 1.0000 -0.2322 0.3100 0.5878
 111 T  0.4467 -0.4633 -0.3567 -0.2211 -0.3200 -0.4478 0.2356
 112 L  0.2367 -0.0733 -0.0100 0.6622 -0.2067 0.7933 -0.0589
 113 A  -0.3889 -0.7556 -0.7522 -0.1900 -0.1889 1.0000 -0.5289
 114 F  0.4033 0.4144 0.4578 0.7178 -0.3022 0.1722 0.3533
 115 S  -0.3744 -0.7078 -0.6044 -0.4044 -0.2944 -0.5178 -0.2356
 116 P  0.2744 -1.0000 -0.3267 0.0611 -0.0111 -1.0000 0.1178
 117 D  -0.2367 -0.4633 -0.3122 -0.8522 -1.0000 -0.1722 -0.7056
 118 S  -0.3744 -0.7078 -0.6044 -0.4044 -0.2944 -0.5178 -0.2356
 119 Q  -0.2556 -0.1222 -0.0222 -0.5156 -0.3067 0.5867 -0.4122
 120 Y  0.4033 0.4633 0.6011 0.2089 -0.3044 -0.1722 0.5289
 121 L  0.2367 -0.0733 -0.0100 0.6622 -0.2067 0.7933 -0.0589
 122 A  -0.3889 -0.7556 -0.7522 -0.1900 -0.1889 1.0000 -0.5289
 123 T  0.4467 -0.4633 -0.3567 -0.2211 -0.3200 -0.4478 0.2356
 124 G  -1.0000 -1.0000 -1.0000 -0.3800 -0.1989 -1.0000 -1.0000
 125 T  0.4467 -0.4633 -0.3567 -0.2211 -0.3200 -0.4478 0.2356
 126 H  0.4267 0.1222 0.1533 -0.3011 0.2167 -0.0344 -0.1178
 127 V  0.7522 -0.3167 -0.2578 0.3678 -0.2122 -0.0344 1.0000
 128 G  -1.0000 -1.0000 -1.0000 -0.3800 -0.1989 -1.0000 -1.0000
 129 K  -0.0978 0.0733 0.1811 -0.9878 0.8078 0.3100 -0.2944
 130 V  0.7522 -0.3167 -0.2578 0.3678 -0.2122 -0.0344 1.0000
 131 N  -0.2367 -0.3656 -0.2700 -0.7489 -0.0833 -0.4478 -0.5878
 132 I  1.0000 -0.0733 -0.0100 0.7244 -0.2067 0.1722 0.7644
 133 F  0.4033 0.4144 0.4578 0.7178 -0.3022 0.1722 0.3533
 134 G  -1.0000 -1.0000 -1.0000 -0.3800 -0.1989 -1.0000 -1.0000
 135 V  0.7522 -0.3167 -0.2578 0.3678 -0.2122 -0.0344 1.0000
 136 E  -0.2556 -0.2678 -0.0644 -0.7733 -0.9644 1.0000 -0.6467
 137 S  -0.3744 -0.7078 -0.6044 -0.4044 -0.2944 -0.5178 -0.2356
 138 G  -1.0000 -1.0000 -1.0000 -0.3800 -0.1989 -1.0000 -1.0000
 139 K  -0.0978 0.0733 0.1811 -0.9878 0.8078 0.3100 -0.2944
 140 K  -0.0978 0.0733 0.1811 -0.9878 0.8078 0.3100 -0.2944
 141 E  -0.2556 -0.2678 -0.0644 -0.7733 -0.9644 1.0000 -0.6467
 142 Y  0.4033 0.4633 0.6011 0.2089 -0.3044 -0.1722 0.5289
 143 S  -0.3744 -0.7078 -0.6044 -0.4044 -0.2944 -0.5178 -0.2356
 144 L  0.2367 -0.0733 -0.0100 0.6622 -0.2067 0.7933 -0.0589
 145 D  -0.2367 -0.4633 -0.3122 -0.8522 -1.0000 -0.1722 -0.7056
 146 T  0.4467 -0.4633 -0.3567 -0.2211 -0.3200 -0.4478 0.2356
 147 R  0.1167 0.4144 0.5178 -1.0000 1.0000 0.5867 -0.4122
 148 G  -1.0000 -1.0000 -1.0000 -0.3800 -0.1989 -1.0000 -1.0000
 149 K  -0.0978 0.0733 0.1811 -0.9878 0.8078 0.3100 -0.2944
 150 F  0.4033 0.4144 0.4578 0.7178 -0.3022 0.1722 0.3533
 151 I  1.0000 -0.0733 -0.0100 0.7244 -0.2067 0.1722 0.7644
 152 L  0.2367 -0.0733 -0.0100 0.6622 -0.2067 0.7933 -0.0589
 153 S  -0.3744 -0.7078 -0.6044 -0.4044 -0.2944 -0.5178 -0.2356
 154 I  1.0000 -0.0733 -0.0100 0.7244 -0.2067 0.1722 0.7644
 155 A  -0.3889 -0.7556 -0.7522 -0.1900 -0.1889 1.0000 -0.5289
 156 Y  0.4033 0.4633 0.6011 0.2089 -0.3044 -0.1722 0.5289
 157 S  -0.3744 -0.7078 -0.6044 -0.4044 -0.2944 -0.5178 -0.2356
 158 P  0.2744 -1.0000 -0.3267 0.0611 -0.0111 -1.0000 0.1178
 159 D  -0.2367 -0.4633 -0.3122 -0.8522 -1.0000 -0.1722 -0.7056
 160 G  -1.0000 -1.0000 -1.0000 -0.3800 -0.1989 -1.0000 -1.0000
 161 K  -0.0978 0.0733 0.1811 -0.9878 0.8078 0.3100 -0.2944
 162 Y  0.4033 0.4633 0.6011 0.2089 -0.3044 -0.1722 0.5289
 163 L  0.2367 -0.0733 -0.0100 0.6622 -0.2067 0.7933 -0.0589
 164 A  -0.3889 -0.7556 -0.7522 -0.1900 -0.1889 1.0000 -0.5289
 165 S  -0.3744 -0.7078 -0.6044 -0.4044 -0.2944 -0.5178 -0.2356
 166 G  -1.0000 -1.0000 -1.0000 -0.3800 -0.1989 -1.0000 -1.0000
 167 A  -0.3889 -0.7556 -0.7522 -0.1900 -0.1889 1.0000 -0.5289
 168 I  1.0000 -0.0733 -0.0100 0.7244 -0.2067 0.1722 0.7644
 169 D  -0.2367 -0.4633 -0.3122 -0.8522 -1.0000 -0.1722 -0.7056
 170 G  -1.0000 -1.0000 -1.0000 -0.3800 -0.1989 -1.0000 -1.0000
 171 I  1.0000 -0.0733 -0.0100 0.7244 -0.2067 0.1722 0.7644
 172 I  1.0000 -0.0733 -0.0100 0.7244 -0.2067 0.1722 0.7644
 173 N  -0.2367 -0.3656 -0.2700 -0.7489 -0.0833 -0.4478 -0.5878
 174 I  1.0000 -0.0733 -0.0100 0.7244 -0.2067 0.1722 0.7644
 175 F  0.4033 0.4144 0.4578 0.7178 -0.3022 0.1722 0.3533
 176 D  -0.2367 -0.4633 -0.3122 -0.8522 -1.0000 -0.1722 -0.7056
 177 I  1.0000 -0.0733 -0.0100 0.7244 -0.2067 0.1722 0.7644
 178 A  -0.3889 -0.7556 -0.7522 -0.1900 -0.1889 1.0000 -0.5289
 179 T  0.4467 -0.4633 -0.3567 -0.2211 -0.3200 -0.4478 0.2356
 180 G  -1.0000 -1.0000 -1.0000 -0.3800 -0.1989 -1.0000 -1.0000
 181 K  -0.0978 0.0733 0.1811 -0.9878 0.8078 0.3100 -0.2944
 182 L  0.2367 -0.0733 -0.0100 0.6622 -0.2067 0.7933 -0.0589
 183 L  0.2367 -0.0733 -0.0100 0.6622 -0.2067 0.7933 -0.0589
 184 H  0.4267 0.1222 0.1533 -0.3011 0.2167 -0.0344 -0.1178
 185 T  0.4467 -0.4633 -0.3567 -0.2211 -0.3200 -0.4478 0.2356
 186 L  0.2367 -0.0733 -0.0100 0.6622 -0.2067 0.7933 -0.0589
 187 E  -0.2556 -0.2678 -0.0644 -0.7733 -0.9644 1.0000 -0.6467
 188 G  -1.0000 -1.0000 -1.0000 -0.3800 -0.1989 -1.0000 -1.0000
 189 H  0.4267 0.1222 0.1533 -0.3011 0.2167 -0.0344 -0.1178
 190 A  -0.3889 -0.7556 -0.7522 -0.1900 -0.1889 1.0000 -0.5289
 191 M  0.1222 0.0733 0.0967 0.3744 -0.2911 0.7244 -0.0011
 192 P  0.2744 -1.0000 -0.3267 0.0611 -0.0111 -1.0000 0.1178
 193 I  1.0000 -0.0733 -0.0100 0.7244 -0.2067 0.1722 0.7644
 194 R  0.1167 0.4144 0.5178 -1.0000 1.0000 0.5867 -0.4122
 195 S  -0.3744 -0.7078 -0.6044 -0.4044 -0.2944 -0.5178 -0.2356
 196 L  0.2367 -0.0733 -0.0100 0.6622 -0.2067 0.7933 -0.0589
 197 T  0.4467 -0.4633 -0.3567 -0.2211 -0.3200 -0.4478 0.2356
 198 F  0.4033 0.4144 0.4578 0.7178 -0.3022 0.1722 0.3533
 199 S  -0.3744 -0.7078 -0.6044 -0.4044 -0.2944 -0.5178 -0.2356
 200 P  0.2744 -1.0000 -0.3267 0.0611 -0.0111 -1.0000 0.1178
 201 D  -0.2367 -0.4633 -0.3122 -0.8522 -1.0000 -0.1722 -0.7056
 202 S  -0.3744 -0.7078 -0.6044 -0.4044 -0.2944 -0.5178 -0.2356
 203 Q  -0.2556 -0.1222 -0.0222 -0.5156 -0.3067 0.5867 -0.4122
 204 L  0.2367 -0.0733 -0.0100 0.6622 -0.2067 0.7933 -0.0589
 205 L  0.2367 -0.0733 -0.0100 0.6622 -0.2067 0.7933 -0.0589
 206 V  0.7522 -0.3167 -0.2578 0.3678 -0.2122 -0.0344 1.0000
 207 T  0.4467 -0.4633 -0.3567 -0.2211 -0.3200 -0.4478 0.2356
 208 A  -0.3889 -0.7556 -0.7522 -0.1900 -0.1889 1.0000 -0.5289
 209 S  -0.3744 -0.7078 -0.6044 -0.4044 -0.2944 -0.5178 -0.2356
 210 D  -0.2367 -0.4633 -0.3122 -0.8522 -1.0000 -0.1722 -0.7056
 211 D  -0.2367 -0.4633 -0.3122 -0.8522 -1.0000 -0.1722 -0.7056
 212 G  -1.0000 -1.0000 -1.0000 -0.3800 -0.1989 -1.0000 -1.0000
 213 Y  0.4033 0.4633 0.6011 0.2089 -0.3044 -0.1722 0.5289
 214 I  1.0000 -0.0733 -0.0100 0.7244 -0.2067 0.1722 0.7644
 215 K  -0.0978 0.0733 0.1811 -0.9878 0.8078 0.3100 -0.2944
 216 I  1.0000 -0.0733 -0.0100 0.7244 -0.2067 0.1722 0.7644
 217 Y  0.4033 0.4633 0.6011 0.2089 -0.3044 -0.1722 0.5289
 218 D  -0.2367 -0.4633 -0.3122 -0.8522 -1.0000 -0.1722 -0.7056
 219 V  0.7522 -0.3167 -0.2578 0.3678 -0.2122 -0.0344 1.0000
 220 Q  -0.2556 -0.1222 -0.0222 -0.5156 -0.3067 0.5867 -0.4122
 221 H  0.4267 0.1222 0.1533 -0.3011 0.2167 -0.0344 -0.1178
 222 A  -0.3889 -0.7556 -0.7522 -0.1900 -0.1889 1.0000 -0.5289
 223 N  -0.2367 -0.3656 -0.2700 -0.7489 -0.0833 -0.4478 -0.5878
 224 L  0.2367 -0.0733 -0.0100 0.6622 -0.2067 0.7933 -0.0589
 225 A  -0.3889 -0.7556 -0.7522 -0.1900 -0.1889 1.0000 -0.5289
 226 G  -1.0000 -1.0000 -1.0000 -0.3800 -0.1989 -1.0000 -1.0000
 227 T  0.4467 -0.4633 -0.3567 -0.2211 -0.3200 -0.4478 0.2356
 228 L  0.2367 -0.0733 -0.0100 0.6622 -0.2067 0.7933 -0.0589
 229 S  -0.3744 -0.7078 -0.6044 -0.4044 -0.2944 -0.5178 -0.2356
 230 G  -1.0000 -1.0000 -1.0000 -0.3800 -0.1989 -1.0000 -1.0000
 231 H  0.4267 0.1222 0.1533 -0.3011 0.2167 -0.0344 -0.1178
 232 A  -0.3889 -0.7556 -0.7522 -0.1900 -0.1889 1.0000 -0.5289
 233 S  -0.3744 -0.7078 -0.6044 -0.4044 -0.2944 -0.5178 -0.2356
 234 W  0.5322 1.0000 1.0000 1.0000 -0.2322 0.3100 0.5878
 235 V  0.7522 -0.3167 -0.2578 0.3678 -0.2122 -0.0344 1.0000
 236 L  0.2367 -0.0733 -0.0100 0.6622 -0.2067 0.7933 -0.0589
 237 N  -0.2367 -0.3656 -0.2700 -0.7489 -0.0833 -0.4478 -0.5878
 238 V  0.7522 -0.3167 -0.2578 0.3678 -0.2122 -0.0344 1.0000
 239 A  -0.3889 -0.7556 -0.7522 -0.1900 -0.1889 1.0000 -0.5289
 240 F  0.4033 0.4144 0.4578 0.7178 -0.3022 0.1722 0.3533
 241 C  -0.1556 -0.3656 -0.3989 0.5644 -0.1267 -0.7244 0.5289
 242 P  0.2744 -1.0000 -0.3267 0.0611 -0.0111 -1.0000 0.1178
 243 D  -0.2367 -0.4633 -0.3122 -0.8522 -1.0000 -0.1722 -0.7056
 244 D  -0.2367 -0.4633 -0.3122 -0.8522 -1.0000 -0.1722 -0.7056
 245 T  0.4467 -0.4633 -0.3567 -0.2211 -0.3200 -0.4478 0.2356
 246 H  0.4267 0.1222 0.1533 -0.3011 0.2167 -0.0344 -0.1178
 247 F  0.4033 0.4144 0.4578 0.7178 -0.3022 0.1722 0.3533
 248 V  0.7522 -0.3167 -0.2578 0.3678 -0.2122 -0.0344 1.0000
 249 S  -0.3744 -0.7078 -0.6044 -0.4044 -0.2944 -0.5178 -0.2356
 250 S  -0.3744 -0.7078 -0.6044 -0.4044 -0.2944 -0.5178 -0.2356
 251 S  -0.3744 -0.7078 -0.6044 -0.4044 -0.2944 -0.5178 -0.2356
 252 S  -0.3744 -0.7078 -0.6044 -0.4044 -0.2944 -0.5178 -0.2356
 253 D  -0.2367 -0.4633 -0.3122 -0.8522 -1.0000 -0.1722 -0.7056
 254 K  -0.0978 0.0733 0.1811 -0.9878 0.8078 0.3100 -0.2944
 255 S  -0.3744 -0.7078 -0.6044 -0.4044 -0.2944 -0.5178 -0.2356
 256 V  0.7522 -0.3167 -0.2578 0.3678 -0.2122 -0.0344 1.0000
 257 K  -0.0978 0.0733 0.1811 -0.9878 0.8078 0.3100 -0.2944
 258 V  0.7522 -0.3167 -0.2578 0.3678 -0.2122 -0.0344 1.0000
 259 W  0.5322 1.0000 1.0000 1.0000 -0.2322 0.3100 0.5878
 260 D  -0.2367 -0.4633 -0.3122 -0.8522 -1.0000 -0.1722 -0.7056
 261 V  0.7522 -0.3167 -0.2578 0.3678 -0.2122 -0.0344 1.0000
 262 G  -1.0000 -1.0000 -1.0000 -0.3800 -0.1989 -1.0000 -1.0000
 263 T  0.4467 -0.4633 -0.3567 -0.2211 -0.3200 -0.4478 0.2356
 264 R  0.1167 0.4144 0.5178 -1.0000 1.0000 0.5867 -0.4122
 265 T  0.4467 -0.4633 -0.3567 -0.2211 -0.3200 -0.4478 0.2356
 266 C  -0.1556 -0.3656 -0.3989 0.5644 -0.1267 -0.7244 0.5289
 267 V  0.7522 -0.3167 -0.2578 0.3678 -0.2122 -0.0344 1.0000
 268 H  0.4267 0.1222 0.1533 -0.3011 0.2167 -0.0344 -0.1178
 269 T  0.4467 -0.4633 -0.3567 -0.2211 -0.3200 -0.4478 0.2356
 270 F  0.4033 0.4144 0.4578 0.7178 -0.3022 0.1722 0.3533
 271 F  0.4033 0.4144 0.4578 0.7178 -0.3022 0.1722 0.3533
 272 D  -0.2367 -0.4633 -0.3122 -0.8522 -1.0000 -0.1722 -0.7056
 273 H  0.4267 0.1222 0.1533 -0.3011 0.2167 -0.0344 -0.1178
 274 Q  -0.2556 -0.1222 -0.0222 -0.5156 -0.3067 0.5867 -0.4122
 275 D  -0.2367 -0.4633 -0.3122 -0.8522 -1.0000 -0.1722 -0.7056
 276 Q  -0.2556 -0.1222 -0.0222 -0.5156 -0.3067 0.5867 -0.4122
 277 V  0.7522 -0.3167 -0.2578 0.3678 -0.2122 -0.0344 1.0000
 278 W  0.5322 1.0000 1.0000 1.0000 -0.2322 0.3100 0.5878
 279 G  -1.0000 -1.0000 -1.0000 -0.3800 -0.1989 -1.0000 -1.0000
 280 V  0.7522 -0.3167 -0.2578 0.3678 -0.2122 -0.0344 1.0000
 281 K  -0.0978 0.0733 0.1811 -0.9878 0.8078 0.3100 -0.2944
 282 Y  0.4033 0.4633 0.6011 0.2089 -0.3044 -0.1722 0.5289
 283 N  -0.2367 -0.3656 -0.2700 -0.7489 -0.0833 -0.4478 -0.5878
 284 G  -1.0000 -1.0000 -1.0000 -0.3800 -0.1989 -1.0000 -1.0000
 285 N  -0.2367 -0.3656 -0.2700 -0.7489 -0.0833 -0.4478 -0.5878
 286 G  -1.0000 -1.0000 -1.0000 -0.3800 -0.1989 -1.0000 -1.0000
 287 S  -0.3744 -0.7078 -0.6044 -0.4044 -0.2944 -0.5178 -0.2356
 288 K  -0.0978 0.0733 0.1811 -0.9878 0.8078 0.3100 -0.2944
 289 I  1.0000 -0.0733 -0.0100 0.7244 -0.2067 0.1722 0.7644
 290 V  0.7522 -0.3167 -0.2578 0.3678 -0.2122 -0.0344 1.0000
 291 S  -0.3744 -0.7078 -0.6044 -0.4044 -0.2944 -0.5178 -0.2356
 292 V  0.7522 -0.3167 -0.2578 0.3678 -0.2122 -0.0344 1.0000
 293 G  -1.0000 -1.0000 -1.0000 -0.3800 -0.1989 -1.0000 -1.0000
 294 D  -0.2367 -0.4633 -0.3122 -0.8522 -1.0000 -0.1722 -0.7056
 295 D  -0.2367 -0.4633 -0.3122 -0.8522 -1.0000 -0.1722 -0.7056
 296 Q  -0.2556 -0.1222 -0.0222 -0.5156 -0.3067 0.5867 -0.4122
 297 E  -0.2556 -0.2678 -0.0644 -0.7733 -0.9644 1.0000 -0.6467
 298 I  1.0000 -0.0733 -0.0100 0.7244 -0.2067 0.1722 0.7644
 299 H  0.4267 0.1222 0.1533 -0.3011 0.2167 -0.0344 -0.1178
 300 I  1.0000 -0.0733 -0.0100 0.7244 -0.2067 0.1722 0.7644
 301 Y  0.4033 0.4633 0.6011 0.2089 -0.3044 -0.1722 0.5289
 302 D  -0.2367 -0.4633 -0.3122 -0.8522 -1.0000 -0.1722 -0.7056
 303 C  -0.1556 -0.3656 -0.3989 0.5644 -0.1267 -0.7244 0.5289
 304 P  0.2744 -1.0000 -0.3267 0.0611 -0.0111 -1.0000 0.1178
