 24 E  -0.2556 -0.2678 -0.0644 -0.7733 -0.9644 1.0000 -0.6467
 25 L  0.2367 -0.0733 -0.0100 0.6622 -0.2067 0.7933 -0.0589
 26 A  -0.3889 -0.7556 -0.7522 -0.1900 -0.1889 1.0000 -0.5289
 27 G  -1.0000 -1.0000 -1.0000 -0.3800 -0.1989 -1.0000 -1.0000
 28 W  0.5322 1.0000 1.0000 1.0000 -0.2322 0.3100 0.5878
 29 K  -0.0978 0.0733 0.1811 -0.9878 0.8078 0.3100 -0.2944
 30 D  -0.2367 -0.4633 -0.3122 -0.8522 -1.0000 -0.1722 -0.7056
 31 N  -0.2367 -0.3656 -0.2700 -0.7489 -0.0833 -0.4478 -0.5878
 32 T  0.4467 -0.4633 -0.3567 -0.2211 -0.3200 -0.4478 0.2356
 33 P  0.2744 -1.0000 -0.3267 0.0611 -0.0111 -1.0000 0.1178
 34 Q  -0.2556 -0.1222 -0.0222 -0.5156 -0.3067 0.5867 -0.4122
 35 S  -0.3744 -0.7078 -0.6044 -0.4044 -0.2944 -0.5178 -0.2356
 36 L  0.2367 -0.0733 -0.0100 0.6622 -0.2067 0.7933 -0.0589
 37 Q  -0.2556 -0.1222 -0.0222 -0.5156 -0.3067 0.5867 -0.4122
 38 S  -0.3744 -0.7078 -0.6044 -0.4044 -0.2944 -0.5178 -0.2356
 39 L  0.2367 -0.0733 -0.0100 0.6622 -0.2067 0.7933 -0.0589
 40 K  -0.0978 0.0733 0.1811 -0.9878 0.8078 0.3100 -0.2944
 41 A  -0.3889 -0.7556 -0.7522 -0.1900 -0.1889 1.0000 -0.5289
 42 P  0.2744 -1.0000 -0.3267 0.0611 -0.0111 -1.0000 0.1178
 43 V  0.7522 -0.3167 -0.2578 0.3678 -0.2122 -0.0344 1.0000
 44 R  0.1167 0.4144 0.5178 -1.0000 1.0000 0.5867 -0.4122
 45 I  1.0000 -0.0733 -0.0100 0.7244 -0.2067 0.1722 0.7644
 46 V  0.7522 -0.3167 -0.2578 0.3678 -0.2122 -0.0344 1.0000
 47 N  -0.2367 -0.3656 -0.2700 -0.7489 -0.0833 -0.4478 -0.5878
 48 L  0.2367 -0.0733 -0.0100 0.6622 -0.2067 0.7933 -0.0589
 49 W  0.5322 1.0000 1.0000 1.0000 -0.2322 0.3100 0.5878
 50 A  -0.3889 -0.7556 -0.7522 -0.1900 -0.1889 1.0000 -0.5289
 51 T  0.4467 -0.4633 -0.3567 -0.2211 -0.3200 -0.4478 0.2356
 52 W  0.5322 1.0000 1.0000 1.0000 -0.2322 0.3100 0.5878
 53 C  -0.1556 -0.3656 -0.3989 0.5644 -0.1267 -0.7244 0.5289
 54 G  -1.0000 -1.0000 -1.0000 -0.3800 -0.1989 -1.0000 -1.0000
 55 P  0.2744 -1.0000 -0.3267 0.0611 -0.0111 -1.0000 0.1178
 56 C  -0.1556 -0.3656 -0.3989 0.5644 -0.1267 -0.7244 0.5289
 57 R  0.1167 0.4144 0.5178 -1.0000 1.0000 0.5867 -0.4122
 58 K  -0.0978 0.0733 0.1811 -0.9878 0.8078 0.3100 -0.2944
 59 E  -0.2556 -0.2678 -0.0644 -0.7733 -0.9644 1.0000 -0.6467
 ! !  -1.0000 -1.0000 -1.0000 -1.0000 -1.0000 -1.0000 -1.0000
 61 P  0.2744 -1.0000 -0.3267 0.0611 -0.0111 -1.0000 0.1178
 62 A  -0.3889 -0.7556 -0.7522 -0.1900 -0.1889 1.0000 -0.5289
 ! !  -1.0000 -1.0000 -1.0000 -1.0000 -1.0000 -1.0000 -1.0000
 64 S  -0.3744 -0.7078 -0.6044 -0.4044 -0.2944 -0.5178 -0.2356
 65 K  -0.0978 0.0733 0.1811 -0.9878 0.8078 0.3100 -0.2944
 66 W  0.5322 1.0000 1.0000 1.0000 -0.2322 0.3100 0.5878
 67 Y  0.4033 0.4633 0.6011 0.2089 -0.3044 -0.1722 0.5289
 68 K  -0.0978 0.0733 0.1811 -0.9878 0.8078 0.3100 -0.2944
 69 A  -0.3889 -0.7556 -0.7522 -0.1900 -0.1889 1.0000 -0.5289
 70 Q  -0.2556 -0.1222 -0.0222 -0.5156 -0.3067 0.5867 -0.4122
 71 K  -0.0978 0.0733 0.1811 -0.9878 0.8078 0.3100 -0.2944
 72 K  -0.0978 0.0733 0.1811 -0.9878 0.8078 0.3100 -0.2944
 73 G  -1.0000 -1.0000 -1.0000 -0.3800 -0.1989 -1.0000 -1.0000
 74 S  -0.3744 -0.7078 -0.6044 -0.4044 -0.2944 -0.5178 -0.2356
 75 V  0.7522 -0.3167 -0.2578 0.3678 -0.2122 -0.0344 1.0000
 76 D  -0.2367 -0.4633 -0.3122 -0.8522 -1.0000 -0.1722 -0.7056
 ! !  -1.0000 -1.0000 -1.0000 -1.0000 -1.0000 -1.0000 -1.0000
 78 V  0.7522 -0.3167 -0.2578 0.3678 -0.2122 -0.0344 1.0000
 79 G  -1.0000 -1.0000 -1.0000 -0.3800 -0.1989 -1.0000 -1.0000
 80 I  1.0000 -0.0733 -0.0100 0.7244 -0.2067 0.1722 0.7644
 81 A  -0.3889 -0.7556 -0.7522 -0.1900 -0.1889 1.0000 -0.5289
 82 L  0.2367 -0.0733 -0.0100 0.6622 -0.2067 0.7933 -0.0589
 83 D  -0.2367 -0.4633 -0.3122 -0.8522 -1.0000 -0.1722 -0.7056
 84 T  0.4467 -0.4633 -0.3567 -0.2211 -0.3200 -0.4478 0.2356
 85 S  -0.3744 -0.7078 -0.6044 -0.4044 -0.2944 -0.5178 -0.2356
 86 D  -0.2367 -0.4633 -0.3122 -0.8522 -1.0000 -0.1722 -0.7056
 87 N  -0.2367 -0.3656 -0.2700 -0.7489 -0.0833 -0.4478 -0.5878
 88 I  1.0000 -0.0733 -0.0100 0.7244 -0.2067 0.1722 0.7644
 89 G  -1.0000 -1.0000 -1.0000 -0.3800 -0.1989 -1.0000 -1.0000
 90 N  -0.2367 -0.3656 -0.2700 -0.7489 -0.0833 -0.4478 -0.5878
 91 F  0.4033 0.4144 0.4578 0.7178 -0.3022 0.1722 0.3533
 92 L  0.2367 -0.0733 -0.0100 0.6622 -0.2067 0.7933 -0.0589
 93 K  -0.0978 0.0733 0.1811 -0.9878 0.8078 0.3100 -0.2944
 94 Q  -0.2556 -0.1222 -0.0222 -0.5156 -0.3067 0.5867 -0.4122
 95 T  0.4467 -0.4633 -0.3567 -0.2211 -0.3200 -0.4478 0.2356
 96 P  0.2744 -1.0000 -0.3267 0.0611 -0.0111 -1.0000 0.1178
 97 V  0.7522 -0.3167 -0.2578 0.3678 -0.2122 -0.0344 1.0000
 98 S  -0.3744 -0.7078 -0.6044 -0.4044 -0.2944 -0.5178 -0.2356
 99 Y  0.4033 0.4633 0.6011 0.2089 -0.3044 -0.1722 0.5289
 100 P  0.2744 -1.0000 -0.3267 0.0611 -0.0111 -1.0000 0.1178
 101 I  1.0000 -0.0733 -0.0100 0.7244 -0.2067 0.1722 0.7644
 102 W  0.5322 1.0000 1.0000 1.0000 -0.2322 0.3100 0.5878
 103 R  0.1167 0.4144 0.5178 -1.0000 1.0000 0.5867 -0.4122
 104 Y  0.4033 0.4633 0.6011 0.2089 -0.3044 -0.1722 0.5289
 105 T  0.4467 -0.4633 -0.3567 -0.2211 -0.3200 -0.4478 0.2356
 106 G  -1.0000 -1.0000 -1.0000 -0.3800 -0.1989 -1.0000 -1.0000
 107 A  -0.3889 -0.7556 -0.7522 -0.1900 -0.1889 1.0000 -0.5289
 108 N  -0.2367 -0.3656 -0.2700 -0.7489 -0.0833 -0.4478 -0.5878
 109 S  -0.3744 -0.7078 -0.6044 -0.4044 -0.2944 -0.5178 -0.2356
 110 R  0.1167 0.4144 0.5178 -1.0000 1.0000 0.5867 -0.4122
 111 N  -0.2367 -0.3656 -0.2700 -0.7489 -0.0833 -0.4478 -0.5878
 112 F  0.4033 0.4144 0.4578 0.7178 -0.3022 0.1722 0.3533
 ! !  -1.0000 -1.0000 -1.0000 -1.0000 -1.0000 -1.0000 -1.0000
 114 K  -0.0978 0.0733 0.1811 -0.9878 0.8078 0.3100 -0.2944
 115 T  0.4467 -0.4633 -0.3567 -0.2211 -0.3200 -0.4478 0.2356
 116 Y  0.4033 0.4633 0.6011 0.2089 -0.3044 -0.1722 0.5289
 117 G  -1.0000 -1.0000 -1.0000 -0.3800 -0.1989 -1.0000 -1.0000
 118 N  -0.2367 -0.3656 -0.2700 -0.7489 -0.0833 -0.4478 -0.5878
 119 T  0.4467 -0.4633 -0.3567 -0.2211 -0.3200 -0.4478 0.2356
 120 V  0.7522 -0.3167 -0.2578 0.3678 -0.2122 -0.0344 1.0000
 121 G  -1.0000 -1.0000 -1.0000 -0.3800 -0.1989 -1.0000 -1.0000
 122 V  0.7522 -0.3167 -0.2578 0.3678 -0.2122 -0.0344 1.0000
 123 L  0.2367 -0.0733 -0.0100 0.6622 -0.2067 0.7933 -0.0589
 124 P  0.2744 -1.0000 -0.3267 0.0611 -0.0111 -1.0000 0.1178
 125 F  0.4033 0.4144 0.4578 0.7178 -0.3022 0.1722 0.3533
 126 T  0.4467 -0.4633 -0.3567 -0.2211 -0.3200 -0.4478 0.2356
 127 V  0.7522 -0.3167 -0.2578 0.3678 -0.2122 -0.0344 1.0000
 128 V  0.7522 -0.3167 -0.2578 0.3678 -0.2122 -0.0344 1.0000
 129 E  -0.2556 -0.2678 -0.0644 -0.7733 -0.9644 1.0000 -0.6467
 130 A  -0.3889 -0.7556 -0.7522 -0.1900 -0.1889 1.0000 -0.5289
 131 P  0.2744 -1.0000 -0.3267 0.0611 -0.0111 -1.0000 0.1178
 132 K  -0.0978 0.0733 0.1811 -0.9878 0.8078 0.3100 -0.2944
 133 C  -0.1556 -0.3656 -0.3989 0.5644 -0.1267 -0.7244 0.5289
 134 G  -1.0000 -1.0000 -1.0000 -0.3800 -0.1989 -1.0000 -1.0000
 135 Y  0.4033 0.4633 0.6011 0.2089 -0.3044 -0.1722 0.5289
 136 R  0.1167 0.4144 0.5178 -1.0000 1.0000 0.5867 -0.4122
 137 Q  -0.2556 -0.1222 -0.0222 -0.5156 -0.3067 0.5867 -0.4122
 138 T  0.4467 -0.4633 -0.3567 -0.2211 -0.3200 -0.4478 0.2356
 139 I  1.0000 -0.0733 -0.0100 0.7244 -0.2067 0.1722 0.7644
 140 T  0.4467 -0.4633 -0.3567 -0.2211 -0.3200 -0.4478 0.2356
 141 G  -1.0000 -1.0000 -1.0000 -0.3800 -0.1989 -1.0000 -1.0000
 142 E  -0.2556 -0.2678 -0.0644 -0.7733 -0.9644 1.0000 -0.6467
 143 V  0.7522 -0.3167 -0.2578 0.3678 -0.2122 -0.0344 1.0000
 144 N  -0.2367 -0.3656 -0.2700 -0.7489 -0.0833 -0.4478 -0.5878
 145 E  -0.2556 -0.2678 -0.0644 -0.7733 -0.9644 1.0000 -0.6467
 146 K  -0.0978 0.0733 0.1811 -0.9878 0.8078 0.3100 -0.2944
 147 S  -0.3744 -0.7078 -0.6044 -0.4044 -0.2944 -0.5178 -0.2356
 148 L  0.2367 -0.0733 -0.0100 0.6622 -0.2067 0.7933 -0.0589
 149 T  0.4467 -0.4633 -0.3567 -0.2211 -0.3200 -0.4478 0.2356
 150 D  -0.2367 -0.4633 -0.3122 -0.8522 -1.0000 -0.1722 -0.7056
 151 A  -0.3889 -0.7556 -0.7522 -0.1900 -0.1889 1.0000 -0.5289
 152 V  0.7522 -0.3167 -0.2578 0.3678 -0.2122 -0.0344 1.0000
 153 K  -0.0978 0.0733 0.1811 -0.9878 0.8078 0.3100 -0.2944
 154 L  0.2367 -0.0733 -0.0100 0.6622 -0.2067 0.7933 -0.0589
 155 A  -0.3889 -0.7556 -0.7522 -0.1900 -0.1889 1.0000 -0.5289
 156 H  0.4267 0.1222 0.1533 -0.3011 0.2167 -0.0344 -0.1178
 157 S  -0.3744 -0.7078 -0.6044 -0.4044 -0.2944 -0.5178 -0.2356
 158 K  -0.0978 0.0733 0.1811 -0.9878 0.8078 0.3100 -0.2944
