 5 K  -0.0978 0.0733 0.1811 -0.9878 0.8078 0.3100 -0.2944
 6 Q  -0.2556 -0.1222 -0.0222 -0.5156 -0.3067 0.5867 -0.4122
 7 P  0.2744 -1.0000 -0.3267 0.0611 -0.0111 -1.0000 0.1178
 8 F  0.4033 0.4144 0.4578 0.7178 -0.3022 0.1722 0.3533
 9 E  -0.2556 -0.2678 -0.0644 -0.7733 -0.9644 1.0000 -0.6467
 10 R  0.1167 0.4144 0.5178 -1.0000 1.0000 0.5867 -0.4122
 11 I  1.0000 -0.0733 -0.0100 0.7244 -0.2067 0.1722 0.7644
 12 L  0.2367 -0.0733 -0.0100 0.6622 -0.2067 0.7933 -0.0589
 13 R  0.1167 0.4144 0.5178 -1.0000 1.0000 0.5867 -0.4122
 14 E  -0.2556 -0.2678 -0.0644 -0.7733 -0.9644 1.0000 -0.6467
 15 I  1.0000 -0.0733 -0.0100 0.7244 -0.2067 0.1722 0.7644
 16 C  -0.1556 -0.3656 -0.3989 0.5644 -0.1267 -0.7244 0.5289
 17 F  0.4033 0.4144 0.4578 0.7178 -0.3022 0.1722 0.3533
 18 M  0.1222 0.0733 0.0967 0.3744 -0.2911 0.7244 -0.0011
 19 V  0.7522 -0.3167 -0.2578 0.3678 -0.2122 -0.0344 1.0000
 20 K  -0.0978 0.0733 0.1811 -0.9878 0.8078 0.3100 -0.2944
 21 V  0.7522 -0.3167 -0.2578 0.3678 -0.2122 -0.0344 1.0000
 22 E  -0.2556 -0.2678 -0.0644 -0.7733 -0.9644 1.0000 -0.6467
 23 G  -1.0000 -1.0000 -1.0000 -0.3800 -0.1989 -1.0000 -1.0000
 24 R  0.1167 0.4144 0.5178 -1.0000 1.0000 0.5867 -0.4122
 25 K  -0.0978 0.0733 0.1811 -0.9878 0.8078 0.3100 -0.2944
 26 V  0.7522 -0.3167 -0.2578 0.3678 -0.2122 -0.0344 1.0000
 27 L  0.2367 -0.0733 -0.0100 0.6622 -0.2067 0.7933 -0.0589
 28 R  0.1167 0.4144 0.5178 -1.0000 1.0000 0.5867 -0.4122
 29 D  -0.2367 -0.4633 -0.3122 -0.8522 -1.0000 -0.1722 -0.7056
 30 F  0.4033 0.4144 0.4578 0.7178 -0.3022 0.1722 0.3533
 31 G  -1.0000 -1.0000 -1.0000 -0.3800 -0.1989 -1.0000 -1.0000
 32 I  1.0000 -0.0733 -0.0100 0.7244 -0.2067 0.1722 0.7644
 33 T  0.4467 -0.4633 -0.3567 -0.2211 -0.3200 -0.4478 0.2356
 34 P  0.2744 -1.0000 -0.3267 0.0611 -0.0111 -1.0000 0.1178
 35 A  -0.3889 -0.7556 -0.7522 -0.1900 -0.1889 1.0000 -0.5289
 36 Q  -0.2556 -0.1222 -0.0222 -0.5156 -0.3067 0.5867 -0.4122
 37 F  0.4033 0.4144 0.4578 0.7178 -0.3022 0.1722 0.3533
 38 D  -0.2367 -0.4633 -0.3122 -0.8522 -1.0000 -0.1722 -0.7056
 39 I  1.0000 -0.0733 -0.0100 0.7244 -0.2067 0.1722 0.7644
 40 L  0.2367 -0.0733 -0.0100 0.6622 -0.2067 0.7933 -0.0589
 41 Q  -0.2556 -0.1222 -0.0222 -0.5156 -0.3067 0.5867 -0.4122
 42 K  -0.0978 0.0733 0.1811 -0.9878 0.8078 0.3100 -0.2944
 43 I  1.0000 -0.0733 -0.0100 0.7244 -0.2067 0.1722 0.7644
 44 Y  0.4033 0.4633 0.6011 0.2089 -0.3044 -0.1722 0.5289
 45 F  0.4033 0.4144 0.4578 0.7178 -0.3022 0.1722 0.3533
 46 E  -0.2556 -0.2678 -0.0644 -0.7733 -0.9644 1.0000 -0.6467
 47 G  -1.0000 -1.0000 -1.0000 -0.3800 -0.1989 -1.0000 -1.0000
 48 P  0.2744 -1.0000 -0.3267 0.0611 -0.0111 -1.0000 0.1178
 49 K  -0.0978 0.0733 0.1811 -0.9878 0.8078 0.3100 -0.2944
 50 R  0.1167 0.4144 0.5178 -1.0000 1.0000 0.5867 -0.4122
 51 P  0.2744 -1.0000 -0.3267 0.0611 -0.0111 -1.0000 0.1178
 52 G  -1.0000 -1.0000 -1.0000 -0.3800 -0.1989 -1.0000 -1.0000
 53 E  -0.2556 -0.2678 -0.0644 -0.7733 -0.9644 1.0000 -0.6467
 54 L  0.2367 -0.0733 -0.0100 0.6622 -0.2067 0.7933 -0.0589
 55 S  -0.3744 -0.7078 -0.6044 -0.4044 -0.2944 -0.5178 -0.2356
 56 V  0.7522 -0.3167 -0.2578 0.3678 -0.2122 -0.0344 1.0000
 57 L  0.2367 -0.0733 -0.0100 0.6622 -0.2067 0.7933 -0.0589
 58 L  0.2367 -0.0733 -0.0100 0.6622 -0.2067 0.7933 -0.0589
 59 G  -1.0000 -1.0000 -1.0000 -0.3800 -0.1989 -1.0000 -1.0000
 60 V  0.7522 -0.3167 -0.2578 0.3678 -0.2122 -0.0344 1.0000
 61 A  -0.3889 -0.7556 -0.7522 -0.1900 -0.1889 1.0000 -0.5289
 62 K  -0.0978 0.0733 0.1811 -0.9878 0.8078 0.3100 -0.2944
 63 S  -0.3744 -0.7078 -0.6044 -0.4044 -0.2944 -0.5178 -0.2356
 64 T  0.4467 -0.4633 -0.3567 -0.2211 -0.3200 -0.4478 0.2356
 65 V  0.7522 -0.3167 -0.2578 0.3678 -0.2122 -0.0344 1.0000
 66 T  0.4467 -0.4633 -0.3567 -0.2211 -0.3200 -0.4478 0.2356
 67 G  -1.0000 -1.0000 -1.0000 -0.3800 -0.1989 -1.0000 -1.0000
 68 L  0.2367 -0.0733 -0.0100 0.6622 -0.2067 0.7933 -0.0589
 69 V  0.7522 -0.3167 -0.2578 0.3678 -0.2122 -0.0344 1.0000
 70 K  -0.0978 0.0733 0.1811 -0.9878 0.8078 0.3100 -0.2944
 71 R  0.1167 0.4144 0.5178 -1.0000 1.0000 0.5867 -0.4122
 72 L  0.2367 -0.0733 -0.0100 0.6622 -0.2067 0.7933 -0.0589
 73 E  -0.2556 -0.2678 -0.0644 -0.7733 -0.9644 1.0000 -0.6467
 74 A  -0.3889 -0.7556 -0.7522 -0.1900 -0.1889 1.0000 -0.5289
 75 D  -0.2367 -0.4633 -0.3122 -0.8522 -1.0000 -0.1722 -0.7056
 76 G  -1.0000 -1.0000 -1.0000 -0.3800 -0.1989 -1.0000 -1.0000
 77 Y  0.4033 0.4633 0.6011 0.2089 -0.3044 -0.1722 0.5289
 78 L  0.2367 -0.0733 -0.0100 0.6622 -0.2067 0.7933 -0.0589
 79 T  0.4467 -0.4633 -0.3567 -0.2211 -0.3200 -0.4478 0.2356
 80 R  0.1167 0.4144 0.5178 -1.0000 1.0000 0.5867 -0.4122
 81 T  0.4467 -0.4633 -0.3567 -0.2211 -0.3200 -0.4478 0.2356
 82 P  0.2744 -1.0000 -0.3267 0.0611 -0.0111 -1.0000 0.1178
 83 D  -0.2367 -0.4633 -0.3122 -0.8522 -1.0000 -0.1722 -0.7056
 84 P  0.2744 -1.0000 -0.3267 0.0611 -0.0111 -1.0000 0.1178
 85 A  -0.3889 -0.7556 -0.7522 -0.1900 -0.1889 1.0000 -0.5289
 86 D  -0.2367 -0.4633 -0.3122 -0.8522 -1.0000 -0.1722 -0.7056
 87 R  0.1167 0.4144 0.5178 -1.0000 1.0000 0.5867 -0.4122
 88 R  0.1167 0.4144 0.5178 -1.0000 1.0000 0.5867 -0.4122
 89 A  -0.3889 -0.7556 -0.7522 -0.1900 -0.1889 1.0000 -0.5289
 90 Y  0.4033 0.4633 0.6011 0.2089 -0.3044 -0.1722 0.5289
 91 F  0.4033 0.4144 0.4578 0.7178 -0.3022 0.1722 0.3533
 92 L  0.2367 -0.0733 -0.0100 0.6622 -0.2067 0.7933 -0.0589
 93 V  0.7522 -0.3167 -0.2578 0.3678 -0.2122 -0.0344 1.0000
 94 I  1.0000 -0.0733 -0.0100 0.7244 -0.2067 0.1722 0.7644
 95 T  0.4467 -0.4633 -0.3567 -0.2211 -0.3200 -0.4478 0.2356
 96 R  0.1167 0.4144 0.5178 -1.0000 1.0000 0.5867 -0.4122
 97 K  -0.0978 0.0733 0.1811 -0.9878 0.8078 0.3100 -0.2944
 98 G  -1.0000 -1.0000 -1.0000 -0.3800 -0.1989 -1.0000 -1.0000
 99 E  -0.2556 -0.2678 -0.0644 -0.7733 -0.9644 1.0000 -0.6467
 100 E  -0.2556 -0.2678 -0.0644 -0.7733 -0.9644 1.0000 -0.6467
 101 V  0.7522 -0.3167 -0.2578 0.3678 -0.2122 -0.0344 1.0000
 102 I  1.0000 -0.0733 -0.0100 0.7244 -0.2067 0.1722 0.7644
 103 E  -0.2556 -0.2678 -0.0644 -0.7733 -0.9644 1.0000 -0.6467
 104 K  -0.0978 0.0733 0.1811 -0.9878 0.8078 0.3100 -0.2944
 105 V  0.7522 -0.3167 -0.2578 0.3678 -0.2122 -0.0344 1.0000
 106 I  1.0000 -0.0733 -0.0100 0.7244 -0.2067 0.1722 0.7644
 107 E  -0.2556 -0.2678 -0.0644 -0.7733 -0.9644 1.0000 -0.6467
 108 R  0.1167 0.4144 0.5178 -1.0000 1.0000 0.5867 -0.4122
 109 R  0.1167 0.4144 0.5178 -1.0000 1.0000 0.5867 -0.4122
 110 E  -0.2556 -0.2678 -0.0644 -0.7733 -0.9644 1.0000 -0.6467
 111 N  -0.2367 -0.3656 -0.2700 -0.7489 -0.0833 -0.4478 -0.5878
 112 F  0.4033 0.4144 0.4578 0.7178 -0.3022 0.1722 0.3533
 113 I  1.0000 -0.0733 -0.0100 0.7244 -0.2067 0.1722 0.7644
 114 E  -0.2556 -0.2678 -0.0644 -0.7733 -0.9644 1.0000 -0.6467
 115 K  -0.0978 0.0733 0.1811 -0.9878 0.8078 0.3100 -0.2944
 116 I  1.0000 -0.0733 -0.0100 0.7244 -0.2067 0.1722 0.7644
 117 T  0.4467 -0.4633 -0.3567 -0.2211 -0.3200 -0.4478 0.2356
 118 S  -0.3744 -0.7078 -0.6044 -0.4044 -0.2944 -0.5178 -0.2356
 119 D  -0.2367 -0.4633 -0.3122 -0.8522 -1.0000 -0.1722 -0.7056
 120 L  0.2367 -0.0733 -0.0100 0.6622 -0.2067 0.7933 -0.0589
 121 G  -1.0000 -1.0000 -1.0000 -0.3800 -0.1989 -1.0000 -1.0000
 122 K  -0.0978 0.0733 0.1811 -0.9878 0.8078 0.3100 -0.2944
 123 E  -0.2556 -0.2678 -0.0644 -0.7733 -0.9644 1.0000 -0.6467
 124 K  -0.0978 0.0733 0.1811 -0.9878 0.8078 0.3100 -0.2944
 125 S  -0.3744 -0.7078 -0.6044 -0.4044 -0.2944 -0.5178 -0.2356
 126 S  -0.3744 -0.7078 -0.6044 -0.4044 -0.2944 -0.5178 -0.2356
 127 K  -0.0978 0.0733 0.1811 -0.9878 0.8078 0.3100 -0.2944
 128 I  1.0000 -0.0733 -0.0100 0.7244 -0.2067 0.1722 0.7644
 129 L  0.2367 -0.0733 -0.0100 0.6622 -0.2067 0.7933 -0.0589
 130 D  -0.2367 -0.4633 -0.3122 -0.8522 -1.0000 -0.1722 -0.7056
 131 Y  0.4033 0.4633 0.6011 0.2089 -0.3044 -0.1722 0.5289
 132 L  0.2367 -0.0733 -0.0100 0.6622 -0.2067 0.7933 -0.0589
 133 K  -0.0978 0.0733 0.1811 -0.9878 0.8078 0.3100 -0.2944
 134 E  -0.2556 -0.2678 -0.0644 -0.7733 -0.9644 1.0000 -0.6467
 135 L  0.2367 -0.0733 -0.0100 0.6622 -0.2067 0.7933 -0.0589
 136 K  -0.0978 0.0733 0.1811 -0.9878 0.8078 0.3100 -0.2944
 137 G  -1.0000 -1.0000 -1.0000 -0.3800 -0.1989 -1.0000 -1.0000
 138 V  0.7522 -0.3167 -0.2578 0.3678 -0.2122 -0.0344 1.0000
 139 M  0.1222 0.0733 0.0967 0.3744 -0.2911 0.7244 -0.0011
 140 E  -0.2556 -0.2678 -0.0644 -0.7733 -0.9644 1.0000 -0.6467
 141 R  0.1167 0.4144 0.5178 -1.0000 1.0000 0.5867 -0.4122
 142 N  -0.2367 -0.3656 -0.2700 -0.7489 -0.0833 -0.4478 -0.5878
 143 F  0.4033 0.4144 0.4578 0.7178 -0.3022 0.1722 0.3533
 144 S  -0.3744 -0.7078 -0.6044 -0.4044 -0.2944 -0.5178 -0.2356
 145 K  -0.0978 0.0733 0.1811 -0.9878 0.8078 0.3100 -0.2944
 146 Q  -0.2556 -0.1222 -0.0222 -0.5156 -0.3067 0.5867 -0.4122
