 1 M  0.1222 0.0733 0.0967 0.3744 -0.2911 0.7244 -0.0011
 2 K  -0.0978 0.0733 0.1811 -0.9878 0.8078 0.3100 -0.2944
 3 K  -0.0978 0.0733 0.1811 -0.9878 0.8078 0.3100 -0.2944
 4 S  -0.3744 -0.7078 -0.6044 -0.4044 -0.2944 -0.5178 -0.2356
 5 L  0.2367 -0.0733 -0.0100 0.6622 -0.2067 0.7933 -0.0589
 6 G  -1.0000 -1.0000 -1.0000 -0.3800 -0.1989 -1.0000 -1.0000
 7 A  -0.3889 -0.7556 -0.7522 -0.1900 -0.1889 1.0000 -0.5289
 8 R  0.1167 0.4144 0.5178 -1.0000 1.0000 0.5867 -0.4122
 9 T  0.4467 -0.4633 -0.3567 -0.2211 -0.3200 -0.4478 0.2356
 10 L  0.2367 -0.0733 -0.0100 0.6622 -0.2067 0.7933 -0.0589
 11 A  -0.3889 -0.7556 -0.7522 -0.1900 -0.1889 1.0000 -0.5289
 12 Y  0.4033 0.4633 0.6011 0.2089 -0.3044 -0.1722 0.5289
 13 P  0.2744 -1.0000 -0.3267 0.0611 -0.0111 -1.0000 0.1178
 14 T  0.4467 -0.4633 -0.3567 -0.2211 -0.3200 -0.4478 0.2356
 15 P  0.2744 -1.0000 -0.3267 0.0611 -0.0111 -1.0000 0.1178
 16 L  0.2367 -0.0733 -0.0100 0.6622 -0.2067 0.7933 -0.0589
 17 F  0.4033 0.4144 0.4578 0.7178 -0.3022 0.1722 0.3533
 18 L  0.2367 -0.0733 -0.0100 0.6622 -0.2067 0.7933 -0.0589
 19 V  0.7522 -0.3167 -0.2578 0.3678 -0.2122 -0.0344 1.0000
 20 G  -1.0000 -1.0000 -1.0000 -0.3800 -0.1989 -1.0000 -1.0000
 21 T  0.4467 -0.4633 -0.3567 -0.2211 -0.3200 -0.4478 0.2356
 22 Y  0.4033 0.4633 0.6011 0.2089 -0.3044 -0.1722 0.5289
 23 D  -0.2367 -0.4633 -0.3122 -0.8522 -1.0000 -0.1722 -0.7056
 24 R  0.1167 0.4144 0.5178 -1.0000 1.0000 0.5867 -0.4122
 25 D  -0.2367 -0.4633 -0.3122 -0.8522 -1.0000 -0.1722 -0.7056
 26 S  -0.3744 -0.7078 -0.6044 -0.4044 -0.2944 -0.5178 -0.2356
 27 R  0.1167 0.4144 0.5178 -1.0000 1.0000 0.5867 -0.4122
 28 P  0.2744 -1.0000 -0.3267 0.0611 -0.0111 -1.0000 0.1178
 29 N  -0.2367 -0.3656 -0.2700 -0.7489 -0.0833 -0.4478 -0.5878
 30 I  1.0000 -0.0733 -0.0100 0.7244 -0.2067 0.1722 0.7644
 31 M  0.1222 0.0733 0.0967 0.3744 -0.2911 0.7244 -0.0011
 32 A  -0.3889 -0.7556 -0.7522 -0.1900 -0.1889 1.0000 -0.5289
 33 A  -0.3889 -0.7556 -0.7522 -0.1900 -0.1889 1.0000 -0.5289
 34 A  -0.3889 -0.7556 -0.7522 -0.1900 -0.1889 1.0000 -0.5289
 35 W  0.5322 1.0000 1.0000 1.0000 -0.2322 0.3100 0.5878
 36 A  -0.3889 -0.7556 -0.7522 -0.1900 -0.1889 1.0000 -0.5289
 37 G  -1.0000 -1.0000 -1.0000 -0.3800 -0.1989 -1.0000 -1.0000
 38 I  1.0000 -0.0733 -0.0100 0.7244 -0.2067 0.1722 0.7644
 39 C  -0.1556 -0.3656 -0.3989 0.5644 -0.1267 -0.7244 0.5289
 40 C  -0.1556 -0.3656 -0.3989 0.5644 -0.1267 -0.7244 0.5289
 41 S  -0.3744 -0.7078 -0.6044 -0.4044 -0.2944 -0.5178 -0.2356
 42 Q  -0.2556 -0.1222 -0.0222 -0.5156 -0.3067 0.5867 -0.4122
 43 P  0.2744 -1.0000 -0.3267 0.0611 -0.0111 -1.0000 0.1178
 44 P  0.2744 -1.0000 -0.3267 0.0611 -0.0111 -1.0000 0.1178
 45 S  -0.3744 -0.7078 -0.6044 -0.4044 -0.2944 -0.5178 -0.2356
 46 I  1.0000 -0.0733 -0.0100 0.7244 -0.2067 0.1722 0.7644
 47 A  -0.3889 -0.7556 -0.7522 -0.1900 -0.1889 1.0000 -0.5289
 48 V  0.7522 -0.3167 -0.2578 0.3678 -0.2122 -0.0344 1.0000
 49 S  -0.3744 -0.7078 -0.6044 -0.4044 -0.2944 -0.5178 -0.2356
 50 L  0.2367 -0.0733 -0.0100 0.6622 -0.2067 0.7933 -0.0589
 51 R  0.1167 0.4144 0.5178 -1.0000 1.0000 0.5867 -0.4122
 52 K  -0.0978 0.0733 0.1811 -0.9878 0.8078 0.3100 -0.2944
 53 A  -0.3889 -0.7556 -0.7522 -0.1900 -0.1889 1.0000 -0.5289
 54 T  0.4467 -0.4633 -0.3567 -0.2211 -0.3200 -0.4478 0.2356
 55 Y  0.4033 0.4633 0.6011 0.2089 -0.3044 -0.1722 0.5289
 56 T  0.4467 -0.4633 -0.3567 -0.2211 -0.3200 -0.4478 0.2356
 57 Y  0.4033 0.4633 0.6011 0.2089 -0.3044 -0.1722 0.5289
 58 R  0.1167 0.4144 0.5178 -1.0000 1.0000 0.5867 -0.4122
 59 S  -0.3744 -0.7078 -0.6044 -0.4044 -0.2944 -0.5178 -0.2356
 60 I  1.0000 -0.0733 -0.0100 0.7244 -0.2067 0.1722 0.7644
 61 T  0.4467 -0.4633 -0.3567 -0.2211 -0.3200 -0.4478 0.2356
 62 E  -0.2556 -0.2678 -0.0644 -0.7733 -0.9644 1.0000 -0.6467
 63 R  0.1167 0.4144 0.5178 -1.0000 1.0000 0.5867 -0.4122
 64 G  -1.0000 -1.0000 -1.0000 -0.3800 -0.1989 -1.0000 -1.0000
 65 A  -0.3889 -0.7556 -0.7522 -0.1900 -0.1889 1.0000 -0.5289
 66 F  0.4033 0.4144 0.4578 0.7178 -0.3022 0.1722 0.3533
 67 T  0.4467 -0.4633 -0.3567 -0.2211 -0.3200 -0.4478 0.2356
 68 I  1.0000 -0.0733 -0.0100 0.7244 -0.2067 0.1722 0.7644
 69 S  -0.3744 -0.7078 -0.6044 -0.4044 -0.2944 -0.5178 -0.2356
 70 I  1.0000 -0.0733 -0.0100 0.7244 -0.2067 0.1722 0.7644
 71 P  0.2744 -1.0000 -0.3267 0.0611 -0.0111 -1.0000 0.1178
 72 S  -0.3744 -0.7078 -0.6044 -0.4044 -0.2944 -0.5178 -0.2356
 73 R  0.1167 0.4144 0.5178 -1.0000 1.0000 0.5867 -0.4122
 74 A  -0.3889 -0.7556 -0.7522 -0.1900 -0.1889 1.0000 -0.5289
 75 Y  0.4033 0.4633 0.6011 0.2089 -0.3044 -0.1722 0.5289
 76 V  0.7522 -0.3167 -0.2578 0.3678 -0.2122 -0.0344 1.0000
 77 R  0.1167 0.4144 0.5178 -1.0000 1.0000 0.5867 -0.4122
 78 H  0.4267 0.1222 0.1533 -0.3011 0.2167 -0.0344 -0.1178
 79 A  -0.3889 -0.7556 -0.7522 -0.1900 -0.1889 1.0000 -0.5289
 80 D  -0.2367 -0.4633 -0.3122 -0.8522 -1.0000 -0.1722 -0.7056
 81 Y  0.4033 0.4633 0.6011 0.2089 -0.3044 -0.1722 0.5289
 82 A  -0.3889 -0.7556 -0.7522 -0.1900 -0.1889 1.0000 -0.5289
 83 G  -1.0000 -1.0000 -1.0000 -0.3800 -0.1989 -1.0000 -1.0000
 84 I  1.0000 -0.0733 -0.0100 0.7244 -0.2067 0.1722 0.7644
 85 Y  0.4033 0.4633 0.6011 0.2089 -0.3044 -0.1722 0.5289
 86 S  -0.3744 -0.7078 -0.6044 -0.4044 -0.2944 -0.5178 -0.2356
 87 G  -1.0000 -1.0000 -1.0000 -0.3800 -0.1989 -1.0000 -1.0000
 88 E  -0.2556 -0.2678 -0.0644 -0.7733 -0.9644 1.0000 -0.6467
 89 N  -0.2367 -0.3656 -0.2700 -0.7489 -0.0833 -0.4478 -0.5878
 90 E  -0.2556 -0.2678 -0.0644 -0.7733 -0.9644 1.0000 -0.6467
 91 D  -0.2367 -0.4633 -0.3122 -0.8522 -1.0000 -0.1722 -0.7056
 92 K  -0.0978 0.0733 0.1811 -0.9878 0.8078 0.3100 -0.2944
 93 F  0.4033 0.4144 0.4578 0.7178 -0.3022 0.1722 0.3533
 94 A  -0.3889 -0.7556 -0.7522 -0.1900 -0.1889 1.0000 -0.5289
 95 S  -0.3744 -0.7078 -0.6044 -0.4044 -0.2944 -0.5178 -0.2356
 96 L  0.2367 -0.0733 -0.0100 0.6622 -0.2067 0.7933 -0.0589
 97 G  -1.0000 -1.0000 -1.0000 -0.3800 -0.1989 -1.0000 -1.0000
 98 L  0.2367 -0.0733 -0.0100 0.6622 -0.2067 0.7933 -0.0589
 99 T  0.4467 -0.4633 -0.3567 -0.2211 -0.3200 -0.4478 0.2356
 100 P  0.2744 -1.0000 -0.3267 0.0611 -0.0111 -1.0000 0.1178
 101 V  0.7522 -0.3167 -0.2578 0.3678 -0.2122 -0.0344 1.0000
 102 P  0.2744 -1.0000 -0.3267 0.0611 -0.0111 -1.0000 0.1178
 103 G  -1.0000 -1.0000 -1.0000 -0.3800 -0.1989 -1.0000 -1.0000
 104 E  -0.2556 -0.2678 -0.0644 -0.7733 -0.9644 1.0000 -0.6467
 105 H  0.4267 0.1222 0.1533 -0.3011 0.2167 -0.0344 -0.1178
 106 V  0.7522 -0.3167 -0.2578 0.3678 -0.2122 -0.0344 1.0000
 107 D  -0.2367 -0.4633 -0.3122 -0.8522 -1.0000 -0.1722 -0.7056
 108 A  -0.3889 -0.7556 -0.7522 -0.1900 -0.1889 1.0000 -0.5289
 109 P  0.2744 -1.0000 -0.3267 0.0611 -0.0111 -1.0000 0.1178
 110 Y  0.4033 0.4633 0.6011 0.2089 -0.3044 -0.1722 0.5289
 111 V  0.7522 -0.3167 -0.2578 0.3678 -0.2122 -0.0344 1.0000
 112 G  -1.0000 -1.0000 -1.0000 -0.3800 -0.1989 -1.0000 -1.0000
 113 E  -0.2556 -0.2678 -0.0644 -0.7733 -0.9644 1.0000 -0.6467
 114 F  0.4033 0.4144 0.4578 0.7178 -0.3022 0.1722 0.3533
 115 P  0.2744 -1.0000 -0.3267 0.0611 -0.0111 -1.0000 0.1178
 116 M  0.1222 0.0733 0.0967 0.3744 -0.2911 0.7244 -0.0011
 117 A  -0.3889 -0.7556 -0.7522 -0.1900 -0.1889 1.0000 -0.5289
 118 I  1.0000 -0.0733 -0.0100 0.7244 -0.2067 0.1722 0.7644
 119 E  -0.2556 -0.2678 -0.0644 -0.7733 -0.9644 1.0000 -0.6467
 120 L  0.2367 -0.0733 -0.0100 0.6622 -0.2067 0.7933 -0.0589
 121 K  -0.0978 0.0733 0.1811 -0.9878 0.8078 0.3100 -0.2944
 122 L  0.2367 -0.0733 -0.0100 0.6622 -0.2067 0.7933 -0.0589
 123 I  1.0000 -0.0733 -0.0100 0.7244 -0.2067 0.1722 0.7644
 124 H  0.4267 0.1222 0.1533 -0.3011 0.2167 -0.0344 -0.1178
 125 Q  -0.2556 -0.1222 -0.0222 -0.5156 -0.3067 0.5867 -0.4122
 126 I  1.0000 -0.0733 -0.0100 0.7244 -0.2067 0.1722 0.7644
 127 E  -0.2556 -0.2678 -0.0644 -0.7733 -0.9644 1.0000 -0.6467
 ! !  -1.0000 -1.0000 -1.0000 -1.0000 -1.0000 -1.0000 -1.0000
 131 H  0.4267 0.1222 0.1533 -0.3011 0.2167 -0.0344 -0.1178
 132 T  0.4467 -0.4633 -0.3567 -0.2211 -0.3200 -0.4478 0.2356
 133 Q  -0.2556 -0.1222 -0.0222 -0.5156 -0.3067 0.5867 -0.4122
 134 F  0.4033 0.4144 0.4578 0.7178 -0.3022 0.1722 0.3533
 135 I  1.0000 -0.0733 -0.0100 0.7244 -0.2067 0.1722 0.7644
 136 G  -1.0000 -1.0000 -1.0000 -0.3800 -0.1989 -1.0000 -1.0000
 137 E  -0.2556 -0.2678 -0.0644 -0.7733 -0.9644 1.0000 -0.6467
 138 I  1.0000 -0.0733 -0.0100 0.7244 -0.2067 0.1722 0.7644
 139 M  0.1222 0.0733 0.0967 0.3744 -0.2911 0.7244 -0.0011
 140 D  -0.2367 -0.4633 -0.3122 -0.8522 -1.0000 -0.1722 -0.7056
 141 V  0.7522 -0.3167 -0.2578 0.3678 -0.2122 -0.0344 1.0000
 142 K  -0.0978 0.0733 0.1811 -0.9878 0.8078 0.3100 -0.2944
 143 V  0.7522 -0.3167 -0.2578 0.3678 -0.2122 -0.0344 1.0000
 144 D  -0.2367 -0.4633 -0.3122 -0.8522 -1.0000 -0.1722 -0.7056
 145 E  -0.2556 -0.2678 -0.0644 -0.7733 -0.9644 1.0000 -0.6467
 146 S  -0.3744 -0.7078 -0.6044 -0.4044 -0.2944 -0.5178 -0.2356
 147 C  -0.1556 -0.3656 -0.3989 0.5644 -0.1267 -0.7244 0.5289
 148 L  0.2367 -0.0733 -0.0100 0.6622 -0.2067 0.7933 -0.0589
 149 R  0.1167 0.4144 0.5178 -1.0000 1.0000 0.5867 -0.4122
 150 D  -0.2367 -0.4633 -0.3122 -0.8522 -1.0000 -0.1722 -0.7056
 151 D  -0.2367 -0.4633 -0.3122 -0.8522 -1.0000 -0.1722 -0.7056
 152 G  -1.0000 -1.0000 -1.0000 -0.3800 -0.1989 -1.0000 -1.0000
 153 L  0.2367 -0.0733 -0.0100 0.6622 -0.2067 0.7933 -0.0589
 154 P  0.2744 -1.0000 -0.3267 0.0611 -0.0111 -1.0000 0.1178
 155 D  -0.2367 -0.4633 -0.3122 -0.8522 -1.0000 -0.1722 -0.7056
 156 I  1.0000 -0.0733 -0.0100 0.7244 -0.2067 0.1722 0.7644
 157 N  -0.2367 -0.3656 -0.2700 -0.7489 -0.0833 -0.4478 -0.5878
 158 K  -0.0978 0.0733 0.1811 -0.9878 0.8078 0.3100 -0.2944
 159 V  0.7522 -0.3167 -0.2578 0.3678 -0.2122 -0.0344 1.0000
 160 D  -0.2367 -0.4633 -0.3122 -0.8522 -1.0000 -0.1722 -0.7056
 161 P  0.2744 -1.0000 -0.3267 0.0611 -0.0111 -1.0000 0.1178
 162 V  0.7522 -0.3167 -0.2578 0.3678 -0.2122 -0.0344 1.0000
 163 I  1.0000 -0.0733 -0.0100 0.7244 -0.2067 0.1722 0.7644
 164 F  0.4033 0.4144 0.4578 0.7178 -0.3022 0.1722 0.3533
 165 A  -0.3889 -0.7556 -0.7522 -0.1900 -0.1889 1.0000 -0.5289
 166 P  0.2744 -1.0000 -0.3267 0.0611 -0.0111 -1.0000 0.1178
 167 V  0.7522 -0.3167 -0.2578 0.3678 -0.2122 -0.0344 1.0000
 168 S  -0.3744 -0.7078 -0.6044 -0.4044 -0.2944 -0.5178 -0.2356
 169 R  0.1167 0.4144 0.5178 -1.0000 1.0000 0.5867 -0.4122
 170 E  -0.2556 -0.2678 -0.0644 -0.7733 -0.9644 1.0000 -0.6467
 171 Y  0.4033 0.4633 0.6011 0.2089 -0.3044 -0.1722 0.5289
 172 Y  0.4033 0.4633 0.6011 0.2089 -0.3044 -0.1722 0.5289
 173 A  -0.3889 -0.7556 -0.7522 -0.1900 -0.1889 1.0000 -0.5289
 174 V  0.7522 -0.3167 -0.2578 0.3678 -0.2122 -0.0344 1.0000
 175 G  -1.0000 -1.0000 -1.0000 -0.3800 -0.1989 -1.0000 -1.0000
 176 E  -0.2556 -0.2678 -0.0644 -0.7733 -0.9644 1.0000 -0.6467
 177 F  0.4033 0.4144 0.4578 0.7178 -0.3022 0.1722 0.3533
 178 L  0.2367 -0.0733 -0.0100 0.6622 -0.2067 0.7933 -0.0589
 179 A  -0.3889 -0.7556 -0.7522 -0.1900 -0.1889 1.0000 -0.5289
 180 K  -0.0978 0.0733 0.1811 -0.9878 0.8078 0.3100 -0.2944
 181 A  -0.3889 -0.7556 -0.7522 -0.1900 -0.1889 1.0000 -0.5289
 182 F  0.4033 0.4144 0.4578 0.7178 -0.3022 0.1722 0.3533
 183 S  -0.3744 -0.7078 -0.6044 -0.4044 -0.2944 -0.5178 -0.2356
 184 A  -0.3889 -0.7556 -0.7522 -0.1900 -0.1889 1.0000 -0.5289
 185 G  -1.0000 -1.0000 -1.0000 -0.3800 -0.1989 -1.0000 -1.0000
 186 K  -0.0978 0.0733 0.1811 -0.9878 0.8078 0.3100 -0.2944
