 1 M  0.1222 0.0733 0.0967 0.3744 -0.2911 0.7244 -0.0011
 2 K  -0.0978 0.0733 0.1811 -0.9878 0.8078 0.3100 -0.2944
 3 I  1.0000 -0.0733 -0.0100 0.7244 -0.2067 0.1722 0.7644
 4 A  -0.3889 -0.7556 -0.7522 -0.1900 -0.1889 1.0000 -0.5289
 5 V  0.7522 -0.3167 -0.2578 0.3678 -0.2122 -0.0344 1.0000
 6 A  -0.3889 -0.7556 -0.7522 -0.1900 -0.1889 1.0000 -0.5289
 7 G  -1.0000 -1.0000 -1.0000 -0.3800 -0.1989 -1.0000 -1.0000
 8 S  -0.3744 -0.7078 -0.6044 -0.4044 -0.2944 -0.5178 -0.2356
 9 G  -1.0000 -1.0000 -1.0000 -0.3800 -0.1989 -1.0000 -1.0000
 10 Y  0.4033 0.4633 0.6011 0.2089 -0.3044 -0.1722 0.5289
 11 V  0.7522 -0.3167 -0.2578 0.3678 -0.2122 -0.0344 1.0000
 12 G  -1.0000 -1.0000 -1.0000 -0.3800 -0.1989 -1.0000 -1.0000
 13 L  0.2367 -0.0733 -0.0100 0.6622 -0.2067 0.7933 -0.0589
 14 S  -0.3744 -0.7078 -0.6044 -0.4044 -0.2944 -0.5178 -0.2356
 15 L  0.2367 -0.0733 -0.0100 0.6622 -0.2067 0.7933 -0.0589
 16 G  -1.0000 -1.0000 -1.0000 -0.3800 -0.1989 -1.0000 -1.0000
 17 V  0.7522 -0.3167 -0.2578 0.3678 -0.2122 -0.0344 1.0000
 18 L  0.2367 -0.0733 -0.0100 0.6622 -0.2067 0.7933 -0.0589
 19 L  0.2367 -0.0733 -0.0100 0.6622 -0.2067 0.7933 -0.0589
 20 S  -0.3744 -0.7078 -0.6044 -0.4044 -0.2944 -0.5178 -0.2356
 21 L  0.2367 -0.0733 -0.0100 0.6622 -0.2067 0.7933 -0.0589
 22 Q  -0.2556 -0.1222 -0.0222 -0.5156 -0.3067 0.5867 -0.4122
 23 N  -0.2367 -0.3656 -0.2700 -0.7489 -0.0833 -0.4478 -0.5878
 24 E  -0.2556 -0.2678 -0.0644 -0.7733 -0.9644 1.0000 -0.6467
 25 V  0.7522 -0.3167 -0.2578 0.3678 -0.2122 -0.0344 1.0000
 26 T  0.4467 -0.4633 -0.3567 -0.2211 -0.3200 -0.4478 0.2356
 27 I  1.0000 -0.0733 -0.0100 0.7244 -0.2067 0.1722 0.7644
 28 V  0.7522 -0.3167 -0.2578 0.3678 -0.2122 -0.0344 1.0000
 29 D  -0.2367 -0.4633 -0.3122 -0.8522 -1.0000 -0.1722 -0.7056
 30 I  1.0000 -0.0733 -0.0100 0.7244 -0.2067 0.1722 0.7644
 31 L  0.2367 -0.0733 -0.0100 0.6622 -0.2067 0.7933 -0.0589
 32 P  0.2744 -1.0000 -0.3267 0.0611 -0.0111 -1.0000 0.1178
 33 S  -0.3744 -0.7078 -0.6044 -0.4044 -0.2944 -0.5178 -0.2356
 34 K  -0.0978 0.0733 0.1811 -0.9878 0.8078 0.3100 -0.2944
 35 V  0.7522 -0.3167 -0.2578 0.3678 -0.2122 -0.0344 1.0000
 36 D  -0.2367 -0.4633 -0.3122 -0.8522 -1.0000 -0.1722 -0.7056
 37 K  -0.0978 0.0733 0.1811 -0.9878 0.8078 0.3100 -0.2944
 38 I  1.0000 -0.0733 -0.0100 0.7244 -0.2067 0.1722 0.7644
 39 N  -0.2367 -0.3656 -0.2700 -0.7489 -0.0833 -0.4478 -0.5878
 40 N  -0.2367 -0.3656 -0.2700 -0.7489 -0.0833 -0.4478 -0.5878
 41 G  -1.0000 -1.0000 -1.0000 -0.3800 -0.1989 -1.0000 -1.0000
 42 L  0.2367 -0.0733 -0.0100 0.6622 -0.2067 0.7933 -0.0589
 43 S  -0.3744 -0.7078 -0.6044 -0.4044 -0.2944 -0.5178 -0.2356
 44 P  0.2744 -1.0000 -0.3267 0.0611 -0.0111 -1.0000 0.1178
 45 I  1.0000 -0.0733 -0.0100 0.7244 -0.2067 0.1722 0.7644
 46 Q  -0.2556 -0.1222 -0.0222 -0.5156 -0.3067 0.5867 -0.4122
 47 D  -0.2367 -0.4633 -0.3122 -0.8522 -1.0000 -0.1722 -0.7056
 48 E  -0.2556 -0.2678 -0.0644 -0.7733 -0.9644 1.0000 -0.6467
 49 Y  0.4033 0.4633 0.6011 0.2089 -0.3044 -0.1722 0.5289
 50 I  1.0000 -0.0733 -0.0100 0.7244 -0.2067 0.1722 0.7644
 51 E  -0.2556 -0.2678 -0.0644 -0.7733 -0.9644 1.0000 -0.6467
 52 Y  0.4033 0.4633 0.6011 0.2089 -0.3044 -0.1722 0.5289
 53 Y  0.4033 0.4633 0.6011 0.2089 -0.3044 -0.1722 0.5289
 54 L  0.2367 -0.0733 -0.0100 0.6622 -0.2067 0.7933 -0.0589
 55 K  -0.0978 0.0733 0.1811 -0.9878 0.8078 0.3100 -0.2944
 56 S  -0.3744 -0.7078 -0.6044 -0.4044 -0.2944 -0.5178 -0.2356
 57 K  -0.0978 0.0733 0.1811 -0.9878 0.8078 0.3100 -0.2944
 58 Q  -0.2556 -0.1222 -0.0222 -0.5156 -0.3067 0.5867 -0.4122
 59 L  0.2367 -0.0733 -0.0100 0.6622 -0.2067 0.7933 -0.0589
 60 S  -0.3744 -0.7078 -0.6044 -0.4044 -0.2944 -0.5178 -0.2356
 61 I  1.0000 -0.0733 -0.0100 0.7244 -0.2067 0.1722 0.7644
 62 K  -0.0978 0.0733 0.1811 -0.9878 0.8078 0.3100 -0.2944
 63 A  -0.3889 -0.7556 -0.7522 -0.1900 -0.1889 1.0000 -0.5289
 64 T  0.4467 -0.4633 -0.3567 -0.2211 -0.3200 -0.4478 0.2356
 65 L  0.2367 -0.0733 -0.0100 0.6622 -0.2067 0.7933 -0.0589
 66 D  -0.2367 -0.4633 -0.3122 -0.8522 -1.0000 -0.1722 -0.7056
 67 S  -0.3744 -0.7078 -0.6044 -0.4044 -0.2944 -0.5178 -0.2356
 68 K  -0.0978 0.0733 0.1811 -0.9878 0.8078 0.3100 -0.2944
 69 A  -0.3889 -0.7556 -0.7522 -0.1900 -0.1889 1.0000 -0.5289
 70 A  -0.3889 -0.7556 -0.7522 -0.1900 -0.1889 1.0000 -0.5289
 71 Y  0.4033 0.4633 0.6011 0.2089 -0.3044 -0.1722 0.5289
 72 K  -0.0978 0.0733 0.1811 -0.9878 0.8078 0.3100 -0.2944
 73 E  -0.2556 -0.2678 -0.0644 -0.7733 -0.9644 1.0000 -0.6467
 74 A  -0.3889 -0.7556 -0.7522 -0.1900 -0.1889 1.0000 -0.5289
 75 E  -0.2556 -0.2678 -0.0644 -0.7733 -0.9644 1.0000 -0.6467
 76 L  0.2367 -0.0733 -0.0100 0.6622 -0.2067 0.7933 -0.0589
 77 V  0.7522 -0.3167 -0.2578 0.3678 -0.2122 -0.0344 1.0000
 78 I  1.0000 -0.0733 -0.0100 0.7244 -0.2067 0.1722 0.7644
 79 I  1.0000 -0.0733 -0.0100 0.7244 -0.2067 0.1722 0.7644
 80 A  -0.3889 -0.7556 -0.7522 -0.1900 -0.1889 1.0000 -0.5289
 81 T  0.4467 -0.4633 -0.3567 -0.2211 -0.3200 -0.4478 0.2356
 82 P  0.2744 -1.0000 -0.3267 0.0611 -0.0111 -1.0000 0.1178
 83 T  0.4467 -0.4633 -0.3567 -0.2211 -0.3200 -0.4478 0.2356
 84 N  -0.2367 -0.3656 -0.2700 -0.7489 -0.0833 -0.4478 -0.5878
 85 Y  0.4033 0.4633 0.6011 0.2089 -0.3044 -0.1722 0.5289
 86 N  -0.2367 -0.3656 -0.2700 -0.7489 -0.0833 -0.4478 -0.5878
 87 S  -0.3744 -0.7078 -0.6044 -0.4044 -0.2944 -0.5178 -0.2356
 88 R  0.1167 0.4144 0.5178 -1.0000 1.0000 0.5867 -0.4122
 89 I  1.0000 -0.0733 -0.0100 0.7244 -0.2067 0.1722 0.7644
 90 N  -0.2367 -0.3656 -0.2700 -0.7489 -0.0833 -0.4478 -0.5878
 91 Y  0.4033 0.4633 0.6011 0.2089 -0.3044 -0.1722 0.5289
 92 F  0.4033 0.4144 0.4578 0.7178 -0.3022 0.1722 0.3533
 93 D  -0.2367 -0.4633 -0.3122 -0.8522 -1.0000 -0.1722 -0.7056
 94 T  0.4467 -0.4633 -0.3567 -0.2211 -0.3200 -0.4478 0.2356
 95 Q  -0.2556 -0.1222 -0.0222 -0.5156 -0.3067 0.5867 -0.4122
 96 H  0.4267 0.1222 0.1533 -0.3011 0.2167 -0.0344 -0.1178
 97 V  0.7522 -0.3167 -0.2578 0.3678 -0.2122 -0.0344 1.0000
 98 E  -0.2556 -0.2678 -0.0644 -0.7733 -0.9644 1.0000 -0.6467
 99 T  0.4467 -0.4633 -0.3567 -0.2211 -0.3200 -0.4478 0.2356
 100 V  0.7522 -0.3167 -0.2578 0.3678 -0.2122 -0.0344 1.0000
 101 I  1.0000 -0.0733 -0.0100 0.7244 -0.2067 0.1722 0.7644
 102 K  -0.0978 0.0733 0.1811 -0.9878 0.8078 0.3100 -0.2944
 103 E  -0.2556 -0.2678 -0.0644 -0.7733 -0.9644 1.0000 -0.6467
 104 V  0.7522 -0.3167 -0.2578 0.3678 -0.2122 -0.0344 1.0000
 105 L  0.2367 -0.0733 -0.0100 0.6622 -0.2067 0.7933 -0.0589
 106 S  -0.3744 -0.7078 -0.6044 -0.4044 -0.2944 -0.5178 -0.2356
 107 V  0.7522 -0.3167 -0.2578 0.3678 -0.2122 -0.0344 1.0000
 108 N  -0.2367 -0.3656 -0.2700 -0.7489 -0.0833 -0.4478 -0.5878
 109 S  -0.3744 -0.7078 -0.6044 -0.4044 -0.2944 -0.5178 -0.2356
 110 H  0.4267 0.1222 0.1533 -0.3011 0.2167 -0.0344 -0.1178
 111 A  -0.3889 -0.7556 -0.7522 -0.1900 -0.1889 1.0000 -0.5289
 112 T  0.4467 -0.4633 -0.3567 -0.2211 -0.3200 -0.4478 0.2356
 113 L  0.2367 -0.0733 -0.0100 0.6622 -0.2067 0.7933 -0.0589
 114 I  1.0000 -0.0733 -0.0100 0.7244 -0.2067 0.1722 0.7644
 115 I  1.0000 -0.0733 -0.0100 0.7244 -0.2067 0.1722 0.7644
 116 K  -0.0978 0.0733 0.1811 -0.9878 0.8078 0.3100 -0.2944
 117 S  -0.3744 -0.7078 -0.6044 -0.4044 -0.2944 -0.5178 -0.2356
 118 T  0.4467 -0.4633 -0.3567 -0.2211 -0.3200 -0.4478 0.2356
 119 I  1.0000 -0.0733 -0.0100 0.7244 -0.2067 0.1722 0.7644
 120 P  0.2744 -1.0000 -0.3267 0.0611 -0.0111 -1.0000 0.1178
 121 I  1.0000 -0.0733 -0.0100 0.7244 -0.2067 0.1722 0.7644
 122 G  -1.0000 -1.0000 -1.0000 -0.3800 -0.1989 -1.0000 -1.0000
 123 F  0.4033 0.4144 0.4578 0.7178 -0.3022 0.1722 0.3533
 124 I  1.0000 -0.0733 -0.0100 0.7244 -0.2067 0.1722 0.7644
 125 T  0.4467 -0.4633 -0.3567 -0.2211 -0.3200 -0.4478 0.2356
 126 E  -0.2556 -0.2678 -0.0644 -0.7733 -0.9644 1.0000 -0.6467
 127 M  0.1222 0.0733 0.0967 0.3744 -0.2911 0.7244 -0.0011
 128 R  0.1167 0.4144 0.5178 -1.0000 1.0000 0.5867 -0.4122
 129 Q  -0.2556 -0.1222 -0.0222 -0.5156 -0.3067 0.5867 -0.4122
 130 K  -0.0978 0.0733 0.1811 -0.9878 0.8078 0.3100 -0.2944
 131 F  0.4033 0.4144 0.4578 0.7178 -0.3022 0.1722 0.3533
 132 Q  -0.2556 -0.1222 -0.0222 -0.5156 -0.3067 0.5867 -0.4122
 133 T  0.4467 -0.4633 -0.3567 -0.2211 -0.3200 -0.4478 0.2356
 134 D  -0.2367 -0.4633 -0.3122 -0.8522 -1.0000 -0.1722 -0.7056
 135 R  0.1167 0.4144 0.5178 -1.0000 1.0000 0.5867 -0.4122
 136 I  1.0000 -0.0733 -0.0100 0.7244 -0.2067 0.1722 0.7644
 137 I  1.0000 -0.0733 -0.0100 0.7244 -0.2067 0.1722 0.7644
 138 F  0.4033 0.4144 0.4578 0.7178 -0.3022 0.1722 0.3533
 139 S  -0.3744 -0.7078 -0.6044 -0.4044 -0.2944 -0.5178 -0.2356
 140 P  0.2744 -1.0000 -0.3267 0.0611 -0.0111 -1.0000 0.1178
 141 E  -0.2556 -0.2678 -0.0644 -0.7733 -0.9644 1.0000 -0.6467
 142 F  0.4033 0.4144 0.4578 0.7178 -0.3022 0.1722 0.3533
 143 L  0.2367 -0.0733 -0.0100 0.6622 -0.2067 0.7933 -0.0589
 144 R  0.1167 0.4144 0.5178 -1.0000 1.0000 0.5867 -0.4122
 145 E  -0.2556 -0.2678 -0.0644 -0.7733 -0.9644 1.0000 -0.6467
 146 S  -0.3744 -0.7078 -0.6044 -0.4044 -0.2944 -0.5178 -0.2356
 147 K  -0.0978 0.0733 0.1811 -0.9878 0.8078 0.3100 -0.2944
 148 A  -0.3889 -0.7556 -0.7522 -0.1900 -0.1889 1.0000 -0.5289
 149 L  0.2367 -0.0733 -0.0100 0.6622 -0.2067 0.7933 -0.0589
 150 Y  0.4033 0.4633 0.6011 0.2089 -0.3044 -0.1722 0.5289
 151 D  -0.2367 -0.4633 -0.3122 -0.8522 -1.0000 -0.1722 -0.7056
 152 N  -0.2367 -0.3656 -0.2700 -0.7489 -0.0833 -0.4478 -0.5878
 153 L  0.2367 -0.0733 -0.0100 0.6622 -0.2067 0.7933 -0.0589
 154 Y  0.4033 0.4633 0.6011 0.2089 -0.3044 -0.1722 0.5289
 155 P  0.2744 -1.0000 -0.3267 0.0611 -0.0111 -1.0000 0.1178
 156 S  -0.3744 -0.7078 -0.6044 -0.4044 -0.2944 -0.5178 -0.2356
 157 R  0.1167 0.4144 0.5178 -1.0000 1.0000 0.5867 -0.4122
 158 I  1.0000 -0.0733 -0.0100 0.7244 -0.2067 0.1722 0.7644
 159 I  1.0000 -0.0733 -0.0100 0.7244 -0.2067 0.1722 0.7644
 160 V  0.7522 -0.3167 -0.2578 0.3678 -0.2122 -0.0344 1.0000
 161 S  -0.3744 -0.7078 -0.6044 -0.4044 -0.2944 -0.5178 -0.2356
 162 C  -0.1556 -0.3656 -0.3989 0.5644 -0.1267 -0.7244 0.5289
 163 E  -0.2556 -0.2678 -0.0644 -0.7733 -0.9644 1.0000 -0.6467
 164 E  -0.2556 -0.2678 -0.0644 -0.7733 -0.9644 1.0000 -0.6467
 165 N  -0.2367 -0.3656 -0.2700 -0.7489 -0.0833 -0.4478 -0.5878
 166 D  -0.2367 -0.4633 -0.3122 -0.8522 -1.0000 -0.1722 -0.7056
 167 S  -0.3744 -0.7078 -0.6044 -0.4044 -0.2944 -0.5178 -0.2356
 168 P  0.2744 -1.0000 -0.3267 0.0611 -0.0111 -1.0000 0.1178
 169 K  -0.0978 0.0733 0.1811 -0.9878 0.8078 0.3100 -0.2944
 170 V  0.7522 -0.3167 -0.2578 0.3678 -0.2122 -0.0344 1.0000
 171 K  -0.0978 0.0733 0.1811 -0.9878 0.8078 0.3100 -0.2944
 172 A  -0.3889 -0.7556 -0.7522 -0.1900 -0.1889 1.0000 -0.5289
 173 D  -0.2367 -0.4633 -0.3122 -0.8522 -1.0000 -0.1722 -0.7056
 174 A  -0.3889 -0.7556 -0.7522 -0.1900 -0.1889 1.0000 -0.5289
 175 E  -0.2556 -0.2678 -0.0644 -0.7733 -0.9644 1.0000 -0.6467
 176 K  -0.0978 0.0733 0.1811 -0.9878 0.8078 0.3100 -0.2944
 177 F  0.4033 0.4144 0.4578 0.7178 -0.3022 0.1722 0.3533
 178 A  -0.3889 -0.7556 -0.7522 -0.1900 -0.1889 1.0000 -0.5289
 179 L  0.2367 -0.0733 -0.0100 0.6622 -0.2067 0.7933 -0.0589
 180 L  0.2367 -0.0733 -0.0100 0.6622 -0.2067 0.7933 -0.0589
 181 L  0.2367 -0.0733 -0.0100 0.6622 -0.2067 0.7933 -0.0589
 182 K  -0.0978 0.0733 0.1811 -0.9878 0.8078 0.3100 -0.2944
 183 S  -0.3744 -0.7078 -0.6044 -0.4044 -0.2944 -0.5178 -0.2356
 184 A  -0.3889 -0.7556 -0.7522 -0.1900 -0.1889 1.0000 -0.5289
 185 A  -0.3889 -0.7556 -0.7522 -0.1900 -0.1889 1.0000 -0.5289
 186 K  -0.0978 0.0733 0.1811 -0.9878 0.8078 0.3100 -0.2944
 187 K  -0.0978 0.0733 0.1811 -0.9878 0.8078 0.3100 -0.2944
 188 N  -0.2367 -0.3656 -0.2700 -0.7489 -0.0833 -0.4478 -0.5878
 189 N  -0.2367 -0.3656 -0.2700 -0.7489 -0.0833 -0.4478 -0.5878
 190 V  0.7522 -0.3167 -0.2578 0.3678 -0.2122 -0.0344 1.0000
 191 P  0.2744 -1.0000 -0.3267 0.0611 -0.0111 -1.0000 0.1178
 192 V  0.7522 -0.3167 -0.2578 0.3678 -0.2122 -0.0344 1.0000
 193 L  0.2367 -0.0733 -0.0100 0.6622 -0.2067 0.7933 -0.0589
 194 I  1.0000 -0.0733 -0.0100 0.7244 -0.2067 0.1722 0.7644
 195 M  0.1222 0.0733 0.0967 0.3744 -0.2911 0.7244 -0.0011
 196 G  -1.0000 -1.0000 -1.0000 -0.3800 -0.1989 -1.0000 -1.0000
 197 A  -0.3889 -0.7556 -0.7522 -0.1900 -0.1889 1.0000 -0.5289
 198 S  -0.3744 -0.7078 -0.6044 -0.4044 -0.2944 -0.5178 -0.2356
 199 E  -0.2556 -0.2678 -0.0644 -0.7733 -0.9644 1.0000 -0.6467
 200 A  -0.3889 -0.7556 -0.7522 -0.1900 -0.1889 1.0000 -0.5289
 201 E  -0.2556 -0.2678 -0.0644 -0.7733 -0.9644 1.0000 -0.6467
 202 A  -0.3889 -0.7556 -0.7522 -0.1900 -0.1889 1.0000 -0.5289
 203 V  0.7522 -0.3167 -0.2578 0.3678 -0.2122 -0.0344 1.0000
 204 K  -0.0978 0.0733 0.1811 -0.9878 0.8078 0.3100 -0.2944
 205 L  0.2367 -0.0733 -0.0100 0.6622 -0.2067 0.7933 -0.0589
 206 F  0.4033 0.4144 0.4578 0.7178 -0.3022 0.1722 0.3533
 207 A  -0.3889 -0.7556 -0.7522 -0.1900 -0.1889 1.0000 -0.5289
 208 N  -0.2367 -0.3656 -0.2700 -0.7489 -0.0833 -0.4478 -0.5878
 209 T  0.4467 -0.4633 -0.3567 -0.2211 -0.3200 -0.4478 0.2356
 210 Y  0.4033 0.4633 0.6011 0.2089 -0.3044 -0.1722 0.5289
 211 L  0.2367 -0.0733 -0.0100 0.6622 -0.2067 0.7933 -0.0589
 212 A  -0.3889 -0.7556 -0.7522 -0.1900 -0.1889 1.0000 -0.5289
 213 L  0.2367 -0.0733 -0.0100 0.6622 -0.2067 0.7933 -0.0589
 214 R  0.1167 0.4144 0.5178 -1.0000 1.0000 0.5867 -0.4122
 215 V  0.7522 -0.3167 -0.2578 0.3678 -0.2122 -0.0344 1.0000
 216 A  -0.3889 -0.7556 -0.7522 -0.1900 -0.1889 1.0000 -0.5289
 217 Y  0.4033 0.4633 0.6011 0.2089 -0.3044 -0.1722 0.5289
 218 F  0.4033 0.4144 0.4578 0.7178 -0.3022 0.1722 0.3533
 219 N  -0.2367 -0.3656 -0.2700 -0.7489 -0.0833 -0.4478 -0.5878
 220 E  -0.2556 -0.2678 -0.0644 -0.7733 -0.9644 1.0000 -0.6467
 221 L  0.2367 -0.0733 -0.0100 0.6622 -0.2067 0.7933 -0.0589
 222 D  -0.2367 -0.4633 -0.3122 -0.8522 -1.0000 -0.1722 -0.7056
 223 T  0.4467 -0.4633 -0.3567 -0.2211 -0.3200 -0.4478 0.2356
 224 Y  0.4033 0.4633 0.6011 0.2089 -0.3044 -0.1722 0.5289
 225 A  -0.3889 -0.7556 -0.7522 -0.1900 -0.1889 1.0000 -0.5289
 226 E  -0.2556 -0.2678 -0.0644 -0.7733 -0.9644 1.0000 -0.6467
 227 S  -0.3744 -0.7078 -0.6044 -0.4044 -0.2944 -0.5178 -0.2356
 228 R  0.1167 0.4144 0.5178 -1.0000 1.0000 0.5867 -0.4122
 229 K  -0.0978 0.0733 0.1811 -0.9878 0.8078 0.3100 -0.2944
 230 L  0.2367 -0.0733 -0.0100 0.6622 -0.2067 0.7933 -0.0589
 231 N  -0.2367 -0.3656 -0.2700 -0.7489 -0.0833 -0.4478 -0.5878
 232 S  -0.3744 -0.7078 -0.6044 -0.4044 -0.2944 -0.5178 -0.2356
 233 H  0.4267 0.1222 0.1533 -0.3011 0.2167 -0.0344 -0.1178
 234 M  0.1222 0.0733 0.0967 0.3744 -0.2911 0.7244 -0.0011
 235 I  1.0000 -0.0733 -0.0100 0.7244 -0.2067 0.1722 0.7644
 236 I  1.0000 -0.0733 -0.0100 0.7244 -0.2067 0.1722 0.7644
 237 Q  -0.2556 -0.1222 -0.0222 -0.5156 -0.3067 0.5867 -0.4122
 238 G  -1.0000 -1.0000 -1.0000 -0.3800 -0.1989 -1.0000 -1.0000
 239 I  1.0000 -0.0733 -0.0100 0.7244 -0.2067 0.1722 0.7644
 240 S  -0.3744 -0.7078 -0.6044 -0.4044 -0.2944 -0.5178 -0.2356
 241 Y  0.4033 0.4633 0.6011 0.2089 -0.3044 -0.1722 0.5289
 242 D  -0.2367 -0.4633 -0.3122 -0.8522 -1.0000 -0.1722 -0.7056
 243 D  -0.2367 -0.4633 -0.3122 -0.8522 -1.0000 -0.1722 -0.7056
 244 R  0.1167 0.4144 0.5178 -1.0000 1.0000 0.5867 -0.4122
 245 I  1.0000 -0.0733 -0.0100 0.7244 -0.2067 0.1722 0.7644
 246 G  -1.0000 -1.0000 -1.0000 -0.3800 -0.1989 -1.0000 -1.0000
 247 M  0.1222 0.0733 0.0967 0.3744 -0.2911 0.7244 -0.0011
 248 H  0.4267 0.1222 0.1533 -0.3011 0.2167 -0.0344 -0.1178
 249 Y  0.4033 0.4633 0.6011 0.2089 -0.3044 -0.1722 0.5289
 250 N  -0.2367 -0.3656 -0.2700 -0.7489 -0.0833 -0.4478 -0.5878
 251 N  -0.2367 -0.3656 -0.2700 -0.7489 -0.0833 -0.4478 -0.5878
 252 P  0.2744 -1.0000 -0.3267 0.0611 -0.0111 -1.0000 0.1178
 253 S  -0.3744 -0.7078 -0.6044 -0.4044 -0.2944 -0.5178 -0.2356
 254 F  0.4033 0.4144 0.4578 0.7178 -0.3022 0.1722 0.3533
 255 G  -1.0000 -1.0000 -1.0000 -0.3800 -0.1989 -1.0000 -1.0000
 256 Y  0.4033 0.4633 0.6011 0.2089 -0.3044 -0.1722 0.5289
 257 G  -1.0000 -1.0000 -1.0000 -0.3800 -0.1989 -1.0000 -1.0000
 258 G  -1.0000 -1.0000 -1.0000 -0.3800 -0.1989 -1.0000 -1.0000
 259 Y  0.4033 0.4633 0.6011 0.2089 -0.3044 -0.1722 0.5289
 260 S  -0.3744 -0.7078 -0.6044 -0.4044 -0.2944 -0.5178 -0.2356
 261 L  0.2367 -0.0733 -0.0100 0.6622 -0.2067 0.7933 -0.0589
 262 P  0.2744 -1.0000 -0.3267 0.0611 -0.0111 -1.0000 0.1178
 263 K  -0.0978 0.0733 0.1811 -0.9878 0.8078 0.3100 -0.2944
 264 D  -0.2367 -0.4633 -0.3122 -0.8522 -1.0000 -0.1722 -0.7056
 265 T  0.4467 -0.4633 -0.3567 -0.2211 -0.3200 -0.4478 0.2356
 266 K  -0.0978 0.0733 0.1811 -0.9878 0.8078 0.3100 -0.2944
 267 Q  -0.2556 -0.1222 -0.0222 -0.5156 -0.3067 0.5867 -0.4122
 268 L  0.2367 -0.0733 -0.0100 0.6622 -0.2067 0.7933 -0.0589
 269 L  0.2367 -0.0733 -0.0100 0.6622 -0.2067 0.7933 -0.0589
 270 A  -0.3889 -0.7556 -0.7522 -0.1900 -0.1889 1.0000 -0.5289
 271 N  -0.2367 -0.3656 -0.2700 -0.7489 -0.0833 -0.4478 -0.5878
 272 Y  0.4033 0.4633 0.6011 0.2089 -0.3044 -0.1722 0.5289
 273 N  -0.2367 -0.3656 -0.2700 -0.7489 -0.0833 -0.4478 -0.5878
 274 N  -0.2367 -0.3656 -0.2700 -0.7489 -0.0833 -0.4478 -0.5878
 275 I  1.0000 -0.0733 -0.0100 0.7244 -0.2067 0.1722 0.7644
 276 P  0.2744 -1.0000 -0.3267 0.0611 -0.0111 -1.0000 0.1178
 277 Q  -0.2556 -0.1222 -0.0222 -0.5156 -0.3067 0.5867 -0.4122
 278 T  0.4467 -0.4633 -0.3567 -0.2211 -0.3200 -0.4478 0.2356
 279 L  0.2367 -0.0733 -0.0100 0.6622 -0.2067 0.7933 -0.0589
 280 I  1.0000 -0.0733 -0.0100 0.7244 -0.2067 0.1722 0.7644
 281 E  -0.2556 -0.2678 -0.0644 -0.7733 -0.9644 1.0000 -0.6467
 282 A  -0.3889 -0.7556 -0.7522 -0.1900 -0.1889 1.0000 -0.5289
 283 I  1.0000 -0.0733 -0.0100 0.7244 -0.2067 0.1722 0.7644
 284 V  0.7522 -0.3167 -0.2578 0.3678 -0.2122 -0.0344 1.0000
 285 S  -0.3744 -0.7078 -0.6044 -0.4044 -0.2944 -0.5178 -0.2356
 286 S  -0.3744 -0.7078 -0.6044 -0.4044 -0.2944 -0.5178 -0.2356
 287 N  -0.2367 -0.3656 -0.2700 -0.7489 -0.0833 -0.4478 -0.5878
 288 N  -0.2367 -0.3656 -0.2700 -0.7489 -0.0833 -0.4478 -0.5878
 289 V  0.7522 -0.3167 -0.2578 0.3678 -0.2122 -0.0344 1.0000
 290 R  0.1167 0.4144 0.5178 -1.0000 1.0000 0.5867 -0.4122
 291 K  -0.0978 0.0733 0.1811 -0.9878 0.8078 0.3100 -0.2944
 292 S  -0.3744 -0.7078 -0.6044 -0.4044 -0.2944 -0.5178 -0.2356
 293 Y  0.4033 0.4633 0.6011 0.2089 -0.3044 -0.1722 0.5289
 294 I  1.0000 -0.0733 -0.0100 0.7244 -0.2067 0.1722 0.7644
 295 A  -0.3889 -0.7556 -0.7522 -0.1900 -0.1889 1.0000 -0.5289
 296 K  -0.0978 0.0733 0.1811 -0.9878 0.8078 0.3100 -0.2944
 297 Q  -0.2556 -0.1222 -0.0222 -0.5156 -0.3067 0.5867 -0.4122
 298 I  1.0000 -0.0733 -0.0100 0.7244 -0.2067 0.1722 0.7644
 299 I  1.0000 -0.0733 -0.0100 0.7244 -0.2067 0.1722 0.7644
 300 N  -0.2367 -0.3656 -0.2700 -0.7489 -0.0833 -0.4478 -0.5878
 301 V  0.7522 -0.3167 -0.2578 0.3678 -0.2122 -0.0344 1.0000
 302 L  0.2367 -0.0733 -0.0100 0.6622 -0.2067 0.7933 -0.0589
 303 K  -0.0978 0.0733 0.1811 -0.9878 0.8078 0.3100 -0.2944
 304 E  -0.2556 -0.2678 -0.0644 -0.7733 -0.9644 1.0000 -0.6467
 305 Q  -0.2556 -0.1222 -0.0222 -0.5156 -0.3067 0.5867 -0.4122
 306 E  -0.2556 -0.2678 -0.0644 -0.7733 -0.9644 1.0000 -0.6467
 307 S  -0.3744 -0.7078 -0.6044 -0.4044 -0.2944 -0.5178 -0.2356
 308 P  0.2744 -1.0000 -0.3267 0.0611 -0.0111 -1.0000 0.1178
 309 V  0.7522 -0.3167 -0.2578 0.3678 -0.2122 -0.0344 1.0000
 310 K  -0.0978 0.0733 0.1811 -0.9878 0.8078 0.3100 -0.2944
 311 V  0.7522 -0.3167 -0.2578 0.3678 -0.2122 -0.0344 1.0000
 312 V  0.7522 -0.3167 -0.2578 0.3678 -0.2122 -0.0344 1.0000
 313 G  -1.0000 -1.0000 -1.0000 -0.3800 -0.1989 -1.0000 -1.0000
 314 V  0.7522 -0.3167 -0.2578 0.3678 -0.2122 -0.0344 1.0000
 315 Y  0.4033 0.4633 0.6011 0.2089 -0.3044 -0.1722 0.5289
 316 R  0.1167 0.4144 0.5178 -1.0000 1.0000 0.5867 -0.4122
 317 L  0.2367 -0.0733 -0.0100 0.6622 -0.2067 0.7933 -0.0589
 318 I  1.0000 -0.0733 -0.0100 0.7244 -0.2067 0.1722 0.7644
 319 M  0.1222 0.0733 0.0967 0.3744 -0.2911 0.7244 -0.0011
 320 K  -0.0978 0.0733 0.1811 -0.9878 0.8078 0.3100 -0.2944
 321 S  -0.3744 -0.7078 -0.6044 -0.4044 -0.2944 -0.5178 -0.2356
 322 N  -0.2367 -0.3656 -0.2700 -0.7489 -0.0833 -0.4478 -0.5878
 323 S  -0.3744 -0.7078 -0.6044 -0.4044 -0.2944 -0.5178 -0.2356
 324 D  -0.2367 -0.4633 -0.3122 -0.8522 -1.0000 -0.1722 -0.7056
 325 N  -0.2367 -0.3656 -0.2700 -0.7489 -0.0833 -0.4478 -0.5878
 326 F  0.4033 0.4144 0.4578 0.7178 -0.3022 0.1722 0.3533
 327 R  0.1167 0.4144 0.5178 -1.0000 1.0000 0.5867 -0.4122
 328 E  -0.2556 -0.2678 -0.0644 -0.7733 -0.9644 1.0000 -0.6467
 329 S  -0.3744 -0.7078 -0.6044 -0.4044 -0.2944 -0.5178 -0.2356
 330 A  -0.3889 -0.7556 -0.7522 -0.1900 -0.1889 1.0000 -0.5289
 331 I  1.0000 -0.0733 -0.0100 0.7244 -0.2067 0.1722 0.7644
 332 K  -0.0978 0.0733 0.1811 -0.9878 0.8078 0.3100 -0.2944
 333 D  -0.2367 -0.4633 -0.3122 -0.8522 -1.0000 -0.1722 -0.7056
 334 V  0.7522 -0.3167 -0.2578 0.3678 -0.2122 -0.0344 1.0000
 335 I  1.0000 -0.0733 -0.0100 0.7244 -0.2067 0.1722 0.7644
 336 D  -0.2367 -0.4633 -0.3122 -0.8522 -1.0000 -0.1722 -0.7056
 337 I  1.0000 -0.0733 -0.0100 0.7244 -0.2067 0.1722 0.7644
 338 L  0.2367 -0.0733 -0.0100 0.6622 -0.2067 0.7933 -0.0589
 339 K  -0.0978 0.0733 0.1811 -0.9878 0.8078 0.3100 -0.2944
 340 S  -0.3744 -0.7078 -0.6044 -0.4044 -0.2944 -0.5178 -0.2356
 341 K  -0.0978 0.0733 0.1811 -0.9878 0.8078 0.3100 -0.2944
 342 D  -0.2367 -0.4633 -0.3122 -0.8522 -1.0000 -0.1722 -0.7056
 343 I  1.0000 -0.0733 -0.0100 0.7244 -0.2067 0.1722 0.7644
 344 K  -0.0978 0.0733 0.1811 -0.9878 0.8078 0.3100 -0.2944
 345 I  1.0000 -0.0733 -0.0100 0.7244 -0.2067 0.1722 0.7644
 346 I  1.0000 -0.0733 -0.0100 0.7244 -0.2067 0.1722 0.7644
 347 I  1.0000 -0.0733 -0.0100 0.7244 -0.2067 0.1722 0.7644
 348 Y  0.4033 0.4633 0.6011 0.2089 -0.3044 -0.1722 0.5289
 349 E  -0.2556 -0.2678 -0.0644 -0.7733 -0.9644 1.0000 -0.6467
 350 P  0.2744 -1.0000 -0.3267 0.0611 -0.0111 -1.0000 0.1178
 351 M  0.1222 0.0733 0.0967 0.3744 -0.2911 0.7244 -0.0011
 352 L  0.2367 -0.0733 -0.0100 0.6622 -0.2067 0.7933 -0.0589
 353 N  -0.2367 -0.3656 -0.2700 -0.7489 -0.0833 -0.4478 -0.5878
 354 K  -0.0978 0.0733 0.1811 -0.9878 0.8078 0.3100 -0.2944
 355 L  0.2367 -0.0733 -0.0100 0.6622 -0.2067 0.7933 -0.0589
 356 E  -0.2556 -0.2678 -0.0644 -0.7733 -0.9644 1.0000 -0.6467
 357 S  -0.3744 -0.7078 -0.6044 -0.4044 -0.2944 -0.5178 -0.2356
 358 E  -0.2556 -0.2678 -0.0644 -0.7733 -0.9644 1.0000 -0.6467
 359 D  -0.2367 -0.4633 -0.3122 -0.8522 -1.0000 -0.1722 -0.7056
 360 Q  -0.2556 -0.1222 -0.0222 -0.5156 -0.3067 0.5867 -0.4122
 361 S  -0.3744 -0.7078 -0.6044 -0.4044 -0.2944 -0.5178 -0.2356
 362 V  0.7522 -0.3167 -0.2578 0.3678 -0.2122 -0.0344 1.0000
 363 L  0.2367 -0.0733 -0.0100 0.6622 -0.2067 0.7933 -0.0589
 364 V  0.7522 -0.3167 -0.2578 0.3678 -0.2122 -0.0344 1.0000
 365 N  -0.2367 -0.3656 -0.2700 -0.7489 -0.0833 -0.4478 -0.5878
 366 D  -0.2367 -0.4633 -0.3122 -0.8522 -1.0000 -0.1722 -0.7056
 367 L  0.2367 -0.0733 -0.0100 0.6622 -0.2067 0.7933 -0.0589
 368 E  -0.2556 -0.2678 -0.0644 -0.7733 -0.9644 1.0000 -0.6467
 369 N  -0.2367 -0.3656 -0.2700 -0.7489 -0.0833 -0.4478 -0.5878
 370 F  0.4033 0.4144 0.4578 0.7178 -0.3022 0.1722 0.3533
 371 K  -0.0978 0.0733 0.1811 -0.9878 0.8078 0.3100 -0.2944
 372 K  -0.0978 0.0733 0.1811 -0.9878 0.8078 0.3100 -0.2944
 373 Q  -0.2556 -0.1222 -0.0222 -0.5156 -0.3067 0.5867 -0.4122
 374 A  -0.3889 -0.7556 -0.7522 -0.1900 -0.1889 1.0000 -0.5289
 375 N  -0.2367 -0.3656 -0.2700 -0.7489 -0.0833 -0.4478 -0.5878
 376 I  1.0000 -0.0733 -0.0100 0.7244 -0.2067 0.1722 0.7644
 377 I  1.0000 -0.0733 -0.0100 0.7244 -0.2067 0.1722 0.7644
 378 V  0.7522 -0.3167 -0.2578 0.3678 -0.2122 -0.0344 1.0000
 379 T  0.4467 -0.4633 -0.3567 -0.2211 -0.3200 -0.4478 0.2356
 380 N  -0.2367 -0.3656 -0.2700 -0.7489 -0.0833 -0.4478 -0.5878
 381 R  0.1167 0.4144 0.5178 -1.0000 1.0000 0.5867 -0.4122
 382 Y  0.4033 0.4633 0.6011 0.2089 -0.3044 -0.1722 0.5289
 383 D  -0.2367 -0.4633 -0.3122 -0.8522 -1.0000 -0.1722 -0.7056
 384 N  -0.2367 -0.3656 -0.2700 -0.7489 -0.0833 -0.4478 -0.5878
 385 E  -0.2556 -0.2678 -0.0644 -0.7733 -0.9644 1.0000 -0.6467
 386 L  0.2367 -0.0733 -0.0100 0.6622 -0.2067 0.7933 -0.0589
 387 Q  -0.2556 -0.1222 -0.0222 -0.5156 -0.3067 0.5867 -0.4122
 388 D  -0.2367 -0.4633 -0.3122 -0.8522 -1.0000 -0.1722 -0.7056
 389 V  0.7522 -0.3167 -0.2578 0.3678 -0.2122 -0.0344 1.0000
 390 K  -0.0978 0.0733 0.1811 -0.9878 0.8078 0.3100 -0.2944
 391 N  -0.2367 -0.3656 -0.2700 -0.7489 -0.0833 -0.4478 -0.5878
 392 K  -0.0978 0.0733 0.1811 -0.9878 0.8078 0.3100 -0.2944
 393 V  0.7522 -0.3167 -0.2578 0.3678 -0.2122 -0.0344 1.0000
 394 Y  0.4033 0.4633 0.6011 0.2089 -0.3044 -0.1722 0.5289
 395 S  -0.3744 -0.7078 -0.6044 -0.4044 -0.2944 -0.5178 -0.2356
 396 R  0.1167 0.4144 0.5178 -1.0000 1.0000 0.5867 -0.4122
 397 D  -0.2367 -0.4633 -0.3122 -0.8522 -1.0000 -0.1722 -0.7056
 398 I  1.0000 -0.0733 -0.0100 0.7244 -0.2067 0.1722 0.7644
 399 F  0.4033 0.4144 0.4578 0.7178 -0.3022 0.1722 0.3533
 400 G  -1.0000 -1.0000 -1.0000 -0.3800 -0.1989 -1.0000 -1.0000
 401 R  0.1167 0.4144 0.5178 -1.0000 1.0000 0.5867 -0.4122
 402 D  -0.2367 -0.4633 -0.3122 -0.8522 -1.0000 -0.1722 -0.7056
