 1 M  0.1222 0.0733 0.0967 0.3744 -0.2911 0.7244 -0.0011
 2 V  0.7522 -0.3167 -0.2578 0.3678 -0.2122 -0.0344 1.0000
 3 P  0.2744 -1.0000 -0.3267 0.0611 -0.0111 -1.0000 0.1178
 4 V  0.7522 -0.3167 -0.2578 0.3678 -0.2122 -0.0344 1.0000
 5 R  0.1167 0.4144 0.5178 -1.0000 1.0000 0.5867 -0.4122
 6 M  0.1222 0.0733 0.0967 0.3744 -0.2911 0.7244 -0.0011
 7 A  -0.3889 -0.7556 -0.7522 -0.1900 -0.1889 1.0000 -0.5289
 8 V  0.7522 -0.3167 -0.2578 0.3678 -0.2122 -0.0344 1.0000
 9 I  1.0000 -0.0733 -0.0100 0.7244 -0.2067 0.1722 0.7644
 10 A  -0.3889 -0.7556 -0.7522 -0.1900 -0.1889 1.0000 -0.5289
 11 D  -0.2367 -0.4633 -0.3122 -0.8522 -1.0000 -0.1722 -0.7056
 12 P  0.2744 -1.0000 -0.3267 0.0611 -0.0111 -1.0000 0.1178
 13 E  -0.2556 -0.2678 -0.0644 -0.7733 -0.9644 1.0000 -0.6467
 14 T  0.4467 -0.4633 -0.3567 -0.2211 -0.3200 -0.4478 0.2356
 15 A  -0.3889 -0.7556 -0.7522 -0.1900 -0.1889 1.0000 -0.5289
 16 Q  -0.2556 -0.1222 -0.0222 -0.5156 -0.3067 0.5867 -0.4122
 17 G  -1.0000 -1.0000 -1.0000 -0.3800 -0.1989 -1.0000 -1.0000
 18 F  0.4033 0.4144 0.4578 0.7178 -0.3022 0.1722 0.3533
 19 R  0.1167 0.4144 0.5178 -1.0000 1.0000 0.5867 -0.4122
 20 L  0.2367 -0.0733 -0.0100 0.6622 -0.2067 0.7933 -0.0589
 21 A  -0.3889 -0.7556 -0.7522 -0.1900 -0.1889 1.0000 -0.5289
 22 G  -1.0000 -1.0000 -1.0000 -0.3800 -0.1989 -1.0000 -1.0000
 23 L  0.2367 -0.0733 -0.0100 0.6622 -0.2067 0.7933 -0.0589
 24 E  -0.2556 -0.2678 -0.0644 -0.7733 -0.9644 1.0000 -0.6467
 25 G  -1.0000 -1.0000 -1.0000 -0.3800 -0.1989 -1.0000 -1.0000
 26 Y  0.4033 0.4633 0.6011 0.2089 -0.3044 -0.1722 0.5289
 27 G  -1.0000 -1.0000 -1.0000 -0.3800 -0.1989 -1.0000 -1.0000
 28 A  -0.3889 -0.7556 -0.7522 -0.1900 -0.1889 1.0000 -0.5289
 29 S  -0.3744 -0.7078 -0.6044 -0.4044 -0.2944 -0.5178 -0.2356
 30 S  -0.3744 -0.7078 -0.6044 -0.4044 -0.2944 -0.5178 -0.2356
 31 A  -0.3889 -0.7556 -0.7522 -0.1900 -0.1889 1.0000 -0.5289
 32 E  -0.2556 -0.2678 -0.0644 -0.7733 -0.9644 1.0000 -0.6467
 33 E  -0.2556 -0.2678 -0.0644 -0.7733 -0.9644 1.0000 -0.6467
 34 A  -0.3889 -0.7556 -0.7522 -0.1900 -0.1889 1.0000 -0.5289
 35 Q  -0.2556 -0.1222 -0.0222 -0.5156 -0.3067 0.5867 -0.4122
 36 S  -0.3744 -0.7078 -0.6044 -0.4044 -0.2944 -0.5178 -0.2356
 37 L  0.2367 -0.0733 -0.0100 0.6622 -0.2067 0.7933 -0.0589
 38 L  0.2367 -0.0733 -0.0100 0.6622 -0.2067 0.7933 -0.0589
 39 E  -0.2556 -0.2678 -0.0644 -0.7733 -0.9644 1.0000 -0.6467
 40 T  0.4467 -0.4633 -0.3567 -0.2211 -0.3200 -0.4478 0.2356
 41 L  0.2367 -0.0733 -0.0100 0.6622 -0.2067 0.7933 -0.0589
 42 V  0.7522 -0.3167 -0.2578 0.3678 -0.2122 -0.0344 1.0000
 43 E  -0.2556 -0.2678 -0.0644 -0.7733 -0.9644 1.0000 -0.6467
 44 R  0.1167 0.4144 0.5178 -1.0000 1.0000 0.5867 -0.4122
 45 G  -1.0000 -1.0000 -1.0000 -0.3800 -0.1989 -1.0000 -1.0000
 46 G  -1.0000 -1.0000 -1.0000 -0.3800 -0.1989 -1.0000 -1.0000
 47 Y  0.4033 0.4633 0.6011 0.2089 -0.3044 -0.1722 0.5289
 48 A  -0.3889 -0.7556 -0.7522 -0.1900 -0.1889 1.0000 -0.5289
 49 L  0.2367 -0.0733 -0.0100 0.6622 -0.2067 0.7933 -0.0589
 50 V  0.7522 -0.3167 -0.2578 0.3678 -0.2122 -0.0344 1.0000
 51 A  -0.3889 -0.7556 -0.7522 -0.1900 -0.1889 1.0000 -0.5289
 52 V  0.7522 -0.3167 -0.2578 0.3678 -0.2122 -0.0344 1.0000
 53 D  -0.2367 -0.4633 -0.3122 -0.8522 -1.0000 -0.1722 -0.7056
 54 E  -0.2556 -0.2678 -0.0644 -0.7733 -0.9644 1.0000 -0.6467
 55 A  -0.3889 -0.7556 -0.7522 -0.1900 -0.1889 1.0000 -0.5289
 56 L  0.2367 -0.0733 -0.0100 0.6622 -0.2067 0.7933 -0.0589
 57 L  0.2367 -0.0733 -0.0100 0.6622 -0.2067 0.7933 -0.0589
 58 P  0.2744 -1.0000 -0.3267 0.0611 -0.0111 -1.0000 0.1178
 59 D  -0.2367 -0.4633 -0.3122 -0.8522 -1.0000 -0.1722 -0.7056
 60 P  0.2744 -1.0000 -0.3267 0.0611 -0.0111 -1.0000 0.1178
 61 E  -0.2556 -0.2678 -0.0644 -0.7733 -0.9644 1.0000 -0.6467
 62 R  0.1167 0.4144 0.5178 -1.0000 1.0000 0.5867 -0.4122
 63 A  -0.3889 -0.7556 -0.7522 -0.1900 -0.1889 1.0000 -0.5289
 64 V  0.7522 -0.3167 -0.2578 0.3678 -0.2122 -0.0344 1.0000
 65 E  -0.2556 -0.2678 -0.0644 -0.7733 -0.9644 1.0000 -0.6467
 66 R  0.1167 0.4144 0.5178 -1.0000 1.0000 0.5867 -0.4122
 67 L  0.2367 -0.0733 -0.0100 0.6622 -0.2067 0.7933 -0.0589
 68 M  0.1222 0.0733 0.0967 0.3744 -0.2911 0.7244 -0.0011
 69 R  0.1167 0.4144 0.5178 -1.0000 1.0000 0.5867 -0.4122
 70 G  -1.0000 -1.0000 -1.0000 -0.3800 -0.1989 -1.0000 -1.0000
 71 R  0.1167 0.4144 0.5178 -1.0000 1.0000 0.5867 -0.4122
 72 D  -0.2367 -0.4633 -0.3122 -0.8522 -1.0000 -0.1722 -0.7056
 73 L  0.2367 -0.0733 -0.0100 0.6622 -0.2067 0.7933 -0.0589
 74 P  0.2744 -1.0000 -0.3267 0.0611 -0.0111 -1.0000 0.1178
 75 V  0.7522 -0.3167 -0.2578 0.3678 -0.2122 -0.0344 1.0000
 76 L  0.2367 -0.0733 -0.0100 0.6622 -0.2067 0.7933 -0.0589
 77 L  0.2367 -0.0733 -0.0100 0.6622 -0.2067 0.7933 -0.0589
 78 P  0.2744 -1.0000 -0.3267 0.0611 -0.0111 -1.0000 0.1178
 79 I  1.0000 -0.0733 -0.0100 0.7244 -0.2067 0.1722 0.7644
 80 A  -0.3889 -0.7556 -0.7522 -0.1900 -0.1889 1.0000 -0.5289
 81 G  -1.0000 -1.0000 -1.0000 -0.3800 -0.1989 -1.0000 -1.0000
 82 L  0.2367 -0.0733 -0.0100 0.6622 -0.2067 0.7933 -0.0589
 83 K  -0.0978 0.0733 0.1811 -0.9878 0.8078 0.3100 -0.2944
 84 E  -0.2556 -0.2678 -0.0644 -0.7733 -0.9644 1.0000 -0.6467
 85 A  -0.3889 -0.7556 -0.7522 -0.1900 -0.1889 1.0000 -0.5289
 86 F  0.4033 0.4144 0.4578 0.7178 -0.3022 0.1722 0.3533
 87 Q  -0.2556 -0.1222 -0.0222 -0.5156 -0.3067 0.5867 -0.4122
 88 G  -1.0000 -1.0000 -1.0000 -0.3800 -0.1989 -1.0000 -1.0000
 89 H  0.4267 0.1222 0.1533 -0.3011 0.2167 -0.0344 -0.1178
 90 D  -0.2367 -0.4633 -0.3122 -0.8522 -1.0000 -0.1722 -0.7056
 91 V  0.7522 -0.3167 -0.2578 0.3678 -0.2122 -0.0344 1.0000
 92 E  -0.2556 -0.2678 -0.0644 -0.7733 -0.9644 1.0000 -0.6467
 93 G  -1.0000 -1.0000 -1.0000 -0.3800 -0.1989 -1.0000 -1.0000
 94 Y  0.4033 0.4633 0.6011 0.2089 -0.3044 -0.1722 0.5289
 95 M  0.1222 0.0733 0.0967 0.3744 -0.2911 0.7244 -0.0011
 96 R  0.1167 0.4144 0.5178 -1.0000 1.0000 0.5867 -0.4122
 97 E  -0.2556 -0.2678 -0.0644 -0.7733 -0.9644 1.0000 -0.6467
 98 L  0.2367 -0.0733 -0.0100 0.6622 -0.2067 0.7933 -0.0589
 99 V  0.7522 -0.3167 -0.2578 0.3678 -0.2122 -0.0344 1.0000
 100 R  0.1167 0.4144 0.5178 -1.0000 1.0000 0.5867 -0.4122
 101 K  -0.0978 0.0733 0.1811 -0.9878 0.8078 0.3100 -0.2944
 102 T  0.4467 -0.4633 -0.3567 -0.2211 -0.3200 -0.4478 0.2356
 103 I  1.0000 -0.0733 -0.0100 0.7244 -0.2067 0.1722 0.7644
 104 G  -1.0000 -1.0000 -1.0000 -0.3800 -0.1989 -1.0000 -1.0000
 105 F  0.4033 0.4144 0.4578 0.7178 -0.3022 0.1722 0.3533
 106 D  -0.2367 -0.4633 -0.3122 -0.8522 -1.0000 -0.1722 -0.7056
 107 I  1.0000 -0.0733 -0.0100 0.7244 -0.2067 0.1722 0.7644
 108 K  -0.0978 0.0733 0.1811 -0.9878 0.8078 0.3100 -0.2944
 109 L  0.2367 -0.0733 -0.0100 0.6622 -0.2067 0.7933 -0.0589
