 3 P  0.2744 -1.0000 -0.3267 0.0611 -0.0111 -1.0000 0.1178
 4 I  1.0000 -0.0733 -0.0100 0.7244 -0.2067 0.1722 0.7644
 5 Q  -0.2556 -0.1222 -0.0222 -0.5156 -0.3067 0.5867 -0.4122
 6 S  -0.3744 -0.7078 -0.6044 -0.4044 -0.2944 -0.5178 -0.2356
 7 I  1.0000 -0.0733 -0.0100 0.7244 -0.2067 0.1722 0.7644
 8 K  -0.0978 0.0733 0.1811 -0.9878 0.8078 0.3100 -0.2944
 9 V  0.7522 -0.3167 -0.2578 0.3678 -0.2122 -0.0344 1.0000
 10 D  -0.2367 -0.4633 -0.3122 -0.8522 -1.0000 -0.1722 -0.7056
 11 P  0.2744 -1.0000 -0.3267 0.0611 -0.0111 -1.0000 0.1178
 12 M  0.1222 0.0733 0.0967 0.3744 -0.2911 0.7244 -0.0011
 13 K  -0.0978 0.0733 0.1811 -0.9878 0.8078 0.3100 -0.2944
 14 S  -0.3744 -0.7078 -0.6044 -0.4044 -0.2944 -0.5178 -0.2356
 15 G  -1.0000 -1.0000 -1.0000 -0.3800 -0.1989 -1.0000 -1.0000
 16 G  -1.0000 -1.0000 -1.0000 -0.3800 -0.1989 -1.0000 -1.0000
 17 L  0.2367 -0.0733 -0.0100 0.6622 -0.2067 0.7933 -0.0589
 18 G  -1.0000 -1.0000 -1.0000 -0.3800 -0.1989 -1.0000 -1.0000
 19 V  0.7522 -0.3167 -0.2578 0.3678 -0.2122 -0.0344 1.0000
 20 V  0.7522 -0.3167 -0.2578 0.3678 -0.2122 -0.0344 1.0000
 21 Y  0.4033 0.4633 0.6011 0.2089 -0.3044 -0.1722 0.5289
 22 R  0.1167 0.4144 0.5178 -1.0000 1.0000 0.5867 -0.4122
 23 S  -0.3744 -0.7078 -0.6044 -0.4044 -0.2944 -0.5178 -0.2356
 24 P  0.2744 -1.0000 -0.3267 0.0611 -0.0111 -1.0000 0.1178
 25 D  -0.2367 -0.4633 -0.3122 -0.8522 -1.0000 -0.1722 -0.7056
 26 K  -0.0978 0.0733 0.1811 -0.9878 0.8078 0.3100 -0.2944
 27 G  -1.0000 -1.0000 -1.0000 -0.3800 -0.1989 -1.0000 -1.0000
 28 R  0.1167 0.4144 0.5178 -1.0000 1.0000 0.5867 -0.4122
 29 V  0.7522 -0.3167 -0.2578 0.3678 -0.2122 -0.0344 1.0000
 30 S  -0.3744 -0.7078 -0.6044 -0.4044 -0.2944 -0.5178 -0.2356
 31 L  0.2367 -0.0733 -0.0100 0.6622 -0.2067 0.7933 -0.0589
 32 Y  0.4033 0.4633 0.6011 0.2089 -0.3044 -0.1722 0.5289
 33 L  0.2367 -0.0733 -0.0100 0.6622 -0.2067 0.7933 -0.0589
 34 Y  0.4033 0.4633 0.6011 0.2089 -0.3044 -0.1722 0.5289
 35 N  -0.2367 -0.3656 -0.2700 -0.7489 -0.0833 -0.4478 -0.5878
 36 D  -0.2367 -0.4633 -0.3122 -0.8522 -1.0000 -0.1722 -0.7056
 37 G  -1.0000 -1.0000 -1.0000 -0.3800 -0.1989 -1.0000 -1.0000
 38 E  -0.2556 -0.2678 -0.0644 -0.7733 -0.9644 1.0000 -0.6467
 39 D  -0.2367 -0.4633 -0.3122 -0.8522 -1.0000 -0.1722 -0.7056
 40 I  1.0000 -0.0733 -0.0100 0.7244 -0.2067 0.1722 0.7644
 41 L  0.2367 -0.0733 -0.0100 0.6622 -0.2067 0.7933 -0.0589
 42 L  0.2367 -0.0733 -0.0100 0.6622 -0.2067 0.7933 -0.0589
 43 V  0.7522 -0.3167 -0.2578 0.3678 -0.2122 -0.0344 1.0000
 44 V  0.7522 -0.3167 -0.2578 0.3678 -0.2122 -0.0344 1.0000
 45 D  -0.2367 -0.4633 -0.3122 -0.8522 -1.0000 -0.1722 -0.7056
 46 A  -0.3889 -0.7556 -0.7522 -0.1900 -0.1889 1.0000 -0.5289
 47 R  0.1167 0.4144 0.5178 -1.0000 1.0000 0.5867 -0.4122
 48 F  0.4033 0.4144 0.4578 0.7178 -0.3022 0.1722 0.3533
 49 D  -0.2367 -0.4633 -0.3122 -0.8522 -1.0000 -0.1722 -0.7056
 50 W  0.5322 1.0000 1.0000 1.0000 -0.2322 0.3100 0.5878
 51 R  0.1167 0.4144 0.5178 -1.0000 1.0000 0.5867 -0.4122
 52 G  -1.0000 -1.0000 -1.0000 -0.3800 -0.1989 -1.0000 -1.0000
 53 E  -0.2556 -0.2678 -0.0644 -0.7733 -0.9644 1.0000 -0.6467
 54 Q  -0.2556 -0.1222 -0.0222 -0.5156 -0.3067 0.5867 -0.4122
 55 N  -0.2367 -0.3656 -0.2700 -0.7489 -0.0833 -0.4478 -0.5878
 56 V  0.7522 -0.3167 -0.2578 0.3678 -0.2122 -0.0344 1.0000
 57 L  0.2367 -0.0733 -0.0100 0.6622 -0.2067 0.7933 -0.0589
 58 V  0.7522 -0.3167 -0.2578 0.3678 -0.2122 -0.0344 1.0000
 59 L  0.2367 -0.0733 -0.0100 0.6622 -0.2067 0.7933 -0.0589
 60 N  -0.2367 -0.3656 -0.2700 -0.7489 -0.0833 -0.4478 -0.5878
 61 S  -0.3744 -0.7078 -0.6044 -0.4044 -0.2944 -0.5178 -0.2356
 62 K  -0.0978 0.0733 0.1811 -0.9878 0.8078 0.3100 -0.2944
 63 F  0.4033 0.4144 0.4578 0.7178 -0.3022 0.1722 0.3533
 ! !  -1.0000 -1.0000 -1.0000 -1.0000 -1.0000 -1.0000 -1.0000
 68 W  0.5322 1.0000 1.0000 1.0000 -0.2322 0.3100 0.5878
 69 G  -1.0000 -1.0000 -1.0000 -0.3800 -0.1989 -1.0000 -1.0000
 70 P  0.2744 -1.0000 -0.3267 0.0611 -0.0111 -1.0000 0.1178
 71 E  -0.2556 -0.2678 -0.0644 -0.7733 -0.9644 1.0000 -0.6467
 72 V  0.7522 -0.3167 -0.2578 0.3678 -0.2122 -0.0344 1.0000
 73 R  0.1167 0.4144 0.5178 -1.0000 1.0000 0.5867 -0.4122
 74 P  0.2744 -1.0000 -0.3267 0.0611 -0.0111 -1.0000 0.1178
 75 E  -0.2556 -0.2678 -0.0644 -0.7733 -0.9644 1.0000 -0.6467
 76 G  -1.0000 -1.0000 -1.0000 -0.3800 -0.1989 -1.0000 -1.0000
 77 F  0.4033 0.4144 0.4578 0.7178 -0.3022 0.1722 0.3533
 78 P  0.2744 -1.0000 -0.3267 0.0611 -0.0111 -1.0000 0.1178
 79 F  0.4033 0.4144 0.4578 0.7178 -0.3022 0.1722 0.3533
 80 P  0.2744 -1.0000 -0.3267 0.0611 -0.0111 -1.0000 0.1178
 81 C  -0.1556 -0.3656 -0.3989 0.5644 -0.1267 -0.7244 0.5289
 82 C  -0.1556 -0.3656 -0.3989 0.5644 -0.1267 -0.7244 0.5289
 83 G  -1.0000 -1.0000 -1.0000 -0.3800 -0.1989 -1.0000 -1.0000
 84 Y  0.4033 0.4633 0.6011 0.2089 -0.3044 -0.1722 0.5289
 85 V  0.7522 -0.3167 -0.2578 0.3678 -0.2122 -0.0344 1.0000
 86 T  0.4467 -0.4633 -0.3567 -0.2211 -0.3200 -0.4478 0.2356
 87 T  0.4467 -0.4633 -0.3567 -0.2211 -0.3200 -0.4478 0.2356
 88 I  1.0000 -0.0733 -0.0100 0.7244 -0.2067 0.1722 0.7644
 89 T  0.4467 -0.4633 -0.3567 -0.2211 -0.3200 -0.4478 0.2356
 90 V  0.7522 -0.3167 -0.2578 0.3678 -0.2122 -0.0344 1.0000
 91 R  0.1167 0.4144 0.5178 -1.0000 1.0000 0.5867 -0.4122
 92 V  0.7522 -0.3167 -0.2578 0.3678 -0.2122 -0.0344 1.0000
 93 E  -0.2556 -0.2678 -0.0644 -0.7733 -0.9644 1.0000 -0.6467
 94 I  1.0000 -0.0733 -0.0100 0.7244 -0.2067 0.1722 0.7644
 95 G  -1.0000 -1.0000 -1.0000 -0.3800 -0.1989 -1.0000 -1.0000
 96 A  -0.3889 -0.7556 -0.7522 -0.1900 -0.1889 1.0000 -0.5289
 97 D  -0.2367 -0.4633 -0.3122 -0.8522 -1.0000 -0.1722 -0.7056
 98 G  -1.0000 -1.0000 -1.0000 -0.3800 -0.1989 -1.0000 -1.0000
 99 F  0.4033 0.4144 0.4578 0.7178 -0.3022 0.1722 0.3533
 100 T  0.4467 -0.4633 -0.3567 -0.2211 -0.3200 -0.4478 0.2356
 101 L  0.2367 -0.0733 -0.0100 0.6622 -0.2067 0.7933 -0.0589
 102 S  -0.3744 -0.7078 -0.6044 -0.4044 -0.2944 -0.5178 -0.2356
 103 A  -0.3889 -0.7556 -0.7522 -0.1900 -0.1889 1.0000 -0.5289
 104 N  -0.2367 -0.3656 -0.2700 -0.7489 -0.0833 -0.4478 -0.5878
 105 G  -1.0000 -1.0000 -1.0000 -0.3800 -0.1989 -1.0000 -1.0000
 106 I  1.0000 -0.0733 -0.0100 0.7244 -0.2067 0.1722 0.7644
 107 E  -0.2556 -0.2678 -0.0644 -0.7733 -0.9644 1.0000 -0.6467
 108 I  1.0000 -0.0733 -0.0100 0.7244 -0.2067 0.1722 0.7644
 109 V  0.7522 -0.3167 -0.2578 0.3678 -0.2122 -0.0344 1.0000
 110 K  -0.0978 0.0733 0.1811 -0.9878 0.8078 0.3100 -0.2944
 111 Y  0.4033 0.4633 0.6011 0.2089 -0.3044 -0.1722 0.5289
 112 P  0.2744 -1.0000 -0.3267 0.0611 -0.0111 -1.0000 0.1178
 113 Y  0.4033 0.4633 0.6011 0.2089 -0.3044 -0.1722 0.5289
 114 R  0.1167 0.4144 0.5178 -1.0000 1.0000 0.5867 -0.4122
 115 D  -0.2367 -0.4633 -0.3122 -0.8522 -1.0000 -0.1722 -0.7056
 116 G  -1.0000 -1.0000 -1.0000 -0.3800 -0.1989 -1.0000 -1.0000
 117 L  0.2367 -0.0733 -0.0100 0.6622 -0.2067 0.7933 -0.0589
 118 P  0.2744 -1.0000 -0.3267 0.0611 -0.0111 -1.0000 0.1178
 119 P  0.2744 -1.0000 -0.3267 0.0611 -0.0111 -1.0000 0.1178
 120 P  0.2744 -1.0000 -0.3267 0.0611 -0.0111 -1.0000 0.1178
 121 V  0.7522 -0.3167 -0.2578 0.3678 -0.2122 -0.0344 1.0000
 122 T  0.4467 -0.4633 -0.3567 -0.2211 -0.3200 -0.4478 0.2356
 123 K  -0.0978 0.0733 0.1811 -0.9878 0.8078 0.3100 -0.2944
 124 F  0.4033 0.4144 0.4578 0.7178 -0.3022 0.1722 0.3533
 125 Q  -0.2556 -0.1222 -0.0222 -0.5156 -0.3067 0.5867 -0.4122
 126 Y  0.4033 0.4633 0.6011 0.2089 -0.3044 -0.1722 0.5289
 127 V  0.7522 -0.3167 -0.2578 0.3678 -0.2122 -0.0344 1.0000
 128 F  0.4033 0.4144 0.4578 0.7178 -0.3022 0.1722 0.3533
 129 Q  -0.2556 -0.1222 -0.0222 -0.5156 -0.3067 0.5867 -0.4122
 130 D  -0.2367 -0.4633 -0.3122 -0.8522 -1.0000 -0.1722 -0.7056
 131 Q  -0.2556 -0.1222 -0.0222 -0.5156 -0.3067 0.5867 -0.4122
 132 G  -1.0000 -1.0000 -1.0000 -0.3800 -0.1989 -1.0000 -1.0000
 133 A  -0.3889 -0.7556 -0.7522 -0.1900 -0.1889 1.0000 -0.5289
 134 S  -0.3744 -0.7078 -0.6044 -0.4044 -0.2944 -0.5178 -0.2356
 135 E  -0.2556 -0.2678 -0.0644 -0.7733 -0.9644 1.0000 -0.6467
 136 T  0.4467 -0.4633 -0.3567 -0.2211 -0.3200 -0.4478 0.2356
 137 A  -0.3889 -0.7556 -0.7522 -0.1900 -0.1889 1.0000 -0.5289
 138 Q  -0.2556 -0.1222 -0.0222 -0.5156 -0.3067 0.5867 -0.4122
 139 L  0.2367 -0.0733 -0.0100 0.6622 -0.2067 0.7933 -0.0589
 140 E  -0.2556 -0.2678 -0.0644 -0.7733 -0.9644 1.0000 -0.6467
 141 S  -0.3744 -0.7078 -0.6044 -0.4044 -0.2944 -0.5178 -0.2356
 142 L  0.2367 -0.0733 -0.0100 0.6622 -0.2067 0.7933 -0.0589
 143 S  -0.3744 -0.7078 -0.6044 -0.4044 -0.2944 -0.5178 -0.2356
 144 A  -0.3889 -0.7556 -0.7522 -0.1900 -0.1889 1.0000 -0.5289
 145 Y  0.4033 0.4633 0.6011 0.2089 -0.3044 -0.1722 0.5289
 146 Y  0.4033 0.4633 0.6011 0.2089 -0.3044 -0.1722 0.5289
