 1 M   -0.0909 -0.1818 -0.2727 -0.3636 -0.1818  0.0000 -0.1818 -0.3636 -0.1818  0.0909  0.1818 -0.1818  0.5455  0.0000 -0.2727 -0.1818 -0.0909 -0.1818 -0.1818  0.0909 -0.2727  0.1818 -0.0909 -0.0909 -0.5455
 2 K   -0.0909  0.1818  0.0000 -0.0909 -0.3636  0.0909  0.0909 -0.1818 -0.0909 -0.2727 -0.2727  0.4545 -0.1818 -0.3636 -0.0909 -0.0909 -0.0909 -0.3636 -0.2727 -0.2727 -0.0909 -0.2727  0.0909 -0.0909 -0.5455
 3 I   -0.1818 -0.2727 -0.3636 -0.3636 -0.1818 -0.2727 -0.3636 -0.4545 -0.3636  0.4545  0.0909 -0.2727  0.0909 -0.0909 -0.3636 -0.2727 -0.0909 -0.2727 -0.1818  0.2727 -0.3636  0.2727 -0.3636 -0.0909 -0.5455
 4 G    0.0000 -0.2727 -0.0909 -0.1818 -0.3636 -0.1818 -0.2727  0.5455 -0.2727 -0.4545 -0.3636 -0.1818 -0.3636 -0.3636 -0.2727 -0.0909 -0.1818 -0.3636 -0.3636 -0.3636 -0.0909 -0.4545 -0.2727 -0.0909 -0.5455
 5 I   -0.1818 -0.2727 -0.3636 -0.3636 -0.1818 -0.2727 -0.3636 -0.4545 -0.3636  0.4545  0.0909 -0.2727  0.0909 -0.0909 -0.3636 -0.2727 -0.0909 -0.2727 -0.1818  0.2727 -0.3636  0.2727 -0.3636 -0.0909 -0.5455
 6 F   -0.2727 -0.3636 -0.3636 -0.3636 -0.2727 -0.3636 -0.3636 -0.3636 -0.1818 -0.0909  0.0000 -0.3636  0.0000  0.5455 -0.3636 -0.2727 -0.1818  0.0000  0.2727 -0.0909 -0.3636  0.0000 -0.3636 -0.0909 -0.5455
 7 D   -0.1818 -0.1818  0.0909  0.5455 -0.3636 -0.0909  0.0909 -0.1818 -0.1818 -0.3636 -0.4545 -0.0909 -0.3636 -0.3636 -0.1818 -0.0909 -0.0909 -0.5455 -0.3636 -0.3636  0.4545 -0.4545  0.0909 -0.0909 -0.5455
 8 S    0.0909 -0.0909  0.0000 -0.0909 -0.1818  0.0000  0.0000 -0.0909 -0.0909 -0.2727 -0.2727 -0.0909 -0.1818 -0.2727 -0.0909  0.4545  0.0909 -0.3636 -0.1818 -0.1818  0.0000 -0.2727  0.0000 -0.0909 -0.5455
 9 G    0.0000 -0.2727 -0.0909 -0.1818 -0.3636 -0.1818 -0.2727  0.5455 -0.2727 -0.4545 -0.3636 -0.1818 -0.3636 -0.3636 -0.2727 -0.0909 -0.1818 -0.3636 -0.3636 -0.3636 -0.0909 -0.4545 -0.2727 -0.0909 -0.5455
 10 V    0.0000 -0.2727 -0.3636 -0.3636 -0.0909 -0.2727 -0.2727 -0.3636 -0.3636  0.2727  0.0909 -0.2727  0.0909 -0.0909 -0.2727 -0.1818  0.0000 -0.2727 -0.1818  0.3636 -0.3636  0.1818 -0.2727 -0.0909 -0.5455
 11 G    0.0000 -0.2727 -0.0909 -0.1818 -0.3636 -0.1818 -0.2727  0.5455 -0.2727 -0.4545 -0.3636 -0.1818 -0.3636 -0.3636 -0.2727 -0.0909 -0.1818 -0.3636 -0.3636 -0.3636 -0.0909 -0.4545 -0.2727 -0.0909 -0.5455
 12 G    0.0000 -0.2727 -0.0909 -0.1818 -0.3636 -0.1818 -0.2727  0.5455 -0.2727 -0.4545 -0.3636 -0.1818 -0.3636 -0.3636 -0.2727 -0.0909 -0.1818 -0.3636 -0.3636 -0.3636 -0.0909 -0.4545 -0.2727 -0.0909 -0.5455
 13 L   -0.1818 -0.2727 -0.3636 -0.4545 -0.1818 -0.2727 -0.3636 -0.3636 -0.2727  0.0909  0.3636 -0.2727  0.1818  0.0000 -0.2727 -0.2727 -0.1818 -0.1818 -0.1818  0.0909 -0.3636  0.2727 -0.2727 -0.0909 -0.5455
 14 T    0.0000 -0.0909  0.0000 -0.0909 -0.0909 -0.0909 -0.0909 -0.1818 -0.1818 -0.0909 -0.1818 -0.0909 -0.0909 -0.1818 -0.1818  0.0909  0.4545 -0.3636 -0.1818  0.0000 -0.0909 -0.0909 -0.0909 -0.0909 -0.5455
 15 V    0.0000 -0.2727 -0.3636 -0.3636 -0.0909 -0.2727 -0.2727 -0.3636 -0.3636  0.2727  0.0909 -0.2727  0.0909 -0.0909 -0.2727 -0.1818  0.0000 -0.2727 -0.1818  0.3636 -0.3636  0.1818 -0.2727 -0.0909 -0.5455
 16 L   -0.1818 -0.2727 -0.3636 -0.4545 -0.1818 -0.2727 -0.3636 -0.3636 -0.2727  0.0909  0.3636 -0.2727  0.1818  0.0000 -0.2727 -0.2727 -0.1818 -0.1818 -0.1818  0.0909 -0.3636  0.2727 -0.2727 -0.0909 -0.5455
 17 K   -0.0909  0.1818  0.0000 -0.0909 -0.3636  0.0909  0.0909 -0.1818 -0.0909 -0.2727 -0.2727  0.4545 -0.1818 -0.3636 -0.0909 -0.0909 -0.0909 -0.3636 -0.2727 -0.2727 -0.0909 -0.2727  0.0909 -0.0909 -0.5455
 18 A    0.4545 -0.1818 -0.1818 -0.1818 -0.0909 -0.0909 -0.0909  0.0000 -0.1818 -0.1818 -0.1818 -0.0909 -0.0909 -0.2727 -0.0909  0.0909  0.0000 -0.2727 -0.1818  0.0000 -0.1818 -0.1818 -0.0909 -0.0909 -0.5455
 19 I   -0.1818 -0.2727 -0.3636 -0.3636 -0.1818 -0.2727 -0.3636 -0.4545 -0.3636  0.4545  0.0909 -0.2727  0.0909 -0.0909 -0.3636 -0.2727 -0.0909 -0.2727 -0.1818  0.2727 -0.3636  0.2727 -0.3636 -0.0909 -0.5455
 20 R   -0.1818  0.5455 -0.0909 -0.1818 -0.3636  0.0909 -0.0909 -0.2727  0.0000 -0.2727 -0.2727  0.1818 -0.1818 -0.3636 -0.1818 -0.0909 -0.0909 -0.3636 -0.2727 -0.2727 -0.0909 -0.2727  0.0000 -0.0909 -0.5455
 21 N   -0.1818 -0.0909  0.5455  0.0909 -0.2727  0.0000 -0.0909 -0.0909  0.0000 -0.3636 -0.3636  0.0000 -0.2727 -0.3636 -0.2727  0.0000  0.0000 -0.3636 -0.2727 -0.3636  0.4545 -0.3636  0.0000 -0.0909 -0.5455
 22 R   -0.1818  0.5455 -0.0909 -0.1818 -0.3636  0.0909 -0.0909 -0.2727  0.0000 -0.2727 -0.2727  0.1818 -0.1818 -0.3636 -0.1818 -0.0909 -0.0909 -0.3636 -0.2727 -0.2727 -0.0909 -0.2727  0.0000 -0.0909 -0.5455
 23 Y   -0.1818 -0.2727 -0.2727 -0.3636 -0.2727 -0.1818 -0.2727 -0.3636  0.1818 -0.1818 -0.1818 -0.2727 -0.1818  0.2727 -0.3636 -0.1818 -0.1818  0.1818  0.6364 -0.1818 -0.2727 -0.1818 -0.2727 -0.0909 -0.5455
 24 R   -0.1818  0.5455 -0.0909 -0.1818 -0.3636  0.0909 -0.0909 -0.2727  0.0000 -0.2727 -0.2727  0.1818 -0.1818 -0.3636 -0.1818 -0.0909 -0.0909 -0.3636 -0.2727 -0.2727 -0.0909 -0.2727  0.0000 -0.0909 -0.5455
 25 K   -0.0909  0.1818  0.0000 -0.0909 -0.3636  0.0909  0.0909 -0.1818 -0.0909 -0.2727 -0.2727  0.4545 -0.1818 -0.3636 -0.0909 -0.0909 -0.0909 -0.3636 -0.2727 -0.2727 -0.0909 -0.2727  0.0909 -0.0909 -0.5455
 26 V    0.0000 -0.2727 -0.3636 -0.3636 -0.0909 -0.2727 -0.2727 -0.3636 -0.3636  0.2727  0.0909 -0.2727  0.0909 -0.0909 -0.2727 -0.1818  0.0000 -0.2727 -0.1818  0.3636 -0.3636  0.1818 -0.2727 -0.0909 -0.5455
 27 D   -0.1818 -0.1818  0.0909  0.5455 -0.3636 -0.0909  0.0909 -0.1818 -0.1818 -0.3636 -0.4545 -0.0909 -0.3636 -0.3636 -0.1818 -0.0909 -0.0909 -0.5455 -0.3636 -0.3636  0.4545 -0.4545  0.0909 -0.0909 -0.5455
 28 I   -0.1818 -0.2727 -0.3636 -0.3636 -0.1818 -0.2727 -0.3636 -0.4545 -0.3636  0.4545  0.0909 -0.2727  0.0909 -0.0909 -0.3636 -0.2727 -0.0909 -0.2727 -0.1818  0.2727 -0.3636  0.2727 -0.3636 -0.0909 -0.5455
 29 V    0.0000 -0.2727 -0.3636 -0.3636 -0.0909 -0.2727 -0.2727 -0.3636 -0.3636  0.2727  0.0909 -0.2727  0.0909 -0.0909 -0.2727 -0.1818  0.0000 -0.2727 -0.1818  0.3636 -0.3636  0.1818 -0.2727 -0.0909 -0.5455
 30 Y   -0.1818 -0.2727 -0.2727 -0.3636 -0.2727 -0.1818 -0.2727 -0.3636  0.1818 -0.1818 -0.1818 -0.2727 -0.1818  0.2727 -0.3636 -0.1818 -0.1818  0.1818  0.6364 -0.1818 -0.2727 -0.1818 -0.2727 -0.0909 -0.5455
 31 L   -0.1818 -0.2727 -0.3636 -0.4545 -0.1818 -0.2727 -0.3636 -0.3636 -0.2727  0.0909  0.3636 -0.2727  0.1818  0.0000 -0.2727 -0.2727 -0.1818 -0.1818 -0.1818  0.0909 -0.3636  0.2727 -0.2727 -0.0909 -0.5455
 32 G    0.0000 -0.2727 -0.0909 -0.1818 -0.3636 -0.1818 -0.2727  0.5455 -0.2727 -0.4545 -0.3636 -0.1818 -0.3636 -0.3636 -0.2727 -0.0909 -0.1818 -0.3636 -0.3636 -0.3636 -0.0909 -0.4545 -0.2727 -0.0909 -0.5455
 33 D   -0.1818 -0.1818  0.0909  0.5455 -0.3636 -0.0909  0.0909 -0.1818 -0.1818 -0.3636 -0.4545 -0.0909 -0.3636 -0.3636 -0.1818 -0.0909 -0.0909 -0.5455 -0.3636 -0.3636  0.4545 -0.4545  0.0909 -0.0909 -0.5455
 34 T    0.0000 -0.0909  0.0000 -0.0909 -0.0909 -0.0909 -0.0909 -0.1818 -0.1818 -0.0909 -0.1818 -0.0909 -0.0909 -0.1818 -0.1818  0.0909  0.4545 -0.3636 -0.1818  0.0000 -0.0909 -0.0909 -0.0909 -0.0909 -0.5455
 35 A    0.4545 -0.1818 -0.1818 -0.1818 -0.0909 -0.0909 -0.0909  0.0000 -0.1818 -0.1818 -0.1818 -0.0909 -0.0909 -0.2727 -0.0909  0.0909  0.0000 -0.2727 -0.1818  0.0000 -0.1818 -0.1818 -0.0909 -0.0909 -0.5455
 36 R   -0.1818  0.5455 -0.0909 -0.1818 -0.3636  0.0909 -0.0909 -0.2727  0.0000 -0.2727 -0.2727  0.1818 -0.1818 -0.3636 -0.1818 -0.0909 -0.0909 -0.3636 -0.2727 -0.2727 -0.0909 -0.2727  0.0000 -0.0909 -0.5455
 37 V    0.0000 -0.2727 -0.3636 -0.3636 -0.0909 -0.2727 -0.2727 -0.3636 -0.3636  0.2727  0.0909 -0.2727  0.0909 -0.0909 -0.2727 -0.1818  0.0000 -0.2727 -0.1818  0.3636 -0.3636  0.1818 -0.2727 -0.0909 -0.5455
 38 P   -0.0909 -0.1818 -0.2727 -0.1818 -0.3636 -0.1818 -0.1818 -0.2727 -0.2727 -0.3636 -0.2727 -0.0909 -0.2727 -0.3636  0.7273 -0.0909 -0.1818 -0.4545 -0.3636 -0.2727 -0.1818 -0.3636 -0.1818 -0.0909 -0.5455
 39 Y   -0.1818 -0.2727 -0.2727 -0.3636 -0.2727 -0.1818 -0.2727 -0.3636  0.1818 -0.1818 -0.1818 -0.2727 -0.1818  0.2727 -0.3636 -0.1818 -0.1818  0.1818  0.6364 -0.1818 -0.2727 -0.1818 -0.2727 -0.0909 -0.5455
 40 G    0.0000 -0.2727 -0.0909 -0.1818 -0.3636 -0.1818 -0.2727  0.5455 -0.2727 -0.4545 -0.3636 -0.1818 -0.3636 -0.3636 -0.2727 -0.0909 -0.1818 -0.3636 -0.3636 -0.3636 -0.0909 -0.4545 -0.2727 -0.0909 -0.5455
 41 I   -0.1818 -0.2727 -0.3636 -0.3636 -0.1818 -0.2727 -0.3636 -0.4545 -0.3636  0.4545  0.0909 -0.2727  0.0909 -0.0909 -0.3636 -0.2727 -0.0909 -0.2727 -0.1818  0.2727 -0.3636  0.2727 -0.3636 -0.0909 -0.5455
 42 R   -0.1818  0.5455 -0.0909 -0.1818 -0.3636  0.0909 -0.0909 -0.2727  0.0000 -0.2727 -0.2727  0.1818 -0.1818 -0.3636 -0.1818 -0.0909 -0.0909 -0.3636 -0.2727 -0.2727 -0.0909 -0.2727  0.0000 -0.0909 -0.5455
 43 S    0.0909 -0.0909  0.0000 -0.0909 -0.1818  0.0000  0.0000 -0.0909 -0.0909 -0.2727 -0.2727 -0.0909 -0.1818 -0.2727 -0.0909  0.4545  0.0909 -0.3636 -0.1818 -0.1818  0.0000 -0.2727  0.0000 -0.0909 -0.5455
 44 K   -0.0909  0.1818  0.0000 -0.0909 -0.3636  0.0909  0.0909 -0.1818 -0.0909 -0.2727 -0.2727  0.4545 -0.1818 -0.3636 -0.0909 -0.0909 -0.0909 -0.3636 -0.2727 -0.2727 -0.0909 -0.2727  0.0909 -0.0909 -0.5455
 45 D   -0.1818 -0.1818  0.0909  0.5455 -0.3636 -0.0909  0.0909 -0.1818 -0.1818 -0.3636 -0.4545 -0.0909 -0.3636 -0.3636 -0.1818 -0.0909 -0.0909 -0.5455 -0.3636 -0.3636  0.4545 -0.4545  0.0909 -0.0909 -0.5455
 46 T    0.0000 -0.0909  0.0000 -0.0909 -0.0909 -0.0909 -0.0909 -0.1818 -0.1818 -0.0909 -0.1818 -0.0909 -0.0909 -0.1818 -0.1818  0.0909  0.4545 -0.3636 -0.1818  0.0000 -0.0909 -0.0909 -0.0909 -0.0909 -0.5455
 47 I   -0.1818 -0.2727 -0.3636 -0.3636 -0.1818 -0.2727 -0.3636 -0.4545 -0.3636  0.4545  0.0909 -0.2727  0.0909 -0.0909 -0.3636 -0.2727 -0.0909 -0.2727 -0.1818  0.2727 -0.3636  0.2727 -0.3636 -0.0909 -0.5455
 48 I   -0.1818 -0.2727 -0.3636 -0.3636 -0.1818 -0.2727 -0.3636 -0.4545 -0.3636  0.4545  0.0909 -0.2727  0.0909 -0.0909 -0.3636 -0.2727 -0.0909 -0.2727 -0.1818  0.2727 -0.3636  0.2727 -0.3636 -0.0909 -0.5455
 49 R   -0.1818  0.5455 -0.0909 -0.1818 -0.3636  0.0909 -0.0909 -0.2727  0.0000 -0.2727 -0.2727  0.1818 -0.1818 -0.3636 -0.1818 -0.0909 -0.0909 -0.3636 -0.2727 -0.2727 -0.0909 -0.2727  0.0000 -0.0909 -0.5455
 50 Y   -0.1818 -0.2727 -0.2727 -0.3636 -0.2727 -0.1818 -0.2727 -0.3636  0.1818 -0.1818 -0.1818 -0.2727 -0.1818  0.2727 -0.3636 -0.1818 -0.1818  0.1818  0.6364 -0.1818 -0.2727 -0.1818 -0.2727 -0.0909 -0.5455
 51 S    0.0909 -0.0909  0.0000 -0.0909 -0.1818  0.0000  0.0000 -0.0909 -0.0909 -0.2727 -0.2727 -0.0909 -0.1818 -0.2727 -0.0909  0.4545  0.0909 -0.3636 -0.1818 -0.1818  0.0000 -0.2727  0.0000 -0.0909 -0.5455
 52 L   -0.1818 -0.2727 -0.3636 -0.4545 -0.1818 -0.2727 -0.3636 -0.3636 -0.2727  0.0909  0.3636 -0.2727  0.1818  0.0000 -0.2727 -0.2727 -0.1818 -0.1818 -0.1818  0.0909 -0.3636  0.2727 -0.2727 -0.0909 -0.5455
 53 E   -0.0909 -0.0909 -0.0909  0.0909 -0.4545  0.1818  0.5455 -0.2727  0.0000 -0.3636 -0.3636  0.0909 -0.1818 -0.3636 -0.1818  0.0000 -0.0909 -0.3636 -0.2727 -0.2727  0.0909 -0.3636  0.4545 -0.0909 -0.5455
 54 C   -0.0909 -0.3636 -0.2727 -0.3636  0.8182 -0.3636 -0.4545 -0.3636 -0.3636 -0.1818 -0.1818 -0.3636 -0.1818 -0.2727 -0.3636 -0.1818 -0.0909 -0.2727 -0.2727 -0.0909 -0.3636 -0.1818 -0.3636 -0.0909 -0.5455
 55 A    0.4545 -0.1818 -0.1818 -0.1818 -0.0909 -0.0909 -0.0909  0.0000 -0.1818 -0.1818 -0.1818 -0.0909 -0.0909 -0.2727 -0.0909  0.0909  0.0000 -0.2727 -0.1818  0.0000 -0.1818 -0.1818 -0.0909 -0.0909 -0.5455
 56 G    0.0000 -0.2727 -0.0909 -0.1818 -0.3636 -0.1818 -0.2727  0.5455 -0.2727 -0.4545 -0.3636 -0.1818 -0.3636 -0.3636 -0.2727 -0.0909 -0.1818 -0.3636 -0.3636 -0.3636 -0.0909 -0.4545 -0.2727 -0.0909 -0.5455
 57 F   -0.2727 -0.3636 -0.3636 -0.3636 -0.2727 -0.3636 -0.3636 -0.3636 -0.1818 -0.0909  0.0000 -0.3636  0.0000  0.5455 -0.3636 -0.2727 -0.1818  0.0000  0.2727 -0.0909 -0.3636  0.0000 -0.3636 -0.0909 -0.5455
 58 L   -0.1818 -0.2727 -0.3636 -0.4545 -0.1818 -0.2727 -0.3636 -0.3636 -0.2727  0.0909  0.3636 -0.2727  0.1818  0.0000 -0.2727 -0.2727 -0.1818 -0.1818 -0.1818  0.0909 -0.3636  0.2727 -0.2727 -0.0909 -0.5455
 59 K   -0.0909  0.1818  0.0000 -0.0909 -0.3636  0.0909  0.0909 -0.1818 -0.0909 -0.2727 -0.2727  0.4545 -0.1818 -0.3636 -0.0909 -0.0909 -0.0909 -0.3636 -0.2727 -0.2727 -0.0909 -0.2727  0.0909 -0.0909 -0.5455
 60 D   -0.1818 -0.1818  0.0909  0.5455 -0.3636 -0.0909  0.0909 -0.1818 -0.1818 -0.3636 -0.4545 -0.0909 -0.3636 -0.3636 -0.1818 -0.0909 -0.0909 -0.5455 -0.3636 -0.3636  0.4545 -0.4545  0.0909 -0.0909 -0.5455
 61 K   -0.0909  0.1818  0.0000 -0.0909 -0.3636  0.0909  0.0909 -0.1818 -0.0909 -0.2727 -0.2727  0.4545 -0.1818 -0.3636 -0.0909 -0.0909 -0.0909 -0.3636 -0.2727 -0.2727 -0.0909 -0.2727  0.0909 -0.0909 -0.5455
 62 G    0.0000 -0.2727 -0.0909 -0.1818 -0.3636 -0.1818 -0.2727  0.5455 -0.2727 -0.4545 -0.3636 -0.1818 -0.3636 -0.3636 -0.2727 -0.0909 -0.1818 -0.3636 -0.3636 -0.3636 -0.0909 -0.4545 -0.2727 -0.0909 -0.5455
 63 V    0.0000 -0.2727 -0.3636 -0.3636 -0.0909 -0.2727 -0.2727 -0.3636 -0.3636  0.2727  0.0909 -0.2727  0.0909 -0.0909 -0.2727 -0.1818  0.0000 -0.2727 -0.1818  0.3636 -0.3636  0.1818 -0.2727 -0.0909 -0.5455
 64 D   -0.1818 -0.1818  0.0909  0.5455 -0.3636 -0.0909  0.0909 -0.1818 -0.1818 -0.3636 -0.4545 -0.0909 -0.3636 -0.3636 -0.1818 -0.0909 -0.0909 -0.5455 -0.3636 -0.3636  0.4545 -0.4545  0.0909 -0.0909 -0.5455
 65 I   -0.1818 -0.2727 -0.3636 -0.3636 -0.1818 -0.2727 -0.3636 -0.4545 -0.3636  0.4545  0.0909 -0.2727  0.0909 -0.0909 -0.3636 -0.2727 -0.0909 -0.2727 -0.1818  0.2727 -0.3636  0.2727 -0.3636 -0.0909 -0.5455
 66 I   -0.1818 -0.2727 -0.3636 -0.3636 -0.1818 -0.2727 -0.3636 -0.4545 -0.3636  0.4545  0.0909 -0.2727  0.0909 -0.0909 -0.3636 -0.2727 -0.0909 -0.2727 -0.1818  0.2727 -0.3636  0.2727 -0.3636 -0.0909 -0.5455
 67 V    0.0000 -0.2727 -0.3636 -0.3636 -0.0909 -0.2727 -0.2727 -0.3636 -0.3636  0.2727  0.0909 -0.2727  0.0909 -0.0909 -0.2727 -0.1818  0.0000 -0.2727 -0.1818  0.3636 -0.3636  0.1818 -0.2727 -0.0909 -0.5455
 68 V    0.0000 -0.2727 -0.3636 -0.3636 -0.0909 -0.2727 -0.2727 -0.3636 -0.3636  0.2727  0.0909 -0.2727  0.0909 -0.0909 -0.2727 -0.1818  0.0000 -0.2727 -0.1818  0.3636 -0.3636  0.1818 -0.2727 -0.0909 -0.5455
 69 A    0.4545 -0.1818 -0.1818 -0.1818 -0.0909 -0.0909 -0.0909  0.0000 -0.1818 -0.1818 -0.1818 -0.0909 -0.0909 -0.2727 -0.0909  0.0909  0.0000 -0.2727 -0.1818  0.0000 -0.1818 -0.1818 -0.0909 -0.0909 -0.5455
 70 C   -0.0909 -0.3636 -0.2727 -0.3636  0.8182 -0.3636 -0.4545 -0.3636 -0.3636 -0.1818 -0.1818 -0.3636 -0.1818 -0.2727 -0.3636 -0.1818 -0.0909 -0.2727 -0.2727 -0.0909 -0.3636 -0.1818 -0.3636 -0.0909 -0.5455
 71 N   -0.1818 -0.0909  0.5455  0.0909 -0.2727  0.0000 -0.0909 -0.0909  0.0000 -0.3636 -0.3636  0.0000 -0.2727 -0.3636 -0.2727  0.0000  0.0000 -0.3636 -0.2727 -0.3636  0.4545 -0.3636  0.0000 -0.0909 -0.5455
 72 T    0.0000 -0.0909  0.0000 -0.0909 -0.0909 -0.0909 -0.0909 -0.1818 -0.1818 -0.0909 -0.1818 -0.0909 -0.0909 -0.1818 -0.1818  0.0909  0.4545 -0.3636 -0.1818  0.0000 -0.0909 -0.0909 -0.0909 -0.0909 -0.5455
 73 A    0.4545 -0.1818 -0.1818 -0.1818 -0.0909 -0.0909 -0.0909  0.0000 -0.1818 -0.1818 -0.1818 -0.0909 -0.0909 -0.2727 -0.0909  0.0909  0.0000 -0.2727 -0.1818  0.0000 -0.1818 -0.1818 -0.0909 -0.0909 -0.5455
 74 S    0.0909 -0.0909  0.0000 -0.0909 -0.1818  0.0000  0.0000 -0.0909 -0.0909 -0.2727 -0.2727 -0.0909 -0.1818 -0.2727 -0.0909  0.4545  0.0909 -0.3636 -0.1818 -0.1818  0.0000 -0.2727  0.0000 -0.0909 -0.5455
 75 A    0.4545 -0.1818 -0.1818 -0.1818 -0.0909 -0.0909 -0.0909  0.0000 -0.1818 -0.1818 -0.1818 -0.0909 -0.0909 -0.2727 -0.0909  0.0909  0.0000 -0.2727 -0.1818  0.0000 -0.1818 -0.1818 -0.0909 -0.0909 -0.5455
 76 Y   -0.1818 -0.2727 -0.2727 -0.3636 -0.2727 -0.1818 -0.2727 -0.3636  0.1818 -0.1818 -0.1818 -0.2727 -0.1818  0.2727 -0.3636 -0.1818 -0.1818  0.1818  0.6364 -0.1818 -0.2727 -0.1818 -0.2727 -0.0909 -0.5455
 77 A    0.4545 -0.1818 -0.1818 -0.1818 -0.0909 -0.0909 -0.0909  0.0000 -0.1818 -0.1818 -0.1818 -0.0909 -0.0909 -0.2727 -0.0909  0.0909  0.0000 -0.2727 -0.1818  0.0000 -0.1818 -0.1818 -0.0909 -0.0909 -0.5455
 78 L   -0.1818 -0.2727 -0.3636 -0.4545 -0.1818 -0.2727 -0.3636 -0.3636 -0.2727  0.0909  0.3636 -0.2727  0.1818  0.0000 -0.2727 -0.2727 -0.1818 -0.1818 -0.1818  0.0909 -0.3636  0.2727 -0.2727 -0.0909 -0.5455
 79 E   -0.0909 -0.0909 -0.0909  0.0909 -0.4545  0.1818  0.5455 -0.2727  0.0000 -0.3636 -0.3636  0.0909 -0.1818 -0.3636 -0.1818  0.0000 -0.0909 -0.3636 -0.2727 -0.2727  0.0909 -0.3636  0.4545 -0.0909 -0.5455
 80 R   -0.1818  0.5455 -0.0909 -0.1818 -0.3636  0.0909 -0.0909 -0.2727  0.0000 -0.2727 -0.2727  0.1818 -0.1818 -0.3636 -0.1818 -0.0909 -0.0909 -0.3636 -0.2727 -0.2727 -0.0909 -0.2727  0.0000 -0.0909 -0.5455
 81 L   -0.1818 -0.2727 -0.3636 -0.4545 -0.1818 -0.2727 -0.3636 -0.3636 -0.2727  0.0909  0.3636 -0.2727  0.1818  0.0000 -0.2727 -0.2727 -0.1818 -0.1818 -0.1818  0.0909 -0.3636  0.2727 -0.2727 -0.0909 -0.5455
 82 K   -0.0909  0.1818  0.0000 -0.0909 -0.3636  0.0909  0.0909 -0.1818 -0.0909 -0.2727 -0.2727  0.4545 -0.1818 -0.3636 -0.0909 -0.0909 -0.0909 -0.3636 -0.2727 -0.2727 -0.0909 -0.2727  0.0909 -0.0909 -0.5455
 83 K   -0.0909  0.1818  0.0000 -0.0909 -0.3636  0.0909  0.0909 -0.1818 -0.0909 -0.2727 -0.2727  0.4545 -0.1818 -0.3636 -0.0909 -0.0909 -0.0909 -0.3636 -0.2727 -0.2727 -0.0909 -0.2727  0.0909 -0.0909 -0.5455
 84 E   -0.0909 -0.0909 -0.0909  0.0909 -0.4545  0.1818  0.5455 -0.2727  0.0000 -0.3636 -0.3636  0.0909 -0.1818 -0.3636 -0.1818  0.0000 -0.0909 -0.3636 -0.2727 -0.2727  0.0909 -0.3636  0.4545 -0.0909 -0.5455
 85 I   -0.1818 -0.2727 -0.3636 -0.3636 -0.1818 -0.2727 -0.3636 -0.4545 -0.3636  0.4545  0.0909 -0.2727  0.0909 -0.0909 -0.3636 -0.2727 -0.0909 -0.2727 -0.1818  0.2727 -0.3636  0.2727 -0.3636 -0.0909 -0.5455
 86 N   -0.1818 -0.0909  0.5455  0.0909 -0.2727  0.0000 -0.0909 -0.0909  0.0000 -0.3636 -0.3636  0.0000 -0.2727 -0.3636 -0.2727  0.0000  0.0000 -0.3636 -0.2727 -0.3636  0.4545 -0.3636  0.0000 -0.0909 -0.5455
 87 V    0.0000 -0.2727 -0.3636 -0.3636 -0.0909 -0.2727 -0.2727 -0.3636 -0.3636  0.2727  0.0909 -0.2727  0.0909 -0.0909 -0.2727 -0.1818  0.0000 -0.2727 -0.1818  0.3636 -0.3636  0.1818 -0.2727 -0.0909 -0.5455
 88 P   -0.0909 -0.1818 -0.2727 -0.1818 -0.3636 -0.1818 -0.1818 -0.2727 -0.2727 -0.3636 -0.2727 -0.0909 -0.2727 -0.3636  0.7273 -0.0909 -0.1818 -0.4545 -0.3636 -0.2727 -0.1818 -0.3636 -0.1818 -0.0909 -0.5455
 89 V    0.0000 -0.2727 -0.3636 -0.3636 -0.0909 -0.2727 -0.2727 -0.3636 -0.3636  0.2727  0.0909 -0.2727  0.0909 -0.0909 -0.2727 -0.1818  0.0000 -0.2727 -0.1818  0.3636 -0.3636  0.1818 -0.2727 -0.0909 -0.5455
 90 F   -0.2727 -0.3636 -0.3636 -0.3636 -0.2727 -0.3636 -0.3636 -0.3636 -0.1818 -0.0909  0.0000 -0.3636  0.0000  0.5455 -0.3636 -0.2727 -0.1818  0.0000  0.2727 -0.0909 -0.3636  0.0000 -0.3636 -0.0909 -0.5455
 91 G    0.0000 -0.2727 -0.0909 -0.1818 -0.3636 -0.1818 -0.2727  0.5455 -0.2727 -0.4545 -0.3636 -0.1818 -0.3636 -0.3636 -0.2727 -0.0909 -0.1818 -0.3636 -0.3636 -0.3636 -0.0909 -0.4545 -0.2727 -0.0909 -0.5455
 92 V    0.0000 -0.2727 -0.3636 -0.3636 -0.0909 -0.2727 -0.2727 -0.3636 -0.3636  0.2727  0.0909 -0.2727  0.0909 -0.0909 -0.2727 -0.1818  0.0000 -0.2727 -0.1818  0.3636 -0.3636  0.1818 -0.2727 -0.0909 -0.5455
 93 I   -0.1818 -0.2727 -0.3636 -0.3636 -0.1818 -0.2727 -0.3636 -0.4545 -0.3636  0.4545  0.0909 -0.2727  0.0909 -0.0909 -0.3636 -0.2727 -0.0909 -0.2727 -0.1818  0.2727 -0.3636  0.2727 -0.3636 -0.0909 -0.5455
 94 E   -0.0909 -0.0909 -0.0909  0.0909 -0.4545  0.1818  0.5455 -0.2727  0.0000 -0.3636 -0.3636  0.0909 -0.1818 -0.3636 -0.1818  0.0000 -0.0909 -0.3636 -0.2727 -0.2727  0.0909 -0.3636  0.4545 -0.0909 -0.5455
 95 P   -0.0909 -0.1818 -0.2727 -0.1818 -0.3636 -0.1818 -0.1818 -0.2727 -0.2727 -0.3636 -0.2727 -0.0909 -0.2727 -0.3636  0.7273 -0.0909 -0.1818 -0.4545 -0.3636 -0.2727 -0.1818 -0.3636 -0.1818 -0.0909 -0.5455
 96 G    0.0000 -0.2727 -0.0909 -0.1818 -0.3636 -0.1818 -0.2727  0.5455 -0.2727 -0.4545 -0.3636 -0.1818 -0.3636 -0.3636 -0.2727 -0.0909 -0.1818 -0.3636 -0.3636 -0.3636 -0.0909 -0.4545 -0.2727 -0.0909 -0.5455
 97 V    0.0000 -0.2727 -0.3636 -0.3636 -0.0909 -0.2727 -0.2727 -0.3636 -0.3636  0.2727  0.0909 -0.2727  0.0909 -0.0909 -0.2727 -0.1818  0.0000 -0.2727 -0.1818  0.3636 -0.3636  0.1818 -0.2727 -0.0909 -0.5455
 98 K   -0.0909  0.1818  0.0000 -0.0909 -0.3636  0.0909  0.0909 -0.1818 -0.0909 -0.2727 -0.2727  0.4545 -0.1818 -0.3636 -0.0909 -0.0909 -0.0909 -0.3636 -0.2727 -0.2727 -0.0909 -0.2727  0.0909 -0.0909 -0.5455
 99 E   -0.0909 -0.0909 -0.0909  0.0909 -0.4545  0.1818  0.5455 -0.2727  0.0000 -0.3636 -0.3636  0.0909 -0.1818 -0.3636 -0.1818  0.0000 -0.0909 -0.3636 -0.2727 -0.2727  0.0909 -0.3636  0.4545 -0.0909 -0.5455
 100 A    0.4545 -0.1818 -0.1818 -0.1818 -0.0909 -0.0909 -0.0909  0.0000 -0.1818 -0.1818 -0.1818 -0.0909 -0.0909 -0.2727 -0.0909  0.0909  0.0000 -0.2727 -0.1818  0.0000 -0.1818 -0.1818 -0.0909 -0.0909 -0.5455
 101 L   -0.1818 -0.2727 -0.3636 -0.4545 -0.1818 -0.2727 -0.3636 -0.3636 -0.2727  0.0909  0.3636 -0.2727  0.1818  0.0000 -0.2727 -0.2727 -0.1818 -0.1818 -0.1818  0.0909 -0.3636  0.2727 -0.2727 -0.0909 -0.5455
 102 K   -0.0909  0.1818  0.0000 -0.0909 -0.3636  0.0909  0.0909 -0.1818 -0.0909 -0.2727 -0.2727  0.4545 -0.1818 -0.3636 -0.0909 -0.0909 -0.0909 -0.3636 -0.2727 -0.2727 -0.0909 -0.2727  0.0909 -0.0909 -0.5455
 103 K   -0.0909  0.1818  0.0000 -0.0909 -0.3636  0.0909  0.0909 -0.1818 -0.0909 -0.2727 -0.2727  0.4545 -0.1818 -0.3636 -0.0909 -0.0909 -0.0909 -0.3636 -0.2727 -0.2727 -0.0909 -0.2727  0.0909 -0.0909 -0.5455
 104 S    0.0909 -0.0909  0.0000 -0.0909 -0.1818  0.0000  0.0000 -0.0909 -0.0909 -0.2727 -0.2727 -0.0909 -0.1818 -0.2727 -0.0909  0.4545  0.0909 -0.3636 -0.1818 -0.1818  0.0000 -0.2727  0.0000 -0.0909 -0.5455
 105 R   -0.1818  0.5455 -0.0909 -0.1818 -0.3636  0.0909 -0.0909 -0.2727  0.0000 -0.2727 -0.2727  0.1818 -0.1818 -0.3636 -0.1818 -0.0909 -0.0909 -0.3636 -0.2727 -0.2727 -0.0909 -0.2727  0.0000 -0.0909 -0.5455
 106 N   -0.1818 -0.0909  0.5455  0.0909 -0.2727  0.0000 -0.0909 -0.0909  0.0000 -0.3636 -0.3636  0.0000 -0.2727 -0.3636 -0.2727  0.0000  0.0000 -0.3636 -0.2727 -0.3636  0.4545 -0.3636  0.0000 -0.0909 -0.5455
 107 K   -0.0909  0.1818  0.0000 -0.0909 -0.3636  0.0909  0.0909 -0.1818 -0.0909 -0.2727 -0.2727  0.4545 -0.1818 -0.3636 -0.0909 -0.0909 -0.0909 -0.3636 -0.2727 -0.2727 -0.0909 -0.2727  0.0909 -0.0909 -0.5455
 108 K   -0.0909  0.1818  0.0000 -0.0909 -0.3636  0.0909  0.0909 -0.1818 -0.0909 -0.2727 -0.2727  0.4545 -0.1818 -0.3636 -0.0909 -0.0909 -0.0909 -0.3636 -0.2727 -0.2727 -0.0909 -0.2727  0.0909 -0.0909 -0.5455
 109 I   -0.1818 -0.2727 -0.3636 -0.3636 -0.1818 -0.2727 -0.3636 -0.4545 -0.3636  0.4545  0.0909 -0.2727  0.0909 -0.0909 -0.3636 -0.2727 -0.0909 -0.2727 -0.1818  0.2727 -0.3636  0.2727 -0.3636 -0.0909 -0.5455
 110 G    0.0000 -0.2727 -0.0909 -0.1818 -0.3636 -0.1818 -0.2727  0.5455 -0.2727 -0.4545 -0.3636 -0.1818 -0.3636 -0.3636 -0.2727 -0.0909 -0.1818 -0.3636 -0.3636 -0.3636 -0.0909 -0.4545 -0.2727 -0.0909 -0.5455
 111 V    0.0000 -0.2727 -0.3636 -0.3636 -0.0909 -0.2727 -0.2727 -0.3636 -0.3636  0.2727  0.0909 -0.2727  0.0909 -0.0909 -0.2727 -0.1818  0.0000 -0.2727 -0.1818  0.3636 -0.3636  0.1818 -0.2727 -0.0909 -0.5455
 112 I   -0.1818 -0.2727 -0.3636 -0.3636 -0.1818 -0.2727 -0.3636 -0.4545 -0.3636  0.4545  0.0909 -0.2727  0.0909 -0.0909 -0.3636 -0.2727 -0.0909 -0.2727 -0.1818  0.2727 -0.3636  0.2727 -0.3636 -0.0909 -0.5455
 113 G    0.0000 -0.2727 -0.0909 -0.1818 -0.3636 -0.1818 -0.2727  0.5455 -0.2727 -0.4545 -0.3636 -0.1818 -0.3636 -0.3636 -0.2727 -0.0909 -0.1818 -0.3636 -0.3636 -0.3636 -0.0909 -0.4545 -0.2727 -0.0909 -0.5455
 114 T    0.0000 -0.0909  0.0000 -0.0909 -0.0909 -0.0909 -0.0909 -0.1818 -0.1818 -0.0909 -0.1818 -0.0909 -0.0909 -0.1818 -0.1818  0.0909  0.4545 -0.3636 -0.1818  0.0000 -0.0909 -0.0909 -0.0909 -0.0909 -0.5455
 115 P   -0.0909 -0.1818 -0.2727 -0.1818 -0.3636 -0.1818 -0.1818 -0.2727 -0.2727 -0.3636 -0.2727 -0.0909 -0.2727 -0.3636  0.7273 -0.0909 -0.1818 -0.4545 -0.3636 -0.2727 -0.1818 -0.3636 -0.1818 -0.0909 -0.5455
 116 A    0.4545 -0.1818 -0.1818 -0.1818 -0.0909 -0.0909 -0.0909  0.0000 -0.1818 -0.1818 -0.1818 -0.0909 -0.0909 -0.2727 -0.0909  0.0909  0.0000 -0.2727 -0.1818  0.0000 -0.1818 -0.1818 -0.0909 -0.0909 -0.5455
 117 T    0.0000 -0.0909  0.0000 -0.0909 -0.0909 -0.0909 -0.0909 -0.1818 -0.1818 -0.0909 -0.1818 -0.0909 -0.0909 -0.1818 -0.1818  0.0909  0.4545 -0.3636 -0.1818  0.0000 -0.0909 -0.0909 -0.0909 -0.0909 -0.5455
 118 V    0.0000 -0.2727 -0.3636 -0.3636 -0.0909 -0.2727 -0.2727 -0.3636 -0.3636  0.2727  0.0909 -0.2727  0.0909 -0.0909 -0.2727 -0.1818  0.0000 -0.2727 -0.1818  0.3636 -0.3636  0.1818 -0.2727 -0.0909 -0.5455
 119 K   -0.0909  0.1818  0.0000 -0.0909 -0.3636  0.0909  0.0909 -0.1818 -0.0909 -0.2727 -0.2727  0.4545 -0.1818 -0.3636 -0.0909 -0.0909 -0.0909 -0.3636 -0.2727 -0.2727 -0.0909 -0.2727  0.0909 -0.0909 -0.5455
 120 S    0.0909 -0.0909  0.0000 -0.0909 -0.1818  0.0000  0.0000 -0.0909 -0.0909 -0.2727 -0.2727 -0.0909 -0.1818 -0.2727 -0.0909  0.4545  0.0909 -0.3636 -0.1818 -0.1818  0.0000 -0.2727  0.0000 -0.0909 -0.5455
 121 G    0.0000 -0.2727 -0.0909 -0.1818 -0.3636 -0.1818 -0.2727  0.5455 -0.2727 -0.4545 -0.3636 -0.1818 -0.3636 -0.3636 -0.2727 -0.0909 -0.1818 -0.3636 -0.3636 -0.3636 -0.0909 -0.4545 -0.2727 -0.0909 -0.5455
 122 A    0.4545 -0.1818 -0.1818 -0.1818 -0.0909 -0.0909 -0.0909  0.0000 -0.1818 -0.1818 -0.1818 -0.0909 -0.0909 -0.2727 -0.0909  0.0909  0.0000 -0.2727 -0.1818  0.0000 -0.1818 -0.1818 -0.0909 -0.0909 -0.5455
 123 Y   -0.1818 -0.2727 -0.2727 -0.3636 -0.2727 -0.1818 -0.2727 -0.3636  0.1818 -0.1818 -0.1818 -0.2727 -0.1818  0.2727 -0.3636 -0.1818 -0.1818  0.1818  0.6364 -0.1818 -0.2727 -0.1818 -0.2727 -0.0909 -0.5455
 124 Q   -0.0909  0.0909  0.0000 -0.0909 -0.3636  0.5455  0.1818 -0.1818  0.0909 -0.2727 -0.2727  0.0909  0.0000 -0.3636 -0.1818  0.0000 -0.0909 -0.2727 -0.1818 -0.2727  0.0000 -0.2727  0.3636 -0.0909 -0.5455
 125 R   -0.1818  0.5455 -0.0909 -0.1818 -0.3636  0.0909 -0.0909 -0.2727  0.0000 -0.2727 -0.2727  0.1818 -0.1818 -0.3636 -0.1818 -0.0909 -0.0909 -0.3636 -0.2727 -0.2727 -0.0909 -0.2727  0.0000 -0.0909 -0.5455
 126 K   -0.0909  0.1818  0.0000 -0.0909 -0.3636  0.0909  0.0909 -0.1818 -0.0909 -0.2727 -0.2727  0.4545 -0.1818 -0.3636 -0.0909 -0.0909 -0.0909 -0.3636 -0.2727 -0.2727 -0.0909 -0.2727  0.0909 -0.0909 -0.5455
 127 L   -0.1818 -0.2727 -0.3636 -0.4545 -0.1818 -0.2727 -0.3636 -0.3636 -0.2727  0.0909  0.3636 -0.2727  0.1818  0.0000 -0.2727 -0.2727 -0.1818 -0.1818 -0.1818  0.0909 -0.3636  0.2727 -0.2727 -0.0909 -0.5455
 128 E   -0.0909 -0.0909 -0.0909  0.0909 -0.4545  0.1818  0.5455 -0.2727  0.0000 -0.3636 -0.3636  0.0909 -0.1818 -0.3636 -0.1818  0.0000 -0.0909 -0.3636 -0.2727 -0.2727  0.0909 -0.3636  0.4545 -0.0909 -0.5455
 129 E   -0.0909 -0.0909 -0.0909  0.0909 -0.4545  0.1818  0.5455 -0.2727  0.0000 -0.3636 -0.3636  0.0909 -0.1818 -0.3636 -0.1818  0.0000 -0.0909 -0.3636 -0.2727 -0.2727  0.0909 -0.3636  0.4545 -0.0909 -0.5455
 130 G    0.0000 -0.2727 -0.0909 -0.1818 -0.3636 -0.1818 -0.2727  0.5455 -0.2727 -0.4545 -0.3636 -0.1818 -0.3636 -0.3636 -0.2727 -0.0909 -0.1818 -0.3636 -0.3636 -0.3636 -0.0909 -0.4545 -0.2727 -0.0909 -0.5455
 131 G    0.0000 -0.2727 -0.0909 -0.1818 -0.3636 -0.1818 -0.2727  0.5455 -0.2727 -0.4545 -0.3636 -0.1818 -0.3636 -0.3636 -0.2727 -0.0909 -0.1818 -0.3636 -0.3636 -0.3636 -0.0909 -0.4545 -0.2727 -0.0909 -0.5455
 132 A    0.4545 -0.1818 -0.1818 -0.1818 -0.0909 -0.0909 -0.0909  0.0000 -0.1818 -0.1818 -0.1818 -0.0909 -0.0909 -0.2727 -0.0909  0.0909  0.0000 -0.2727 -0.1818  0.0000 -0.1818 -0.1818 -0.0909 -0.0909 -0.5455
 133 D   -0.1818 -0.1818  0.0909  0.5455 -0.3636 -0.0909  0.0909 -0.1818 -0.1818 -0.3636 -0.4545 -0.0909 -0.3636 -0.3636 -0.1818 -0.0909 -0.0909 -0.5455 -0.3636 -0.3636  0.4545 -0.4545  0.0909 -0.0909 -0.5455
 134 V    0.0000 -0.2727 -0.3636 -0.3636 -0.0909 -0.2727 -0.2727 -0.3636 -0.3636  0.2727  0.0909 -0.2727  0.0909 -0.0909 -0.2727 -0.1818  0.0000 -0.2727 -0.1818  0.3636 -0.3636  0.1818 -0.2727 -0.0909 -0.5455
 135 F   -0.2727 -0.3636 -0.3636 -0.3636 -0.2727 -0.3636 -0.3636 -0.3636 -0.1818 -0.0909  0.0000 -0.3636  0.0000  0.5455 -0.3636 -0.2727 -0.1818  0.0000  0.2727 -0.0909 -0.3636  0.0000 -0.3636 -0.0909 -0.5455
 136 A    0.4545 -0.1818 -0.1818 -0.1818 -0.0909 -0.0909 -0.0909  0.0000 -0.1818 -0.1818 -0.1818 -0.0909 -0.0909 -0.2727 -0.0909  0.0909  0.0000 -0.2727 -0.1818  0.0000 -0.1818 -0.1818 -0.0909 -0.0909 -0.5455
 137 K   -0.0909  0.1818  0.0000 -0.0909 -0.3636  0.0909  0.0909 -0.1818 -0.0909 -0.2727 -0.2727  0.4545 -0.1818 -0.3636 -0.0909 -0.0909 -0.0909 -0.3636 -0.2727 -0.2727 -0.0909 -0.2727  0.0909 -0.0909 -0.5455
 138 A    0.4545 -0.1818 -0.1818 -0.1818 -0.0909 -0.0909 -0.0909  0.0000 -0.1818 -0.1818 -0.1818 -0.0909 -0.0909 -0.2727 -0.0909  0.0909  0.0000 -0.2727 -0.1818  0.0000 -0.1818 -0.1818 -0.0909 -0.0909 -0.5455
 139 C   -0.0909 -0.3636 -0.2727 -0.3636  0.8182 -0.3636 -0.4545 -0.3636 -0.3636 -0.1818 -0.1818 -0.3636 -0.1818 -0.2727 -0.3636 -0.1818 -0.0909 -0.2727 -0.2727 -0.0909 -0.3636 -0.1818 -0.3636 -0.0909 -0.5455
 140 P   -0.0909 -0.1818 -0.2727 -0.1818 -0.3636 -0.1818 -0.1818 -0.2727 -0.2727 -0.3636 -0.2727 -0.0909 -0.2727 -0.3636  0.7273 -0.0909 -0.1818 -0.4545 -0.3636 -0.2727 -0.1818 -0.3636 -0.1818 -0.0909 -0.5455
 141 L   -0.1818 -0.2727 -0.3636 -0.4545 -0.1818 -0.2727 -0.3636 -0.3636 -0.2727  0.0909  0.3636 -0.2727  0.1818  0.0000 -0.2727 -0.2727 -0.1818 -0.1818 -0.1818  0.0909 -0.3636  0.2727 -0.2727 -0.0909 -0.5455
 142 F   -0.2727 -0.3636 -0.3636 -0.3636 -0.2727 -0.3636 -0.3636 -0.3636 -0.1818 -0.0909  0.0000 -0.3636  0.0000  0.5455 -0.3636 -0.2727 -0.1818  0.0000  0.2727 -0.0909 -0.3636  0.0000 -0.3636 -0.0909 -0.5455
 143 A    0.4545 -0.1818 -0.1818 -0.1818 -0.0909 -0.0909 -0.0909  0.0000 -0.1818 -0.1818 -0.1818 -0.0909 -0.0909 -0.2727 -0.0909  0.0909  0.0000 -0.2727 -0.1818  0.0000 -0.1818 -0.1818 -0.0909 -0.0909 -0.5455
 144 P   -0.0909 -0.1818 -0.2727 -0.1818 -0.3636 -0.1818 -0.1818 -0.2727 -0.2727 -0.3636 -0.2727 -0.0909 -0.2727 -0.3636  0.7273 -0.0909 -0.1818 -0.4545 -0.3636 -0.2727 -0.1818 -0.3636 -0.1818 -0.0909 -0.5455
 145 L   -0.1818 -0.2727 -0.3636 -0.4545 -0.1818 -0.2727 -0.3636 -0.3636 -0.2727  0.0909  0.3636 -0.2727  0.1818  0.0000 -0.2727 -0.2727 -0.1818 -0.1818 -0.1818  0.0909 -0.3636  0.2727 -0.2727 -0.0909 -0.5455
 146 A    0.4545 -0.1818 -0.1818 -0.1818 -0.0909 -0.0909 -0.0909  0.0000 -0.1818 -0.1818 -0.1818 -0.0909 -0.0909 -0.2727 -0.0909  0.0909  0.0000 -0.2727 -0.1818  0.0000 -0.1818 -0.1818 -0.0909 -0.0909 -0.5455
 147 E   -0.0909 -0.0909 -0.0909  0.0909 -0.4545  0.1818  0.5455 -0.2727  0.0000 -0.3636 -0.3636  0.0909 -0.1818 -0.3636 -0.1818  0.0000 -0.0909 -0.3636 -0.2727 -0.2727  0.0909 -0.3636  0.4545 -0.0909 -0.5455
 148 E   -0.0909 -0.0909 -0.0909  0.0909 -0.4545  0.1818  0.5455 -0.2727  0.0000 -0.3636 -0.3636  0.0909 -0.1818 -0.3636 -0.1818  0.0000 -0.0909 -0.3636 -0.2727 -0.2727  0.0909 -0.3636  0.4545 -0.0909 -0.5455
 149 G    0.0000 -0.2727 -0.0909 -0.1818 -0.3636 -0.1818 -0.2727  0.5455 -0.2727 -0.4545 -0.3636 -0.1818 -0.3636 -0.3636 -0.2727 -0.0909 -0.1818 -0.3636 -0.3636 -0.3636 -0.0909 -0.4545 -0.2727 -0.0909 -0.5455
 150 L   -0.1818 -0.2727 -0.3636 -0.4545 -0.1818 -0.2727 -0.3636 -0.3636 -0.2727  0.0909  0.3636 -0.2727  0.1818  0.0000 -0.2727 -0.2727 -0.1818 -0.1818 -0.1818  0.0909 -0.3636  0.2727 -0.2727 -0.0909 -0.5455
 151 L   -0.1818 -0.2727 -0.3636 -0.4545 -0.1818 -0.2727 -0.3636 -0.3636 -0.2727  0.0909  0.3636 -0.2727  0.1818  0.0000 -0.2727 -0.2727 -0.1818 -0.1818 -0.1818  0.0909 -0.3636  0.2727 -0.2727 -0.0909 -0.5455
 152 E   -0.0909 -0.0909 -0.0909  0.0909 -0.4545  0.1818  0.5455 -0.2727  0.0000 -0.3636 -0.3636  0.0909 -0.1818 -0.3636 -0.1818  0.0000 -0.0909 -0.3636 -0.2727 -0.2727  0.0909 -0.3636  0.4545 -0.0909 -0.5455
 153 G    0.0000 -0.2727 -0.0909 -0.1818 -0.3636 -0.1818 -0.2727  0.5455 -0.2727 -0.4545 -0.3636 -0.1818 -0.3636 -0.3636 -0.2727 -0.0909 -0.1818 -0.3636 -0.3636 -0.3636 -0.0909 -0.4545 -0.2727 -0.0909 -0.5455
 154 E   -0.0909 -0.0909 -0.0909  0.0909 -0.4545  0.1818  0.5455 -0.2727  0.0000 -0.3636 -0.3636  0.0909 -0.1818 -0.3636 -0.1818  0.0000 -0.0909 -0.3636 -0.2727 -0.2727  0.0909 -0.3636  0.4545 -0.0909 -0.5455
 155 I   -0.1818 -0.2727 -0.3636 -0.3636 -0.1818 -0.2727 -0.3636 -0.4545 -0.3636  0.4545  0.0909 -0.2727  0.0909 -0.0909 -0.3636 -0.2727 -0.0909 -0.2727 -0.1818  0.2727 -0.3636  0.2727 -0.3636 -0.0909 -0.5455
 156 T    0.0000 -0.0909  0.0000 -0.0909 -0.0909 -0.0909 -0.0909 -0.1818 -0.1818 -0.0909 -0.1818 -0.0909 -0.0909 -0.1818 -0.1818  0.0909  0.4545 -0.3636 -0.1818  0.0000 -0.0909 -0.0909 -0.0909 -0.0909 -0.5455
 157 R   -0.1818  0.5455 -0.0909 -0.1818 -0.3636  0.0909 -0.0909 -0.2727  0.0000 -0.2727 -0.2727  0.1818 -0.1818 -0.3636 -0.1818 -0.0909 -0.0909 -0.3636 -0.2727 -0.2727 -0.0909 -0.2727  0.0000 -0.0909 -0.5455
 158 K   -0.0909  0.1818  0.0000 -0.0909 -0.3636  0.0909  0.0909 -0.1818 -0.0909 -0.2727 -0.2727  0.4545 -0.1818 -0.3636 -0.0909 -0.0909 -0.0909 -0.3636 -0.2727 -0.2727 -0.0909 -0.2727  0.0909 -0.0909 -0.5455
 159 V    0.0000 -0.2727 -0.3636 -0.3636 -0.0909 -0.2727 -0.2727 -0.3636 -0.3636  0.2727  0.0909 -0.2727  0.0909 -0.0909 -0.2727 -0.1818  0.0000 -0.2727 -0.1818  0.3636 -0.3636  0.1818 -0.2727 -0.0909 -0.5455
 160 V    0.0000 -0.2727 -0.3636 -0.3636 -0.0909 -0.2727 -0.2727 -0.3636 -0.3636  0.2727  0.0909 -0.2727  0.0909 -0.0909 -0.2727 -0.1818  0.0000 -0.2727 -0.1818  0.3636 -0.3636  0.1818 -0.2727 -0.0909 -0.5455
 161 E   -0.0909 -0.0909 -0.0909  0.0909 -0.4545  0.1818  0.5455 -0.2727  0.0000 -0.3636 -0.3636  0.0909 -0.1818 -0.3636 -0.1818  0.0000 -0.0909 -0.3636 -0.2727 -0.2727  0.0909 -0.3636  0.4545 -0.0909 -0.5455
 162 H   -0.1818  0.0000  0.0000 -0.1818 -0.3636  0.0909  0.0000 -0.2727  0.7273 -0.3636 -0.2727 -0.0909 -0.1818 -0.1818 -0.2727 -0.0909 -0.1818 -0.2727  0.1818 -0.3636 -0.0909 -0.3636  0.0000 -0.0909 -0.5455
 163 Y   -0.1818 -0.2727 -0.2727 -0.3636 -0.2727 -0.1818 -0.2727 -0.3636  0.1818 -0.1818 -0.1818 -0.2727 -0.1818  0.2727 -0.3636 -0.1818 -0.1818  0.1818  0.6364 -0.1818 -0.2727 -0.1818 -0.2727 -0.0909 -0.5455
 164 L   -0.1818 -0.2727 -0.3636 -0.4545 -0.1818 -0.2727 -0.3636 -0.3636 -0.2727  0.0909  0.3636 -0.2727  0.1818  0.0000 -0.2727 -0.2727 -0.1818 -0.1818 -0.1818  0.0909 -0.3636  0.2727 -0.2727 -0.0909 -0.5455
 165 K   -0.0909  0.1818  0.0000 -0.0909 -0.3636  0.0909  0.0909 -0.1818 -0.0909 -0.2727 -0.2727  0.4545 -0.1818 -0.3636 -0.0909 -0.0909 -0.0909 -0.3636 -0.2727 -0.2727 -0.0909 -0.2727  0.0909 -0.0909 -0.5455
 166 E   -0.0909 -0.0909 -0.0909  0.0909 -0.4545  0.1818  0.5455 -0.2727  0.0000 -0.3636 -0.3636  0.0909 -0.1818 -0.3636 -0.1818  0.0000 -0.0909 -0.3636 -0.2727 -0.2727  0.0909 -0.3636  0.4545 -0.0909 -0.5455
 167 F   -0.2727 -0.3636 -0.3636 -0.3636 -0.2727 -0.3636 -0.3636 -0.3636 -0.1818 -0.0909  0.0000 -0.3636  0.0000  0.5455 -0.3636 -0.2727 -0.1818  0.0000  0.2727 -0.0909 -0.3636  0.0000 -0.3636 -0.0909 -0.5455
 168 K   -0.0909  0.1818  0.0000 -0.0909 -0.3636  0.0909  0.0909 -0.1818 -0.0909 -0.2727 -0.2727  0.4545 -0.1818 -0.3636 -0.0909 -0.0909 -0.0909 -0.3636 -0.2727 -0.2727 -0.0909 -0.2727  0.0909 -0.0909 -0.5455
 169 G    0.0000 -0.2727 -0.0909 -0.1818 -0.3636 -0.1818 -0.2727  0.5455 -0.2727 -0.4545 -0.3636 -0.1818 -0.3636 -0.3636 -0.2727 -0.0909 -0.1818 -0.3636 -0.3636 -0.3636 -0.0909 -0.4545 -0.2727 -0.0909 -0.5455
 170 K   -0.0909  0.1818  0.0000 -0.0909 -0.3636  0.0909  0.0909 -0.1818 -0.0909 -0.2727 -0.2727  0.4545 -0.1818 -0.3636 -0.0909 -0.0909 -0.0909 -0.3636 -0.2727 -0.2727 -0.0909 -0.2727  0.0909 -0.0909 -0.5455
 171 I   -0.1818 -0.2727 -0.3636 -0.3636 -0.1818 -0.2727 -0.3636 -0.4545 -0.3636  0.4545  0.0909 -0.2727  0.0909 -0.0909 -0.3636 -0.2727 -0.0909 -0.2727 -0.1818  0.2727 -0.3636  0.2727 -0.3636 -0.0909 -0.5455
 172 D   -0.1818 -0.1818  0.0909  0.5455 -0.3636 -0.0909  0.0909 -0.1818 -0.1818 -0.3636 -0.4545 -0.0909 -0.3636 -0.3636 -0.1818 -0.0909 -0.0909 -0.5455 -0.3636 -0.3636  0.4545 -0.4545  0.0909 -0.0909 -0.5455
 173 T    0.0000 -0.0909  0.0000 -0.0909 -0.0909 -0.0909 -0.0909 -0.1818 -0.1818 -0.0909 -0.1818 -0.0909 -0.0909 -0.1818 -0.1818  0.0909  0.4545 -0.3636 -0.1818  0.0000 -0.0909 -0.0909 -0.0909 -0.0909 -0.5455
 174 L   -0.1818 -0.2727 -0.3636 -0.4545 -0.1818 -0.2727 -0.3636 -0.3636 -0.2727  0.0909  0.3636 -0.2727  0.1818  0.0000 -0.2727 -0.2727 -0.1818 -0.1818 -0.1818  0.0909 -0.3636  0.2727 -0.2727 -0.0909 -0.5455
 175 I   -0.1818 -0.2727 -0.3636 -0.3636 -0.1818 -0.2727 -0.3636 -0.4545 -0.3636  0.4545  0.0909 -0.2727  0.0909 -0.0909 -0.3636 -0.2727 -0.0909 -0.2727 -0.1818  0.2727 -0.3636  0.2727 -0.3636 -0.0909 -0.5455
 176 L   -0.1818 -0.2727 -0.3636 -0.4545 -0.1818 -0.2727 -0.3636 -0.3636 -0.2727  0.0909  0.3636 -0.2727  0.1818  0.0000 -0.2727 -0.2727 -0.1818 -0.1818 -0.1818  0.0909 -0.3636  0.2727 -0.2727 -0.0909 -0.5455
 177 G    0.0000 -0.2727 -0.0909 -0.1818 -0.3636 -0.1818 -0.2727  0.5455 -0.2727 -0.4545 -0.3636 -0.1818 -0.3636 -0.3636 -0.2727 -0.0909 -0.1818 -0.3636 -0.3636 -0.3636 -0.0909 -0.4545 -0.2727 -0.0909 -0.5455
 178 C   -0.0909 -0.3636 -0.2727 -0.3636  0.8182 -0.3636 -0.4545 -0.3636 -0.3636 -0.1818 -0.1818 -0.3636 -0.1818 -0.2727 -0.3636 -0.1818 -0.0909 -0.2727 -0.2727 -0.0909 -0.3636 -0.1818 -0.3636 -0.0909 -0.5455
 179 T    0.0000 -0.0909  0.0000 -0.0909 -0.0909 -0.0909 -0.0909 -0.1818 -0.1818 -0.0909 -0.1818 -0.0909 -0.0909 -0.1818 -0.1818  0.0909  0.4545 -0.3636 -0.1818  0.0000 -0.0909 -0.0909 -0.0909 -0.0909 -0.5455
 180 H   -0.1818  0.0000  0.0000 -0.1818 -0.3636  0.0909  0.0000 -0.2727  0.7273 -0.3636 -0.2727 -0.0909 -0.1818 -0.1818 -0.2727 -0.0909 -0.1818 -0.2727  0.1818 -0.3636 -0.0909 -0.3636  0.0000 -0.0909 -0.5455
 181 Y   -0.1818 -0.2727 -0.2727 -0.3636 -0.2727 -0.1818 -0.2727 -0.3636  0.1818 -0.1818 -0.1818 -0.2727 -0.1818  0.2727 -0.3636 -0.1818 -0.1818  0.1818  0.6364 -0.1818 -0.2727 -0.1818 -0.2727 -0.0909 -0.5455
 182 P   -0.0909 -0.1818 -0.2727 -0.1818 -0.3636 -0.1818 -0.1818 -0.2727 -0.2727 -0.3636 -0.2727 -0.0909 -0.2727 -0.3636  0.7273 -0.0909 -0.1818 -0.4545 -0.3636 -0.2727 -0.1818 -0.3636 -0.1818 -0.0909 -0.5455
 183 L   -0.1818 -0.2727 -0.3636 -0.4545 -0.1818 -0.2727 -0.3636 -0.3636 -0.2727  0.0909  0.3636 -0.2727  0.1818  0.0000 -0.2727 -0.2727 -0.1818 -0.1818 -0.1818  0.0909 -0.3636  0.2727 -0.2727 -0.0909 -0.5455
 184 L   -0.1818 -0.2727 -0.3636 -0.4545 -0.1818 -0.2727 -0.3636 -0.3636 -0.2727  0.0909  0.3636 -0.2727  0.1818  0.0000 -0.2727 -0.2727 -0.1818 -0.1818 -0.1818  0.0909 -0.3636  0.2727 -0.2727 -0.0909 -0.5455
 185 K   -0.0909  0.1818  0.0000 -0.0909 -0.3636  0.0909  0.0909 -0.1818 -0.0909 -0.2727 -0.2727  0.4545 -0.1818 -0.3636 -0.0909 -0.0909 -0.0909 -0.3636 -0.2727 -0.2727 -0.0909 -0.2727  0.0909 -0.0909 -0.5455
 186 K   -0.0909  0.1818  0.0000 -0.0909 -0.3636  0.0909  0.0909 -0.1818 -0.0909 -0.2727 -0.2727  0.4545 -0.1818 -0.3636 -0.0909 -0.0909 -0.0909 -0.3636 -0.2727 -0.2727 -0.0909 -0.2727  0.0909 -0.0909 -0.5455
 187 E   -0.0909 -0.0909 -0.0909  0.0909 -0.4545  0.1818  0.5455 -0.2727  0.0000 -0.3636 -0.3636  0.0909 -0.1818 -0.3636 -0.1818  0.0000 -0.0909 -0.3636 -0.2727 -0.2727  0.0909 -0.3636  0.4545 -0.0909 -0.5455
 188 I   -0.1818 -0.2727 -0.3636 -0.3636 -0.1818 -0.2727 -0.3636 -0.4545 -0.3636  0.4545  0.0909 -0.2727  0.0909 -0.0909 -0.3636 -0.2727 -0.0909 -0.2727 -0.1818  0.2727 -0.3636  0.2727 -0.3636 -0.0909 -0.5455
 189 K   -0.0909  0.1818  0.0000 -0.0909 -0.3636  0.0909  0.0909 -0.1818 -0.0909 -0.2727 -0.2727  0.4545 -0.1818 -0.3636 -0.0909 -0.0909 -0.0909 -0.3636 -0.2727 -0.2727 -0.0909 -0.2727  0.0909 -0.0909 -0.5455
 190 K   -0.0909  0.1818  0.0000 -0.0909 -0.3636  0.0909  0.0909 -0.1818 -0.0909 -0.2727 -0.2727  0.4545 -0.1818 -0.3636 -0.0909 -0.0909 -0.0909 -0.3636 -0.2727 -0.2727 -0.0909 -0.2727  0.0909 -0.0909 -0.5455
 191 F   -0.2727 -0.3636 -0.3636 -0.3636 -0.2727 -0.3636 -0.3636 -0.3636 -0.1818 -0.0909  0.0000 -0.3636  0.0000  0.5455 -0.3636 -0.2727 -0.1818  0.0000  0.2727 -0.0909 -0.3636  0.0000 -0.3636 -0.0909 -0.5455
 192 L   -0.1818 -0.2727 -0.3636 -0.4545 -0.1818 -0.2727 -0.3636 -0.3636 -0.2727  0.0909  0.3636 -0.2727  0.1818  0.0000 -0.2727 -0.2727 -0.1818 -0.1818 -0.1818  0.0909 -0.3636  0.2727 -0.2727 -0.0909 -0.5455
 193 G    0.0000 -0.2727 -0.0909 -0.1818 -0.3636 -0.1818 -0.2727  0.5455 -0.2727 -0.4545 -0.3636 -0.1818 -0.3636 -0.3636 -0.2727 -0.0909 -0.1818 -0.3636 -0.3636 -0.3636 -0.0909 -0.4545 -0.2727 -0.0909 -0.5455
 194 D   -0.1818 -0.1818  0.0909  0.5455 -0.3636 -0.0909  0.0909 -0.1818 -0.1818 -0.3636 -0.4545 -0.0909 -0.3636 -0.3636 -0.1818 -0.0909 -0.0909 -0.5455 -0.3636 -0.3636  0.4545 -0.4545  0.0909 -0.0909 -0.5455
 195 A    0.4545 -0.1818 -0.1818 -0.1818 -0.0909 -0.0909 -0.0909  0.0000 -0.1818 -0.1818 -0.1818 -0.0909 -0.0909 -0.2727 -0.0909  0.0909  0.0000 -0.2727 -0.1818  0.0000 -0.1818 -0.1818 -0.0909 -0.0909 -0.5455
 196 E   -0.0909 -0.0909 -0.0909  0.0909 -0.4545  0.1818  0.5455 -0.2727  0.0000 -0.3636 -0.3636  0.0909 -0.1818 -0.3636 -0.1818  0.0000 -0.0909 -0.3636 -0.2727 -0.2727  0.0909 -0.3636  0.4545 -0.0909 -0.5455
 197 V    0.0000 -0.2727 -0.3636 -0.3636 -0.0909 -0.2727 -0.2727 -0.3636 -0.3636  0.2727  0.0909 -0.2727  0.0909 -0.0909 -0.2727 -0.1818  0.0000 -0.2727 -0.1818  0.3636 -0.3636  0.1818 -0.2727 -0.0909 -0.5455
 198 V    0.0000 -0.2727 -0.3636 -0.3636 -0.0909 -0.2727 -0.2727 -0.3636 -0.3636  0.2727  0.0909 -0.2727  0.0909 -0.0909 -0.2727 -0.1818  0.0000 -0.2727 -0.1818  0.3636 -0.3636  0.1818 -0.2727 -0.0909 -0.5455
 199 D   -0.1818 -0.1818  0.0909  0.5455 -0.3636 -0.0909  0.0909 -0.1818 -0.1818 -0.3636 -0.4545 -0.0909 -0.3636 -0.3636 -0.1818 -0.0909 -0.0909 -0.5455 -0.3636 -0.3636  0.4545 -0.4545  0.0909 -0.0909 -0.5455
 200 S    0.0909 -0.0909  0.0000 -0.0909 -0.1818  0.0000  0.0000 -0.0909 -0.0909 -0.2727 -0.2727 -0.0909 -0.1818 -0.2727 -0.0909  0.4545  0.0909 -0.3636 -0.1818 -0.1818  0.0000 -0.2727  0.0000 -0.0909 -0.5455
 201 S    0.0909 -0.0909  0.0000 -0.0909 -0.1818  0.0000  0.0000 -0.0909 -0.0909 -0.2727 -0.2727 -0.0909 -0.1818 -0.2727 -0.0909  0.4545  0.0909 -0.3636 -0.1818 -0.1818  0.0000 -0.2727  0.0000 -0.0909 -0.5455
 202 E   -0.0909 -0.0909 -0.0909  0.0909 -0.4545  0.1818  0.5455 -0.2727  0.0000 -0.3636 -0.3636  0.0909 -0.1818 -0.3636 -0.1818  0.0000 -0.0909 -0.3636 -0.2727 -0.2727  0.0909 -0.3636  0.4545 -0.0909 -0.5455
 203 A    0.4545 -0.1818 -0.1818 -0.1818 -0.0909 -0.0909 -0.0909  0.0000 -0.1818 -0.1818 -0.1818 -0.0909 -0.0909 -0.2727 -0.0909  0.0909  0.0000 -0.2727 -0.1818  0.0000 -0.1818 -0.1818 -0.0909 -0.0909 -0.5455
 204 L   -0.1818 -0.2727 -0.3636 -0.4545 -0.1818 -0.2727 -0.3636 -0.3636 -0.2727  0.0909  0.3636 -0.2727  0.1818  0.0000 -0.2727 -0.2727 -0.1818 -0.1818 -0.1818  0.0909 -0.3636  0.2727 -0.2727 -0.0909 -0.5455
 205 S    0.0909 -0.0909  0.0000 -0.0909 -0.1818  0.0000  0.0000 -0.0909 -0.0909 -0.2727 -0.2727 -0.0909 -0.1818 -0.2727 -0.0909  0.4545  0.0909 -0.3636 -0.1818 -0.1818  0.0000 -0.2727  0.0000 -0.0909 -0.5455
 206 L   -0.1818 -0.2727 -0.3636 -0.4545 -0.1818 -0.2727 -0.3636 -0.3636 -0.2727  0.0909  0.3636 -0.2727  0.1818  0.0000 -0.2727 -0.2727 -0.1818 -0.1818 -0.1818  0.0909 -0.3636  0.2727 -0.2727 -0.0909 -0.5455
 207 S    0.0909 -0.0909  0.0000 -0.0909 -0.1818  0.0000  0.0000 -0.0909 -0.0909 -0.2727 -0.2727 -0.0909 -0.1818 -0.2727 -0.0909  0.4545  0.0909 -0.3636 -0.1818 -0.1818  0.0000 -0.2727  0.0000 -0.0909 -0.5455
 208 L   -0.1818 -0.2727 -0.3636 -0.4545 -0.1818 -0.2727 -0.3636 -0.3636 -0.2727  0.0909  0.3636 -0.2727  0.1818  0.0000 -0.2727 -0.2727 -0.1818 -0.1818 -0.1818  0.0909 -0.3636  0.2727 -0.2727 -0.0909 -0.5455
 209 H   -0.1818  0.0000  0.0000 -0.1818 -0.3636  0.0909  0.0000 -0.2727  0.7273 -0.3636 -0.2727 -0.0909 -0.1818 -0.1818 -0.2727 -0.0909 -0.1818 -0.2727  0.1818 -0.3636 -0.0909 -0.3636  0.0000 -0.0909 -0.5455
 210 N   -0.1818 -0.0909  0.5455  0.0909 -0.2727  0.0000 -0.0909 -0.0909  0.0000 -0.3636 -0.3636  0.0000 -0.2727 -0.3636 -0.2727  0.0000  0.0000 -0.3636 -0.2727 -0.3636  0.4545 -0.3636  0.0000 -0.0909 -0.5455
 211 F   -0.2727 -0.3636 -0.3636 -0.3636 -0.2727 -0.3636 -0.3636 -0.3636 -0.1818 -0.0909  0.0000 -0.3636  0.0000  0.5455 -0.3636 -0.2727 -0.1818  0.0000  0.2727 -0.0909 -0.3636  0.0000 -0.3636 -0.0909 -0.5455
 212 I   -0.1818 -0.2727 -0.3636 -0.3636 -0.1818 -0.2727 -0.3636 -0.4545 -0.3636  0.4545  0.0909 -0.2727  0.0909 -0.0909 -0.3636 -0.2727 -0.0909 -0.2727 -0.1818  0.2727 -0.3636  0.2727 -0.3636 -0.0909 -0.5455
 213 K   -0.0909  0.1818  0.0000 -0.0909 -0.3636  0.0909  0.0909 -0.1818 -0.0909 -0.2727 -0.2727  0.4545 -0.1818 -0.3636 -0.0909 -0.0909 -0.0909 -0.3636 -0.2727 -0.2727 -0.0909 -0.2727  0.0909 -0.0909 -0.5455
 214 D   -0.1818 -0.1818  0.0909  0.5455 -0.3636 -0.0909  0.0909 -0.1818 -0.1818 -0.3636 -0.4545 -0.0909 -0.3636 -0.3636 -0.1818 -0.0909 -0.0909 -0.5455 -0.3636 -0.3636  0.4545 -0.4545  0.0909 -0.0909 -0.5455
 215 D   -0.1818 -0.1818  0.0909  0.5455 -0.3636 -0.0909  0.0909 -0.1818 -0.1818 -0.3636 -0.4545 -0.0909 -0.3636 -0.3636 -0.1818 -0.0909 -0.0909 -0.5455 -0.3636 -0.3636  0.4545 -0.4545  0.0909 -0.0909 -0.5455
 216 G    0.0000 -0.2727 -0.0909 -0.1818 -0.3636 -0.1818 -0.2727  0.5455 -0.2727 -0.4545 -0.3636 -0.1818 -0.3636 -0.3636 -0.2727 -0.0909 -0.1818 -0.3636 -0.3636 -0.3636 -0.0909 -0.4545 -0.2727 -0.0909 -0.5455
 217 S    0.0909 -0.0909  0.0000 -0.0909 -0.1818  0.0000  0.0000 -0.0909 -0.0909 -0.2727 -0.2727 -0.0909 -0.1818 -0.2727 -0.0909  0.4545  0.0909 -0.3636 -0.1818 -0.1818  0.0000 -0.2727  0.0000 -0.0909 -0.5455
 218 S    0.0909 -0.0909  0.0000 -0.0909 -0.1818  0.0000  0.0000 -0.0909 -0.0909 -0.2727 -0.2727 -0.0909 -0.1818 -0.2727 -0.0909  0.4545  0.0909 -0.3636 -0.1818 -0.1818  0.0000 -0.2727  0.0000 -0.0909 -0.5455
 219 S    0.0909 -0.0909  0.0000 -0.0909 -0.1818  0.0000  0.0000 -0.0909 -0.0909 -0.2727 -0.2727 -0.0909 -0.1818 -0.2727 -0.0909  0.4545  0.0909 -0.3636 -0.1818 -0.1818  0.0000 -0.2727  0.0000 -0.0909 -0.5455
 220 L   -0.1818 -0.2727 -0.3636 -0.4545 -0.1818 -0.2727 -0.3636 -0.3636 -0.2727  0.0909  0.3636 -0.2727  0.1818  0.0000 -0.2727 -0.2727 -0.1818 -0.1818 -0.1818  0.0909 -0.3636  0.2727 -0.2727 -0.0909 -0.5455
 221 E   -0.0909 -0.0909 -0.0909  0.0909 -0.4545  0.1818  0.5455 -0.2727  0.0000 -0.3636 -0.3636  0.0909 -0.1818 -0.3636 -0.1818  0.0000 -0.0909 -0.3636 -0.2727 -0.2727  0.0909 -0.3636  0.4545 -0.0909 -0.5455
 222 L   -0.1818 -0.2727 -0.3636 -0.4545 -0.1818 -0.2727 -0.3636 -0.3636 -0.2727  0.0909  0.3636 -0.2727  0.1818  0.0000 -0.2727 -0.2727 -0.1818 -0.1818 -0.1818  0.0909 -0.3636  0.2727 -0.2727 -0.0909 -0.5455
 223 F   -0.2727 -0.3636 -0.3636 -0.3636 -0.2727 -0.3636 -0.3636 -0.3636 -0.1818 -0.0909  0.0000 -0.3636  0.0000  0.5455 -0.3636 -0.2727 -0.1818  0.0000  0.2727 -0.0909 -0.3636  0.0000 -0.3636 -0.0909 -0.5455
 224 F   -0.2727 -0.3636 -0.3636 -0.3636 -0.2727 -0.3636 -0.3636 -0.3636 -0.1818 -0.0909  0.0000 -0.3636  0.0000  0.5455 -0.3636 -0.2727 -0.1818  0.0000  0.2727 -0.0909 -0.3636  0.0000 -0.3636 -0.0909 -0.5455
 225 T    0.0000 -0.0909  0.0000 -0.0909 -0.0909 -0.0909 -0.0909 -0.1818 -0.1818 -0.0909 -0.1818 -0.0909 -0.0909 -0.1818 -0.1818  0.0909  0.4545 -0.3636 -0.1818  0.0000 -0.0909 -0.0909 -0.0909 -0.0909 -0.5455
 226 D   -0.1818 -0.1818  0.0909  0.5455 -0.3636 -0.0909  0.0909 -0.1818 -0.1818 -0.3636 -0.4545 -0.0909 -0.3636 -0.3636 -0.1818 -0.0909 -0.0909 -0.5455 -0.3636 -0.3636  0.4545 -0.4545  0.0909 -0.0909 -0.5455
 227 L   -0.1818 -0.2727 -0.3636 -0.4545 -0.1818 -0.2727 -0.3636 -0.3636 -0.2727  0.0909  0.3636 -0.2727  0.1818  0.0000 -0.2727 -0.2727 -0.1818 -0.1818 -0.1818  0.0909 -0.3636  0.2727 -0.2727 -0.0909 -0.5455
 228 S    0.0909 -0.0909  0.0000 -0.0909 -0.1818  0.0000  0.0000 -0.0909 -0.0909 -0.2727 -0.2727 -0.0909 -0.1818 -0.2727 -0.0909  0.4545  0.0909 -0.3636 -0.1818 -0.1818  0.0000 -0.2727  0.0000 -0.0909 -0.5455
 229 P   -0.0909 -0.1818 -0.2727 -0.1818 -0.3636 -0.1818 -0.1818 -0.2727 -0.2727 -0.3636 -0.2727 -0.0909 -0.2727 -0.3636  0.7273 -0.0909 -0.1818 -0.4545 -0.3636 -0.2727 -0.1818 -0.3636 -0.1818 -0.0909 -0.5455
 230 N   -0.1818 -0.0909  0.5455  0.0909 -0.2727  0.0000 -0.0909 -0.0909  0.0000 -0.3636 -0.3636  0.0000 -0.2727 -0.3636 -0.2727  0.0000  0.0000 -0.3636 -0.2727 -0.3636  0.4545 -0.3636  0.0000 -0.0909 -0.5455
 231 L   -0.1818 -0.2727 -0.3636 -0.4545 -0.1818 -0.2727 -0.3636 -0.3636 -0.2727  0.0909  0.3636 -0.2727  0.1818  0.0000 -0.2727 -0.2727 -0.1818 -0.1818 -0.1818  0.0909 -0.3636  0.2727 -0.2727 -0.0909 -0.5455
 232 Q   -0.0909  0.0909  0.0000 -0.0909 -0.3636  0.5455  0.1818 -0.1818  0.0909 -0.2727 -0.2727  0.0909  0.0000 -0.3636 -0.1818  0.0000 -0.0909 -0.2727 -0.1818 -0.2727  0.0000 -0.2727  0.3636 -0.0909 -0.5455
 233 F   -0.2727 -0.3636 -0.3636 -0.3636 -0.2727 -0.3636 -0.3636 -0.3636 -0.1818 -0.0909  0.0000 -0.3636  0.0000  0.5455 -0.3636 -0.2727 -0.1818  0.0000  0.2727 -0.0909 -0.3636  0.0000 -0.3636 -0.0909 -0.5455
 234 L   -0.1818 -0.2727 -0.3636 -0.4545 -0.1818 -0.2727 -0.3636 -0.3636 -0.2727  0.0909  0.3636 -0.2727  0.1818  0.0000 -0.2727 -0.2727 -0.1818 -0.1818 -0.1818  0.0909 -0.3636  0.2727 -0.2727 -0.0909 -0.5455
 235 I   -0.1818 -0.2727 -0.3636 -0.3636 -0.1818 -0.2727 -0.3636 -0.4545 -0.3636  0.4545  0.0909 -0.2727  0.0909 -0.0909 -0.3636 -0.2727 -0.0909 -0.2727 -0.1818  0.2727 -0.3636  0.2727 -0.3636 -0.0909 -0.5455
 236 K   -0.0909  0.1818  0.0000 -0.0909 -0.3636  0.0909  0.0909 -0.1818 -0.0909 -0.2727 -0.2727  0.4545 -0.1818 -0.3636 -0.0909 -0.0909 -0.0909 -0.3636 -0.2727 -0.2727 -0.0909 -0.2727  0.0909 -0.0909 -0.5455
 237 L   -0.1818 -0.2727 -0.3636 -0.4545 -0.1818 -0.2727 -0.3636 -0.3636 -0.2727  0.0909  0.3636 -0.2727  0.1818  0.0000 -0.2727 -0.2727 -0.1818 -0.1818 -0.1818  0.0909 -0.3636  0.2727 -0.2727 -0.0909 -0.5455
 238 I   -0.1818 -0.2727 -0.3636 -0.3636 -0.1818 -0.2727 -0.3636 -0.4545 -0.3636  0.4545  0.0909 -0.2727  0.0909 -0.0909 -0.3636 -0.2727 -0.0909 -0.2727 -0.1818  0.2727 -0.3636  0.2727 -0.3636 -0.0909 -0.5455
 239 L   -0.1818 -0.2727 -0.3636 -0.4545 -0.1818 -0.2727 -0.3636 -0.3636 -0.2727  0.0909  0.3636 -0.2727  0.1818  0.0000 -0.2727 -0.2727 -0.1818 -0.1818 -0.1818  0.0909 -0.3636  0.2727 -0.2727 -0.0909 -0.5455
 240 G    0.0000 -0.2727 -0.0909 -0.1818 -0.3636 -0.1818 -0.2727  0.5455 -0.2727 -0.4545 -0.3636 -0.1818 -0.3636 -0.3636 -0.2727 -0.0909 -0.1818 -0.3636 -0.3636 -0.3636 -0.0909 -0.4545 -0.2727 -0.0909 -0.5455
 241 R   -0.1818  0.5455 -0.0909 -0.1818 -0.3636  0.0909 -0.0909 -0.2727  0.0000 -0.2727 -0.2727  0.1818 -0.1818 -0.3636 -0.1818 -0.0909 -0.0909 -0.3636 -0.2727 -0.2727 -0.0909 -0.2727  0.0000 -0.0909 -0.5455
 242 D   -0.1818 -0.1818  0.0909  0.5455 -0.3636 -0.0909  0.0909 -0.1818 -0.1818 -0.3636 -0.4545 -0.0909 -0.3636 -0.3636 -0.1818 -0.0909 -0.0909 -0.5455 -0.3636 -0.3636  0.4545 -0.4545  0.0909 -0.0909 -0.5455
 243 Y   -0.1818 -0.2727 -0.2727 -0.3636 -0.2727 -0.1818 -0.2727 -0.3636  0.1818 -0.1818 -0.1818 -0.2727 -0.1818  0.2727 -0.3636 -0.1818 -0.1818  0.1818  0.6364 -0.1818 -0.2727 -0.1818 -0.2727 -0.0909 -0.5455
 244 P   -0.0909 -0.1818 -0.2727 -0.1818 -0.3636 -0.1818 -0.1818 -0.2727 -0.2727 -0.3636 -0.2727 -0.0909 -0.2727 -0.3636  0.7273 -0.0909 -0.1818 -0.4545 -0.3636 -0.2727 -0.1818 -0.3636 -0.1818 -0.0909 -0.5455
 245 V    0.0000 -0.2727 -0.3636 -0.3636 -0.0909 -0.2727 -0.2727 -0.3636 -0.3636  0.2727  0.0909 -0.2727  0.0909 -0.0909 -0.2727 -0.1818  0.0000 -0.2727 -0.1818  0.3636 -0.3636  0.1818 -0.2727 -0.0909 -0.5455
 246 K   -0.0909  0.1818  0.0000 -0.0909 -0.3636  0.0909  0.0909 -0.1818 -0.0909 -0.2727 -0.2727  0.4545 -0.1818 -0.3636 -0.0909 -0.0909 -0.0909 -0.3636 -0.2727 -0.2727 -0.0909 -0.2727  0.0909 -0.0909 -0.5455
 247 L   -0.1818 -0.2727 -0.3636 -0.4545 -0.1818 -0.2727 -0.3636 -0.3636 -0.2727  0.0909  0.3636 -0.2727  0.1818  0.0000 -0.2727 -0.2727 -0.1818 -0.1818 -0.1818  0.0909 -0.3636  0.2727 -0.2727 -0.0909 -0.5455
 248 A    0.4545 -0.1818 -0.1818 -0.1818 -0.0909 -0.0909 -0.0909  0.0000 -0.1818 -0.1818 -0.1818 -0.0909 -0.0909 -0.2727 -0.0909  0.0909  0.0000 -0.2727 -0.1818  0.0000 -0.1818 -0.1818 -0.0909 -0.0909 -0.5455
 249 E   -0.0909 -0.0909 -0.0909  0.0909 -0.4545  0.1818  0.5455 -0.2727  0.0000 -0.3636 -0.3636  0.0909 -0.1818 -0.3636 -0.1818  0.0000 -0.0909 -0.3636 -0.2727 -0.2727  0.0909 -0.3636  0.4545 -0.0909 -0.5455
 250 G    0.0000 -0.2727 -0.0909 -0.1818 -0.3636 -0.1818 -0.2727  0.5455 -0.2727 -0.4545 -0.3636 -0.1818 -0.3636 -0.3636 -0.2727 -0.0909 -0.1818 -0.3636 -0.3636 -0.3636 -0.0909 -0.4545 -0.2727 -0.0909 -0.5455
 251 V    0.0000 -0.2727 -0.3636 -0.3636 -0.0909 -0.2727 -0.2727 -0.3636 -0.3636  0.2727  0.0909 -0.2727  0.0909 -0.0909 -0.2727 -0.1818  0.0000 -0.2727 -0.1818  0.3636 -0.3636  0.1818 -0.2727 -0.0909 -0.5455
 252 F   -0.2727 -0.3636 -0.3636 -0.3636 -0.2727 -0.3636 -0.3636 -0.3636 -0.1818 -0.0909  0.0000 -0.3636  0.0000  0.5455 -0.3636 -0.2727 -0.1818  0.0000  0.2727 -0.0909 -0.3636  0.0000 -0.3636 -0.0909 -0.5455
