 1 M  0.1222 0.0733 0.0967 0.3744 -0.2911 0.7244 -0.0011
 2 K  -0.0978 0.0733 0.1811 -0.9878 0.8078 0.3100 -0.2944
 3 I  1.0000 -0.0733 -0.0100 0.7244 -0.2067 0.1722 0.7644
 4 G  -1.0000 -1.0000 -1.0000 -0.3800 -0.1989 -1.0000 -1.0000
 5 I  1.0000 -0.0733 -0.0100 0.7244 -0.2067 0.1722 0.7644
 6 F  0.4033 0.4144 0.4578 0.7178 -0.3022 0.1722 0.3533
 7 D  -0.2367 -0.4633 -0.3122 -0.8522 -1.0000 -0.1722 -0.7056
 8 S  -0.3744 -0.7078 -0.6044 -0.4044 -0.2944 -0.5178 -0.2356
 9 G  -1.0000 -1.0000 -1.0000 -0.3800 -0.1989 -1.0000 -1.0000
 10 V  0.7522 -0.3167 -0.2578 0.3678 -0.2122 -0.0344 1.0000
 11 G  -1.0000 -1.0000 -1.0000 -0.3800 -0.1989 -1.0000 -1.0000
 12 G  -1.0000 -1.0000 -1.0000 -0.3800 -0.1989 -1.0000 -1.0000
 13 L  0.2367 -0.0733 -0.0100 0.6622 -0.2067 0.7933 -0.0589
 14 T  0.4467 -0.4633 -0.3567 -0.2211 -0.3200 -0.4478 0.2356
 15 V  0.7522 -0.3167 -0.2578 0.3678 -0.2122 -0.0344 1.0000
 16 L  0.2367 -0.0733 -0.0100 0.6622 -0.2067 0.7933 -0.0589
 17 K  -0.0978 0.0733 0.1811 -0.9878 0.8078 0.3100 -0.2944
 18 A  -0.3889 -0.7556 -0.7522 -0.1900 -0.1889 1.0000 -0.5289
 19 I  1.0000 -0.0733 -0.0100 0.7244 -0.2067 0.1722 0.7644
 20 R  0.1167 0.4144 0.5178 -1.0000 1.0000 0.5867 -0.4122
 21 N  -0.2367 -0.3656 -0.2700 -0.7489 -0.0833 -0.4478 -0.5878
 22 R  0.1167 0.4144 0.5178 -1.0000 1.0000 0.5867 -0.4122
 23 Y  0.4033 0.4633 0.6011 0.2089 -0.3044 -0.1722 0.5289
 24 R  0.1167 0.4144 0.5178 -1.0000 1.0000 0.5867 -0.4122
 25 K  -0.0978 0.0733 0.1811 -0.9878 0.8078 0.3100 -0.2944
 26 V  0.7522 -0.3167 -0.2578 0.3678 -0.2122 -0.0344 1.0000
 27 D  -0.2367 -0.4633 -0.3122 -0.8522 -1.0000 -0.1722 -0.7056
 28 I  1.0000 -0.0733 -0.0100 0.7244 -0.2067 0.1722 0.7644
 29 V  0.7522 -0.3167 -0.2578 0.3678 -0.2122 -0.0344 1.0000
 30 Y  0.4033 0.4633 0.6011 0.2089 -0.3044 -0.1722 0.5289
 31 L  0.2367 -0.0733 -0.0100 0.6622 -0.2067 0.7933 -0.0589
 32 G  -1.0000 -1.0000 -1.0000 -0.3800 -0.1989 -1.0000 -1.0000
 33 D  -0.2367 -0.4633 -0.3122 -0.8522 -1.0000 -0.1722 -0.7056
 34 T  0.4467 -0.4633 -0.3567 -0.2211 -0.3200 -0.4478 0.2356
 35 A  -0.3889 -0.7556 -0.7522 -0.1900 -0.1889 1.0000 -0.5289
 36 R  0.1167 0.4144 0.5178 -1.0000 1.0000 0.5867 -0.4122
 37 V  0.7522 -0.3167 -0.2578 0.3678 -0.2122 -0.0344 1.0000
 38 P  0.2744 -1.0000 -0.3267 0.0611 -0.0111 -1.0000 0.1178
 39 Y  0.4033 0.4633 0.6011 0.2089 -0.3044 -0.1722 0.5289
 40 G  -1.0000 -1.0000 -1.0000 -0.3800 -0.1989 -1.0000 -1.0000
 41 I  1.0000 -0.0733 -0.0100 0.7244 -0.2067 0.1722 0.7644
 42 R  0.1167 0.4144 0.5178 -1.0000 1.0000 0.5867 -0.4122
 43 S  -0.3744 -0.7078 -0.6044 -0.4044 -0.2944 -0.5178 -0.2356
 44 K  -0.0978 0.0733 0.1811 -0.9878 0.8078 0.3100 -0.2944
 45 D  -0.2367 -0.4633 -0.3122 -0.8522 -1.0000 -0.1722 -0.7056
 46 T  0.4467 -0.4633 -0.3567 -0.2211 -0.3200 -0.4478 0.2356
 47 I  1.0000 -0.0733 -0.0100 0.7244 -0.2067 0.1722 0.7644
 48 I  1.0000 -0.0733 -0.0100 0.7244 -0.2067 0.1722 0.7644
 49 R  0.1167 0.4144 0.5178 -1.0000 1.0000 0.5867 -0.4122
 50 Y  0.4033 0.4633 0.6011 0.2089 -0.3044 -0.1722 0.5289
 51 S  -0.3744 -0.7078 -0.6044 -0.4044 -0.2944 -0.5178 -0.2356
 52 L  0.2367 -0.0733 -0.0100 0.6622 -0.2067 0.7933 -0.0589
 53 E  -0.2556 -0.2678 -0.0644 -0.7733 -0.9644 1.0000 -0.6467
 54 C  -0.1556 -0.3656 -0.3989 0.5644 -0.1267 -0.7244 0.5289
 55 A  -0.3889 -0.7556 -0.7522 -0.1900 -0.1889 1.0000 -0.5289
 56 G  -1.0000 -1.0000 -1.0000 -0.3800 -0.1989 -1.0000 -1.0000
 57 F  0.4033 0.4144 0.4578 0.7178 -0.3022 0.1722 0.3533
 58 L  0.2367 -0.0733 -0.0100 0.6622 -0.2067 0.7933 -0.0589
 59 K  -0.0978 0.0733 0.1811 -0.9878 0.8078 0.3100 -0.2944
 60 D  -0.2367 -0.4633 -0.3122 -0.8522 -1.0000 -0.1722 -0.7056
 61 K  -0.0978 0.0733 0.1811 -0.9878 0.8078 0.3100 -0.2944
 62 G  -1.0000 -1.0000 -1.0000 -0.3800 -0.1989 -1.0000 -1.0000
 63 V  0.7522 -0.3167 -0.2578 0.3678 -0.2122 -0.0344 1.0000
 64 D  -0.2367 -0.4633 -0.3122 -0.8522 -1.0000 -0.1722 -0.7056
 65 I  1.0000 -0.0733 -0.0100 0.7244 -0.2067 0.1722 0.7644
 66 I  1.0000 -0.0733 -0.0100 0.7244 -0.2067 0.1722 0.7644
 67 V  0.7522 -0.3167 -0.2578 0.3678 -0.2122 -0.0344 1.0000
 68 V  0.7522 -0.3167 -0.2578 0.3678 -0.2122 -0.0344 1.0000
 69 A  -0.3889 -0.7556 -0.7522 -0.1900 -0.1889 1.0000 -0.5289
 70 C  -0.1556 -0.3656 -0.3989 0.5644 -0.1267 -0.7244 0.5289
 71 N  -0.2367 -0.3656 -0.2700 -0.7489 -0.0833 -0.4478 -0.5878
 72 T  0.4467 -0.4633 -0.3567 -0.2211 -0.3200 -0.4478 0.2356
 73 A  -0.3889 -0.7556 -0.7522 -0.1900 -0.1889 1.0000 -0.5289
 74 S  -0.3744 -0.7078 -0.6044 -0.4044 -0.2944 -0.5178 -0.2356
 75 A  -0.3889 -0.7556 -0.7522 -0.1900 -0.1889 1.0000 -0.5289
 76 Y  0.4033 0.4633 0.6011 0.2089 -0.3044 -0.1722 0.5289
 77 A  -0.3889 -0.7556 -0.7522 -0.1900 -0.1889 1.0000 -0.5289
 78 L  0.2367 -0.0733 -0.0100 0.6622 -0.2067 0.7933 -0.0589
 79 E  -0.2556 -0.2678 -0.0644 -0.7733 -0.9644 1.0000 -0.6467
 80 R  0.1167 0.4144 0.5178 -1.0000 1.0000 0.5867 -0.4122
 81 L  0.2367 -0.0733 -0.0100 0.6622 -0.2067 0.7933 -0.0589
 82 K  -0.0978 0.0733 0.1811 -0.9878 0.8078 0.3100 -0.2944
 83 K  -0.0978 0.0733 0.1811 -0.9878 0.8078 0.3100 -0.2944
 84 E  -0.2556 -0.2678 -0.0644 -0.7733 -0.9644 1.0000 -0.6467
 85 I  1.0000 -0.0733 -0.0100 0.7244 -0.2067 0.1722 0.7644
 86 N  -0.2367 -0.3656 -0.2700 -0.7489 -0.0833 -0.4478 -0.5878
 87 V  0.7522 -0.3167 -0.2578 0.3678 -0.2122 -0.0344 1.0000
 88 P  0.2744 -1.0000 -0.3267 0.0611 -0.0111 -1.0000 0.1178
 89 V  0.7522 -0.3167 -0.2578 0.3678 -0.2122 -0.0344 1.0000
 90 F  0.4033 0.4144 0.4578 0.7178 -0.3022 0.1722 0.3533
 91 G  -1.0000 -1.0000 -1.0000 -0.3800 -0.1989 -1.0000 -1.0000
 92 V  0.7522 -0.3167 -0.2578 0.3678 -0.2122 -0.0344 1.0000
 93 I  1.0000 -0.0733 -0.0100 0.7244 -0.2067 0.1722 0.7644
 94 E  -0.2556 -0.2678 -0.0644 -0.7733 -0.9644 1.0000 -0.6467
 95 P  0.2744 -1.0000 -0.3267 0.0611 -0.0111 -1.0000 0.1178
 96 G  -1.0000 -1.0000 -1.0000 -0.3800 -0.1989 -1.0000 -1.0000
 97 V  0.7522 -0.3167 -0.2578 0.3678 -0.2122 -0.0344 1.0000
 98 K  -0.0978 0.0733 0.1811 -0.9878 0.8078 0.3100 -0.2944
 99 E  -0.2556 -0.2678 -0.0644 -0.7733 -0.9644 1.0000 -0.6467
 100 A  -0.3889 -0.7556 -0.7522 -0.1900 -0.1889 1.0000 -0.5289
 101 L  0.2367 -0.0733 -0.0100 0.6622 -0.2067 0.7933 -0.0589
 102 K  -0.0978 0.0733 0.1811 -0.9878 0.8078 0.3100 -0.2944
 103 K  -0.0978 0.0733 0.1811 -0.9878 0.8078 0.3100 -0.2944
 104 S  -0.3744 -0.7078 -0.6044 -0.4044 -0.2944 -0.5178 -0.2356
 105 R  0.1167 0.4144 0.5178 -1.0000 1.0000 0.5867 -0.4122
 106 N  -0.2367 -0.3656 -0.2700 -0.7489 -0.0833 -0.4478 -0.5878
 107 K  -0.0978 0.0733 0.1811 -0.9878 0.8078 0.3100 -0.2944
 108 K  -0.0978 0.0733 0.1811 -0.9878 0.8078 0.3100 -0.2944
 109 I  1.0000 -0.0733 -0.0100 0.7244 -0.2067 0.1722 0.7644
 110 G  -1.0000 -1.0000 -1.0000 -0.3800 -0.1989 -1.0000 -1.0000
 111 V  0.7522 -0.3167 -0.2578 0.3678 -0.2122 -0.0344 1.0000
 112 I  1.0000 -0.0733 -0.0100 0.7244 -0.2067 0.1722 0.7644
 113 G  -1.0000 -1.0000 -1.0000 -0.3800 -0.1989 -1.0000 -1.0000
 114 T  0.4467 -0.4633 -0.3567 -0.2211 -0.3200 -0.4478 0.2356
 115 P  0.2744 -1.0000 -0.3267 0.0611 -0.0111 -1.0000 0.1178
 116 A  -0.3889 -0.7556 -0.7522 -0.1900 -0.1889 1.0000 -0.5289
 117 T  0.4467 -0.4633 -0.3567 -0.2211 -0.3200 -0.4478 0.2356
 118 V  0.7522 -0.3167 -0.2578 0.3678 -0.2122 -0.0344 1.0000
 119 K  -0.0978 0.0733 0.1811 -0.9878 0.8078 0.3100 -0.2944
 120 S  -0.3744 -0.7078 -0.6044 -0.4044 -0.2944 -0.5178 -0.2356
 121 G  -1.0000 -1.0000 -1.0000 -0.3800 -0.1989 -1.0000 -1.0000
 122 A  -0.3889 -0.7556 -0.7522 -0.1900 -0.1889 1.0000 -0.5289
 123 Y  0.4033 0.4633 0.6011 0.2089 -0.3044 -0.1722 0.5289
 124 Q  -0.2556 -0.1222 -0.0222 -0.5156 -0.3067 0.5867 -0.4122
 125 R  0.1167 0.4144 0.5178 -1.0000 1.0000 0.5867 -0.4122
 126 K  -0.0978 0.0733 0.1811 -0.9878 0.8078 0.3100 -0.2944
 127 L  0.2367 -0.0733 -0.0100 0.6622 -0.2067 0.7933 -0.0589
 128 E  -0.2556 -0.2678 -0.0644 -0.7733 -0.9644 1.0000 -0.6467
 129 E  -0.2556 -0.2678 -0.0644 -0.7733 -0.9644 1.0000 -0.6467
 130 G  -1.0000 -1.0000 -1.0000 -0.3800 -0.1989 -1.0000 -1.0000
 131 G  -1.0000 -1.0000 -1.0000 -0.3800 -0.1989 -1.0000 -1.0000
 132 A  -0.3889 -0.7556 -0.7522 -0.1900 -0.1889 1.0000 -0.5289
 133 D  -0.2367 -0.4633 -0.3122 -0.8522 -1.0000 -0.1722 -0.7056
 134 V  0.7522 -0.3167 -0.2578 0.3678 -0.2122 -0.0344 1.0000
 135 F  0.4033 0.4144 0.4578 0.7178 -0.3022 0.1722 0.3533
 136 A  -0.3889 -0.7556 -0.7522 -0.1900 -0.1889 1.0000 -0.5289
 137 K  -0.0978 0.0733 0.1811 -0.9878 0.8078 0.3100 -0.2944
 138 A  -0.3889 -0.7556 -0.7522 -0.1900 -0.1889 1.0000 -0.5289
 139 C  -0.1556 -0.3656 -0.3989 0.5644 -0.1267 -0.7244 0.5289
 140 P  0.2744 -1.0000 -0.3267 0.0611 -0.0111 -1.0000 0.1178
 141 L  0.2367 -0.0733 -0.0100 0.6622 -0.2067 0.7933 -0.0589
 142 F  0.4033 0.4144 0.4578 0.7178 -0.3022 0.1722 0.3533
 143 A  -0.3889 -0.7556 -0.7522 -0.1900 -0.1889 1.0000 -0.5289
 144 P  0.2744 -1.0000 -0.3267 0.0611 -0.0111 -1.0000 0.1178
 145 L  0.2367 -0.0733 -0.0100 0.6622 -0.2067 0.7933 -0.0589
 146 A  -0.3889 -0.7556 -0.7522 -0.1900 -0.1889 1.0000 -0.5289
 147 E  -0.2556 -0.2678 -0.0644 -0.7733 -0.9644 1.0000 -0.6467
 148 E  -0.2556 -0.2678 -0.0644 -0.7733 -0.9644 1.0000 -0.6467
 149 G  -1.0000 -1.0000 -1.0000 -0.3800 -0.1989 -1.0000 -1.0000
 150 L  0.2367 -0.0733 -0.0100 0.6622 -0.2067 0.7933 -0.0589
 151 L  0.2367 -0.0733 -0.0100 0.6622 -0.2067 0.7933 -0.0589
 152 E  -0.2556 -0.2678 -0.0644 -0.7733 -0.9644 1.0000 -0.6467
 153 G  -1.0000 -1.0000 -1.0000 -0.3800 -0.1989 -1.0000 -1.0000
 154 E  -0.2556 -0.2678 -0.0644 -0.7733 -0.9644 1.0000 -0.6467
 155 I  1.0000 -0.0733 -0.0100 0.7244 -0.2067 0.1722 0.7644
 156 T  0.4467 -0.4633 -0.3567 -0.2211 -0.3200 -0.4478 0.2356
 157 R  0.1167 0.4144 0.5178 -1.0000 1.0000 0.5867 -0.4122
 158 K  -0.0978 0.0733 0.1811 -0.9878 0.8078 0.3100 -0.2944
 159 V  0.7522 -0.3167 -0.2578 0.3678 -0.2122 -0.0344 1.0000
 160 V  0.7522 -0.3167 -0.2578 0.3678 -0.2122 -0.0344 1.0000
 161 E  -0.2556 -0.2678 -0.0644 -0.7733 -0.9644 1.0000 -0.6467
 162 H  0.4267 0.1222 0.1533 -0.3011 0.2167 -0.0344 -0.1178
 163 Y  0.4033 0.4633 0.6011 0.2089 -0.3044 -0.1722 0.5289
 164 L  0.2367 -0.0733 -0.0100 0.6622 -0.2067 0.7933 -0.0589
 165 K  -0.0978 0.0733 0.1811 -0.9878 0.8078 0.3100 -0.2944
 166 E  -0.2556 -0.2678 -0.0644 -0.7733 -0.9644 1.0000 -0.6467
 167 F  0.4033 0.4144 0.4578 0.7178 -0.3022 0.1722 0.3533
 168 K  -0.0978 0.0733 0.1811 -0.9878 0.8078 0.3100 -0.2944
 169 G  -1.0000 -1.0000 -1.0000 -0.3800 -0.1989 -1.0000 -1.0000
 170 K  -0.0978 0.0733 0.1811 -0.9878 0.8078 0.3100 -0.2944
 171 I  1.0000 -0.0733 -0.0100 0.7244 -0.2067 0.1722 0.7644
 172 D  -0.2367 -0.4633 -0.3122 -0.8522 -1.0000 -0.1722 -0.7056
 173 T  0.4467 -0.4633 -0.3567 -0.2211 -0.3200 -0.4478 0.2356
 174 L  0.2367 -0.0733 -0.0100 0.6622 -0.2067 0.7933 -0.0589
 175 I  1.0000 -0.0733 -0.0100 0.7244 -0.2067 0.1722 0.7644
 176 L  0.2367 -0.0733 -0.0100 0.6622 -0.2067 0.7933 -0.0589
 177 G  -1.0000 -1.0000 -1.0000 -0.3800 -0.1989 -1.0000 -1.0000
 178 C  -0.1556 -0.3656 -0.3989 0.5644 -0.1267 -0.7244 0.5289
 179 T  0.4467 -0.4633 -0.3567 -0.2211 -0.3200 -0.4478 0.2356
 180 H  0.4267 0.1222 0.1533 -0.3011 0.2167 -0.0344 -0.1178
 181 Y  0.4033 0.4633 0.6011 0.2089 -0.3044 -0.1722 0.5289
 182 P  0.2744 -1.0000 -0.3267 0.0611 -0.0111 -1.0000 0.1178
 183 L  0.2367 -0.0733 -0.0100 0.6622 -0.2067 0.7933 -0.0589
 184 L  0.2367 -0.0733 -0.0100 0.6622 -0.2067 0.7933 -0.0589
 185 K  -0.0978 0.0733 0.1811 -0.9878 0.8078 0.3100 -0.2944
 186 K  -0.0978 0.0733 0.1811 -0.9878 0.8078 0.3100 -0.2944
 187 E  -0.2556 -0.2678 -0.0644 -0.7733 -0.9644 1.0000 -0.6467
 188 I  1.0000 -0.0733 -0.0100 0.7244 -0.2067 0.1722 0.7644
 189 K  -0.0978 0.0733 0.1811 -0.9878 0.8078 0.3100 -0.2944
 190 K  -0.0978 0.0733 0.1811 -0.9878 0.8078 0.3100 -0.2944
 191 F  0.4033 0.4144 0.4578 0.7178 -0.3022 0.1722 0.3533
 192 L  0.2367 -0.0733 -0.0100 0.6622 -0.2067 0.7933 -0.0589
 193 G  -1.0000 -1.0000 -1.0000 -0.3800 -0.1989 -1.0000 -1.0000
 194 D  -0.2367 -0.4633 -0.3122 -0.8522 -1.0000 -0.1722 -0.7056
 195 A  -0.3889 -0.7556 -0.7522 -0.1900 -0.1889 1.0000 -0.5289
 196 E  -0.2556 -0.2678 -0.0644 -0.7733 -0.9644 1.0000 -0.6467
 197 V  0.7522 -0.3167 -0.2578 0.3678 -0.2122 -0.0344 1.0000
 198 V  0.7522 -0.3167 -0.2578 0.3678 -0.2122 -0.0344 1.0000
 199 D  -0.2367 -0.4633 -0.3122 -0.8522 -1.0000 -0.1722 -0.7056
 200 S  -0.3744 -0.7078 -0.6044 -0.4044 -0.2944 -0.5178 -0.2356
 201 S  -0.3744 -0.7078 -0.6044 -0.4044 -0.2944 -0.5178 -0.2356
 202 E  -0.2556 -0.2678 -0.0644 -0.7733 -0.9644 1.0000 -0.6467
 203 A  -0.3889 -0.7556 -0.7522 -0.1900 -0.1889 1.0000 -0.5289
 204 L  0.2367 -0.0733 -0.0100 0.6622 -0.2067 0.7933 -0.0589
 205 S  -0.3744 -0.7078 -0.6044 -0.4044 -0.2944 -0.5178 -0.2356
 206 L  0.2367 -0.0733 -0.0100 0.6622 -0.2067 0.7933 -0.0589
 207 S  -0.3744 -0.7078 -0.6044 -0.4044 -0.2944 -0.5178 -0.2356
 208 L  0.2367 -0.0733 -0.0100 0.6622 -0.2067 0.7933 -0.0589
 209 H  0.4267 0.1222 0.1533 -0.3011 0.2167 -0.0344 -0.1178
 210 N  -0.2367 -0.3656 -0.2700 -0.7489 -0.0833 -0.4478 -0.5878
 211 F  0.4033 0.4144 0.4578 0.7178 -0.3022 0.1722 0.3533
 212 I  1.0000 -0.0733 -0.0100 0.7244 -0.2067 0.1722 0.7644
 213 K  -0.0978 0.0733 0.1811 -0.9878 0.8078 0.3100 -0.2944
 214 D  -0.2367 -0.4633 -0.3122 -0.8522 -1.0000 -0.1722 -0.7056
 215 D  -0.2367 -0.4633 -0.3122 -0.8522 -1.0000 -0.1722 -0.7056
 216 G  -1.0000 -1.0000 -1.0000 -0.3800 -0.1989 -1.0000 -1.0000
 217 S  -0.3744 -0.7078 -0.6044 -0.4044 -0.2944 -0.5178 -0.2356
 218 S  -0.3744 -0.7078 -0.6044 -0.4044 -0.2944 -0.5178 -0.2356
 219 S  -0.3744 -0.7078 -0.6044 -0.4044 -0.2944 -0.5178 -0.2356
 220 L  0.2367 -0.0733 -0.0100 0.6622 -0.2067 0.7933 -0.0589
 221 E  -0.2556 -0.2678 -0.0644 -0.7733 -0.9644 1.0000 -0.6467
 222 L  0.2367 -0.0733 -0.0100 0.6622 -0.2067 0.7933 -0.0589
 223 F  0.4033 0.4144 0.4578 0.7178 -0.3022 0.1722 0.3533
 224 F  0.4033 0.4144 0.4578 0.7178 -0.3022 0.1722 0.3533
 225 T  0.4467 -0.4633 -0.3567 -0.2211 -0.3200 -0.4478 0.2356
 226 D  -0.2367 -0.4633 -0.3122 -0.8522 -1.0000 -0.1722 -0.7056
 227 L  0.2367 -0.0733 -0.0100 0.6622 -0.2067 0.7933 -0.0589
 228 S  -0.3744 -0.7078 -0.6044 -0.4044 -0.2944 -0.5178 -0.2356
 229 P  0.2744 -1.0000 -0.3267 0.0611 -0.0111 -1.0000 0.1178
 230 N  -0.2367 -0.3656 -0.2700 -0.7489 -0.0833 -0.4478 -0.5878
 231 L  0.2367 -0.0733 -0.0100 0.6622 -0.2067 0.7933 -0.0589
 232 Q  -0.2556 -0.1222 -0.0222 -0.5156 -0.3067 0.5867 -0.4122
 233 F  0.4033 0.4144 0.4578 0.7178 -0.3022 0.1722 0.3533
 234 L  0.2367 -0.0733 -0.0100 0.6622 -0.2067 0.7933 -0.0589
 235 I  1.0000 -0.0733 -0.0100 0.7244 -0.2067 0.1722 0.7644
 236 K  -0.0978 0.0733 0.1811 -0.9878 0.8078 0.3100 -0.2944
 237 L  0.2367 -0.0733 -0.0100 0.6622 -0.2067 0.7933 -0.0589
 238 I  1.0000 -0.0733 -0.0100 0.7244 -0.2067 0.1722 0.7644
 239 L  0.2367 -0.0733 -0.0100 0.6622 -0.2067 0.7933 -0.0589
 240 G  -1.0000 -1.0000 -1.0000 -0.3800 -0.1989 -1.0000 -1.0000
 241 R  0.1167 0.4144 0.5178 -1.0000 1.0000 0.5867 -0.4122
 242 D  -0.2367 -0.4633 -0.3122 -0.8522 -1.0000 -0.1722 -0.7056
 243 Y  0.4033 0.4633 0.6011 0.2089 -0.3044 -0.1722 0.5289
 244 P  0.2744 -1.0000 -0.3267 0.0611 -0.0111 -1.0000 0.1178
 245 V  0.7522 -0.3167 -0.2578 0.3678 -0.2122 -0.0344 1.0000
 246 K  -0.0978 0.0733 0.1811 -0.9878 0.8078 0.3100 -0.2944
 247 L  0.2367 -0.0733 -0.0100 0.6622 -0.2067 0.7933 -0.0589
 248 A  -0.3889 -0.7556 -0.7522 -0.1900 -0.1889 1.0000 -0.5289
 249 E  -0.2556 -0.2678 -0.0644 -0.7733 -0.9644 1.0000 -0.6467
 250 G  -1.0000 -1.0000 -1.0000 -0.3800 -0.1989 -1.0000 -1.0000
 251 V  0.7522 -0.3167 -0.2578 0.3678 -0.2122 -0.0344 1.0000
 252 F  0.4033 0.4144 0.4578 0.7178 -0.3022 0.1722 0.3533
