 1 M  0.1222 0.0733 0.0967 0.3744 -0.2911 0.7244 -0.0011
 2 K  -0.0978 0.0733 0.1811 -0.9878 0.8078 0.3100 -0.2944
 3 V  0.7522 -0.3167 -0.2578 0.3678 -0.2122 -0.0344 1.0000
 4 L  0.2367 -0.0733 -0.0100 0.6622 -0.2067 0.7933 -0.0589
 5 I  1.0000 -0.0733 -0.0100 0.7244 -0.2067 0.1722 0.7644
 6 V  0.7522 -0.3167 -0.2578 0.3678 -0.2122 -0.0344 1.0000
 7 E  -0.2556 -0.2678 -0.0644 -0.7733 -0.9644 1.0000 -0.6467
 8 S  -0.3744 -0.7078 -0.6044 -0.4044 -0.2944 -0.5178 -0.2356
 9 E  -0.2556 -0.2678 -0.0644 -0.7733 -0.9644 1.0000 -0.6467
 10 F  0.4033 0.4144 0.4578 0.7178 -0.3022 0.1722 0.3533
 11 L  0.2367 -0.0733 -0.0100 0.6622 -0.2067 0.7933 -0.0589
 12 H  0.4267 0.1222 0.1533 -0.3011 0.2167 -0.0344 -0.1178
 13 Q  -0.2556 -0.1222 -0.0222 -0.5156 -0.3067 0.5867 -0.4122
 14 D  -0.2367 -0.4633 -0.3122 -0.8522 -1.0000 -0.1722 -0.7056
 15 T  0.4467 -0.4633 -0.3567 -0.2211 -0.3200 -0.4478 0.2356
 16 W  0.5322 1.0000 1.0000 1.0000 -0.2322 0.3100 0.5878
 17 V  0.7522 -0.3167 -0.2578 0.3678 -0.2122 -0.0344 1.0000
 18 G  -1.0000 -1.0000 -1.0000 -0.3800 -0.1989 -1.0000 -1.0000
 19 N  -0.2367 -0.3656 -0.2700 -0.7489 -0.0833 -0.4478 -0.5878
 20 A  -0.3889 -0.7556 -0.7522 -0.1900 -0.1889 1.0000 -0.5289
 21 V  0.7522 -0.3167 -0.2578 0.3678 -0.2122 -0.0344 1.0000
 22 E  -0.2556 -0.2678 -0.0644 -0.7733 -0.9644 1.0000 -0.6467
 23 R  0.1167 0.4144 0.5178 -1.0000 1.0000 0.5867 -0.4122
 24 L  0.2367 -0.0733 -0.0100 0.6622 -0.2067 0.7933 -0.0589
 25 A  -0.3889 -0.7556 -0.7522 -0.1900 -0.1889 1.0000 -0.5289
 26 D  -0.2367 -0.4633 -0.3122 -0.8522 -1.0000 -0.1722 -0.7056
 27 A  -0.3889 -0.7556 -0.7522 -0.1900 -0.1889 1.0000 -0.5289
 28 L  0.2367 -0.0733 -0.0100 0.6622 -0.2067 0.7933 -0.0589
 29 S  -0.3744 -0.7078 -0.6044 -0.4044 -0.2944 -0.5178 -0.2356
 30 Q  -0.2556 -0.1222 -0.0222 -0.5156 -0.3067 0.5867 -0.4122
 31 Q  -0.2556 -0.1222 -0.0222 -0.5156 -0.3067 0.5867 -0.4122
 32 N  -0.2367 -0.3656 -0.2700 -0.7489 -0.0833 -0.4478 -0.5878
 33 V  0.7522 -0.3167 -0.2578 0.3678 -0.2122 -0.0344 1.0000
 34 T  0.4467 -0.4633 -0.3567 -0.2211 -0.3200 -0.4478 0.2356
 35 V  0.7522 -0.3167 -0.2578 0.3678 -0.2122 -0.0344 1.0000
 36 I  1.0000 -0.0733 -0.0100 0.7244 -0.2067 0.1722 0.7644
 37 K  -0.0978 0.0733 0.1811 -0.9878 0.8078 0.3100 -0.2944
 38 S  -0.3744 -0.7078 -0.6044 -0.4044 -0.2944 -0.5178 -0.2356
 39 T  0.4467 -0.4633 -0.3567 -0.2211 -0.3200 -0.4478 0.2356
 40 S  -0.3744 -0.7078 -0.6044 -0.4044 -0.2944 -0.5178 -0.2356
 41 F  0.4033 0.4144 0.4578 0.7178 -0.3022 0.1722 0.3533
 42 D  -0.2367 -0.4633 -0.3122 -0.8522 -1.0000 -0.1722 -0.7056
 43 D  -0.2367 -0.4633 -0.3122 -0.8522 -1.0000 -0.1722 -0.7056
 44 G  -1.0000 -1.0000 -1.0000 -0.3800 -0.1989 -1.0000 -1.0000
 45 F  0.4033 0.4144 0.4578 0.7178 -0.3022 0.1722 0.3533
 46 A  -0.3889 -0.7556 -0.7522 -0.1900 -0.1889 1.0000 -0.5289
 47 I  1.0000 -0.0733 -0.0100 0.7244 -0.2067 0.1722 0.7644
 48 L  0.2367 -0.0733 -0.0100 0.6622 -0.2067 0.7933 -0.0589
 49 S  -0.3744 -0.7078 -0.6044 -0.4044 -0.2944 -0.5178 -0.2356
 50 S  -0.3744 -0.7078 -0.6044 -0.4044 -0.2944 -0.5178 -0.2356
 51 N  -0.2367 -0.3656 -0.2700 -0.7489 -0.0833 -0.4478 -0.5878
 52 E  -0.2556 -0.2678 -0.0644 -0.7733 -0.9644 1.0000 -0.6467
 53 A  -0.3889 -0.7556 -0.7522 -0.1900 -0.1889 1.0000 -0.5289
 54 I  1.0000 -0.0733 -0.0100 0.7244 -0.2067 0.1722 0.7644
 55 D  -0.2367 -0.4633 -0.3122 -0.8522 -1.0000 -0.1722 -0.7056
 56 C  -0.1556 -0.3656 -0.3989 0.5644 -0.1267 -0.7244 0.5289
 57 L  0.2367 -0.0733 -0.0100 0.6622 -0.2067 0.7933 -0.0589
 58 M  0.1222 0.0733 0.0967 0.3744 -0.2911 0.7244 -0.0011
 59 F  0.4033 0.4144 0.4578 0.7178 -0.3022 0.1722 0.3533
 60 S  -0.3744 -0.7078 -0.6044 -0.4044 -0.2944 -0.5178 -0.2356
 61 Y  0.4033 0.4633 0.6011 0.2089 -0.3044 -0.1722 0.5289
 62 Q  -0.2556 -0.1222 -0.0222 -0.5156 -0.3067 0.5867 -0.4122
 63 M  0.1222 0.0733 0.0967 0.3744 -0.2911 0.7244 -0.0011
 64 E  -0.2556 -0.2678 -0.0644 -0.7733 -0.9644 1.0000 -0.6467
 65 H  0.4267 0.1222 0.1533 -0.3011 0.2167 -0.0344 -0.1178
 66 P  0.2744 -1.0000 -0.3267 0.0611 -0.0111 -1.0000 0.1178
 67 D  -0.2367 -0.4633 -0.3122 -0.8522 -1.0000 -0.1722 -0.7056
 68 E  -0.2556 -0.2678 -0.0644 -0.7733 -0.9644 1.0000 -0.6467
 69 H  0.4267 0.1222 0.1533 -0.3011 0.2167 -0.0344 -0.1178
 70 Q  -0.2556 -0.1222 -0.0222 -0.5156 -0.3067 0.5867 -0.4122
 71 N  -0.2367 -0.3656 -0.2700 -0.7489 -0.0833 -0.4478 -0.5878
 72 V  0.7522 -0.3167 -0.2578 0.3678 -0.2122 -0.0344 1.0000
 73 R  0.1167 0.4144 0.5178 -1.0000 1.0000 0.5867 -0.4122
 74 Q  -0.2556 -0.1222 -0.0222 -0.5156 -0.3067 0.5867 -0.4122
 75 L  0.2367 -0.0733 -0.0100 0.6622 -0.2067 0.7933 -0.0589
 76 I  1.0000 -0.0733 -0.0100 0.7244 -0.2067 0.1722 0.7644
 77 G  -1.0000 -1.0000 -1.0000 -0.3800 -0.1989 -1.0000 -1.0000
 78 K  -0.0978 0.0733 0.1811 -0.9878 0.8078 0.3100 -0.2944
 79 L  0.2367 -0.0733 -0.0100 0.6622 -0.2067 0.7933 -0.0589
 80 H  0.4267 0.1222 0.1533 -0.3011 0.2167 -0.0344 -0.1178
 81 E  -0.2556 -0.2678 -0.0644 -0.7733 -0.9644 1.0000 -0.6467
 82 R  0.1167 0.4144 0.5178 -1.0000 1.0000 0.5867 -0.4122
 83 Q  -0.2556 -0.1222 -0.0222 -0.5156 -0.3067 0.5867 -0.4122
 84 Q  -0.2556 -0.1222 -0.0222 -0.5156 -0.3067 0.5867 -0.4122
 85 N  -0.2367 -0.3656 -0.2700 -0.7489 -0.0833 -0.4478 -0.5878
 86 V  0.7522 -0.3167 -0.2578 0.3678 -0.2122 -0.0344 1.0000
 87 P  0.2744 -1.0000 -0.3267 0.0611 -0.0111 -1.0000 0.1178
 88 V  0.7522 -0.3167 -0.2578 0.3678 -0.2122 -0.0344 1.0000
 89 F  0.4033 0.4144 0.4578 0.7178 -0.3022 0.1722 0.3533
 90 L  0.2367 -0.0733 -0.0100 0.6622 -0.2067 0.7933 -0.0589
 91 L  0.2367 -0.0733 -0.0100 0.6622 -0.2067 0.7933 -0.0589
 92 G  -1.0000 -1.0000 -1.0000 -0.3800 -0.1989 -1.0000 -1.0000
 93 D  -0.2367 -0.4633 -0.3122 -0.8522 -1.0000 -0.1722 -0.7056
 94 R  0.1167 0.4144 0.5178 -1.0000 1.0000 0.5867 -0.4122
 95 E  -0.2556 -0.2678 -0.0644 -0.7733 -0.9644 1.0000 -0.6467
 96 K  -0.0978 0.0733 0.1811 -0.9878 0.8078 0.3100 -0.2944
 97 A  -0.3889 -0.7556 -0.7522 -0.1900 -0.1889 1.0000 -0.5289
 98 L  0.2367 -0.0733 -0.0100 0.6622 -0.2067 0.7933 -0.0589
 99 A  -0.3889 -0.7556 -0.7522 -0.1900 -0.1889 1.0000 -0.5289
 100 A  -0.3889 -0.7556 -0.7522 -0.1900 -0.1889 1.0000 -0.5289
 101 M  0.1222 0.0733 0.0967 0.3744 -0.2911 0.7244 -0.0011
 102 D  -0.2367 -0.4633 -0.3122 -0.8522 -1.0000 -0.1722 -0.7056
 103 R  0.1167 0.4144 0.5178 -1.0000 1.0000 0.5867 -0.4122
 104 D  -0.2367 -0.4633 -0.3122 -0.8522 -1.0000 -0.1722 -0.7056
 105 L  0.2367 -0.0733 -0.0100 0.6622 -0.2067 0.7933 -0.0589
 106 L  0.2367 -0.0733 -0.0100 0.6622 -0.2067 0.7933 -0.0589
 107 E  -0.2556 -0.2678 -0.0644 -0.7733 -0.9644 1.0000 -0.6467
 108 L  0.2367 -0.0733 -0.0100 0.6622 -0.2067 0.7933 -0.0589
 109 V  0.7522 -0.3167 -0.2578 0.3678 -0.2122 -0.0344 1.0000
 110 D  -0.2367 -0.4633 -0.3122 -0.8522 -1.0000 -0.1722 -0.7056
 111 E  -0.2556 -0.2678 -0.0644 -0.7733 -0.9644 1.0000 -0.6467
 112 F  0.4033 0.4144 0.4578 0.7178 -0.3022 0.1722 0.3533
 113 A  -0.3889 -0.7556 -0.7522 -0.1900 -0.1889 1.0000 -0.5289
 114 W  0.5322 1.0000 1.0000 1.0000 -0.2322 0.3100 0.5878
 115 I  1.0000 -0.0733 -0.0100 0.7244 -0.2067 0.1722 0.7644
 116 L  0.2367 -0.0733 -0.0100 0.6622 -0.2067 0.7933 -0.0589
 117 E  -0.2556 -0.2678 -0.0644 -0.7733 -0.9644 1.0000 -0.6467
 118 D  -0.2367 -0.4633 -0.3122 -0.8522 -1.0000 -0.1722 -0.7056
 119 T  0.4467 -0.4633 -0.3567 -0.2211 -0.3200 -0.4478 0.2356
 120 A  -0.3889 -0.7556 -0.7522 -0.1900 -0.1889 1.0000 -0.5289
 121 D  -0.2367 -0.4633 -0.3122 -0.8522 -1.0000 -0.1722 -0.7056
 122 F  0.4033 0.4144 0.4578 0.7178 -0.3022 0.1722 0.3533
 123 I  1.0000 -0.0733 -0.0100 0.7244 -0.2067 0.1722 0.7644
 124 A  -0.3889 -0.7556 -0.7522 -0.1900 -0.1889 1.0000 -0.5289
 125 G  -1.0000 -1.0000 -1.0000 -0.3800 -0.1989 -1.0000 -1.0000
 126 R  0.1167 0.4144 0.5178 -1.0000 1.0000 0.5867 -0.4122
 127 A  -0.3889 -0.7556 -0.7522 -0.1900 -0.1889 1.0000 -0.5289
 128 V  0.7522 -0.3167 -0.2578 0.3678 -0.2122 -0.0344 1.0000
 129 A  -0.3889 -0.7556 -0.7522 -0.1900 -0.1889 1.0000 -0.5289
 130 A  -0.3889 -0.7556 -0.7522 -0.1900 -0.1889 1.0000 -0.5289
 131 M  0.1222 0.0733 0.0967 0.3744 -0.2911 0.7244 -0.0011
 132 T  0.4467 -0.4633 -0.3567 -0.2211 -0.3200 -0.4478 0.2356
 133 R  0.1167 0.4144 0.5178 -1.0000 1.0000 0.5867 -0.4122
 134 Y  0.4033 0.4633 0.6011 0.2089 -0.3044 -0.1722 0.5289
 135 R  0.1167 0.4144 0.5178 -1.0000 1.0000 0.5867 -0.4122
 136 Q  -0.2556 -0.1222 -0.0222 -0.5156 -0.3067 0.5867 -0.4122
 137 Q  -0.2556 -0.1222 -0.0222 -0.5156 -0.3067 0.5867 -0.4122
 138 L  0.2367 -0.0733 -0.0100 0.6622 -0.2067 0.7933 -0.0589
 139 L  0.2367 -0.0733 -0.0100 0.6622 -0.2067 0.7933 -0.0589
 140 P  0.2744 -1.0000 -0.3267 0.0611 -0.0111 -1.0000 0.1178
 141 P  0.2744 -1.0000 -0.3267 0.0611 -0.0111 -1.0000 0.1178
 142 L  0.2367 -0.0733 -0.0100 0.6622 -0.2067 0.7933 -0.0589
 143 F  0.4033 0.4144 0.4578 0.7178 -0.3022 0.1722 0.3533
 144 S  -0.3744 -0.7078 -0.6044 -0.4044 -0.2944 -0.5178 -0.2356
 145 A  -0.3889 -0.7556 -0.7522 -0.1900 -0.1889 1.0000 -0.5289
 146 L  0.2367 -0.0733 -0.0100 0.6622 -0.2067 0.7933 -0.0589
 147 M  0.1222 0.0733 0.0967 0.3744 -0.2911 0.7244 -0.0011
 148 K  -0.0978 0.0733 0.1811 -0.9878 0.8078 0.3100 -0.2944
 149 Y  0.4033 0.4633 0.6011 0.2089 -0.3044 -0.1722 0.5289
 150 S  -0.3744 -0.7078 -0.6044 -0.4044 -0.2944 -0.5178 -0.2356
 151 D  -0.2367 -0.4633 -0.3122 -0.8522 -1.0000 -0.1722 -0.7056
 152 I  1.0000 -0.0733 -0.0100 0.7244 -0.2067 0.1722 0.7644
 153 H  0.4267 0.1222 0.1533 -0.3011 0.2167 -0.0344 -0.1178
 154 E  -0.2556 -0.2678 -0.0644 -0.7733 -0.9644 1.0000 -0.6467
 155 Y  0.4033 0.4633 0.6011 0.2089 -0.3044 -0.1722 0.5289
 156 S  -0.3744 -0.7078 -0.6044 -0.4044 -0.2944 -0.5178 -0.2356
 157 W  0.5322 1.0000 1.0000 1.0000 -0.2322 0.3100 0.5878
 158 A  -0.3889 -0.7556 -0.7522 -0.1900 -0.1889 1.0000 -0.5289
 159 A  -0.3889 -0.7556 -0.7522 -0.1900 -0.1889 1.0000 -0.5289
 160 P  0.2744 -1.0000 -0.3267 0.0611 -0.0111 -1.0000 0.1178
 161 G  -1.0000 -1.0000 -1.0000 -0.3800 -0.1989 -1.0000 -1.0000
 162 H  0.4267 0.1222 0.1533 -0.3011 0.2167 -0.0344 -0.1178
 163 Q  -0.2556 -0.1222 -0.0222 -0.5156 -0.3067 0.5867 -0.4122
 164 G  -1.0000 -1.0000 -1.0000 -0.3800 -0.1989 -1.0000 -1.0000
 165 G  -1.0000 -1.0000 -1.0000 -0.3800 -0.1989 -1.0000 -1.0000
 166 V  0.7522 -0.3167 -0.2578 0.3678 -0.2122 -0.0344 1.0000
 167 G  -1.0000 -1.0000 -1.0000 -0.3800 -0.1989 -1.0000 -1.0000
 168 F  0.4033 0.4144 0.4578 0.7178 -0.3022 0.1722 0.3533
 169 T  0.4467 -0.4633 -0.3567 -0.2211 -0.3200 -0.4478 0.2356
 170 K  -0.0978 0.0733 0.1811 -0.9878 0.8078 0.3100 -0.2944
 171 T  0.4467 -0.4633 -0.3567 -0.2211 -0.3200 -0.4478 0.2356
 172 P  0.2744 -1.0000 -0.3267 0.0611 -0.0111 -1.0000 0.1178
 173 A  -0.3889 -0.7556 -0.7522 -0.1900 -0.1889 1.0000 -0.5289
 174 G  -1.0000 -1.0000 -1.0000 -0.3800 -0.1989 -1.0000 -1.0000
 175 R  0.1167 0.4144 0.5178 -1.0000 1.0000 0.5867 -0.4122
 176 F  0.4033 0.4144 0.4578 0.7178 -0.3022 0.1722 0.3533
 177 Y  0.4033 0.4633 0.6011 0.2089 -0.3044 -0.1722 0.5289
 178 H  0.4267 0.1222 0.1533 -0.3011 0.2167 -0.0344 -0.1178
 179 D  -0.2367 -0.4633 -0.3122 -0.8522 -1.0000 -0.1722 -0.7056
 180 Y  0.4033 0.4633 0.6011 0.2089 -0.3044 -0.1722 0.5289
 181 Y  0.4033 0.4633 0.6011 0.2089 -0.3044 -0.1722 0.5289
 182 G  -1.0000 -1.0000 -1.0000 -0.3800 -0.1989 -1.0000 -1.0000
 183 E  -0.2556 -0.2678 -0.0644 -0.7733 -0.9644 1.0000 -0.6467
 184 N  -0.2367 -0.3656 -0.2700 -0.7489 -0.0833 -0.4478 -0.5878
 185 L  0.2367 -0.0733 -0.0100 0.6622 -0.2067 0.7933 -0.0589
 186 F  0.4033 0.4144 0.4578 0.7178 -0.3022 0.1722 0.3533
 187 R  0.1167 0.4144 0.5178 -1.0000 1.0000 0.5867 -0.4122
 188 T  0.4467 -0.4633 -0.3567 -0.2211 -0.3200 -0.4478 0.2356
 189 D  -0.2367 -0.4633 -0.3122 -0.8522 -1.0000 -0.1722 -0.7056
 190 M  0.1222 0.0733 0.0967 0.3744 -0.2911 0.7244 -0.0011
 191 G  -1.0000 -1.0000 -1.0000 -0.3800 -0.1989 -1.0000 -1.0000
 192 I  1.0000 -0.0733 -0.0100 0.7244 -0.2067 0.1722 0.7644
 193 E  -0.2556 -0.2678 -0.0644 -0.7733 -0.9644 1.0000 -0.6467
 194 R  0.1167 0.4144 0.5178 -1.0000 1.0000 0.5867 -0.4122
 195 T  0.4467 -0.4633 -0.3567 -0.2211 -0.3200 -0.4478 0.2356
 196 S  -0.3744 -0.7078 -0.6044 -0.4044 -0.2944 -0.5178 -0.2356
 197 L  0.2367 -0.0733 -0.0100 0.6622 -0.2067 0.7933 -0.0589
 198 G  -1.0000 -1.0000 -1.0000 -0.3800 -0.1989 -1.0000 -1.0000
 199 S  -0.3744 -0.7078 -0.6044 -0.4044 -0.2944 -0.5178 -0.2356
 200 L  0.2367 -0.0733 -0.0100 0.6622 -0.2067 0.7933 -0.0589
 201 L  0.2367 -0.0733 -0.0100 0.6622 -0.2067 0.7933 -0.0589
 202 D  -0.2367 -0.4633 -0.3122 -0.8522 -1.0000 -0.1722 -0.7056
 203 H  0.4267 0.1222 0.1533 -0.3011 0.2167 -0.0344 -0.1178
 204 T  0.4467 -0.4633 -0.3567 -0.2211 -0.3200 -0.4478 0.2356
 205 G  -1.0000 -1.0000 -1.0000 -0.3800 -0.1989 -1.0000 -1.0000
 206 A  -0.3889 -0.7556 -0.7522 -0.1900 -0.1889 1.0000 -0.5289
 207 F  0.4033 0.4144 0.4578 0.7178 -0.3022 0.1722 0.3533
 208 G  -1.0000 -1.0000 -1.0000 -0.3800 -0.1989 -1.0000 -1.0000
 209 E  -0.2556 -0.2678 -0.0644 -0.7733 -0.9644 1.0000 -0.6467
 210 S  -0.3744 -0.7078 -0.6044 -0.4044 -0.2944 -0.5178 -0.2356
 211 E  -0.2556 -0.2678 -0.0644 -0.7733 -0.9644 1.0000 -0.6467
 212 K  -0.0978 0.0733 0.1811 -0.9878 0.8078 0.3100 -0.2944
 213 Y  0.4033 0.4633 0.6011 0.2089 -0.3044 -0.1722 0.5289
 214 A  -0.3889 -0.7556 -0.7522 -0.1900 -0.1889 1.0000 -0.5289
 215 A  -0.3889 -0.7556 -0.7522 -0.1900 -0.1889 1.0000 -0.5289
 216 R  0.1167 0.4144 0.5178 -1.0000 1.0000 0.5867 -0.4122
 217 V  0.7522 -0.3167 -0.2578 0.3678 -0.2122 -0.0344 1.0000
 218 F  0.4033 0.4144 0.4578 0.7178 -0.3022 0.1722 0.3533
 219 G  -1.0000 -1.0000 -1.0000 -0.3800 -0.1989 -1.0000 -1.0000
 220 A  -0.3889 -0.7556 -0.7522 -0.1900 -0.1889 1.0000 -0.5289
 221 D  -0.2367 -0.4633 -0.3122 -0.8522 -1.0000 -0.1722 -0.7056
 222 R  0.1167 0.4144 0.5178 -1.0000 1.0000 0.5867 -0.4122
 223 S  -0.3744 -0.7078 -0.6044 -0.4044 -0.2944 -0.5178 -0.2356
 224 W  0.5322 1.0000 1.0000 1.0000 -0.2322 0.3100 0.5878
 225 S  -0.3744 -0.7078 -0.6044 -0.4044 -0.2944 -0.5178 -0.2356
 226 V  0.7522 -0.3167 -0.2578 0.3678 -0.2122 -0.0344 1.0000
 227 V  0.7522 -0.3167 -0.2578 0.3678 -0.2122 -0.0344 1.0000
 228 V  0.7522 -0.3167 -0.2578 0.3678 -0.2122 -0.0344 1.0000
 229 G  -1.0000 -1.0000 -1.0000 -0.3800 -0.1989 -1.0000 -1.0000
 230 T  0.4467 -0.4633 -0.3567 -0.2211 -0.3200 -0.4478 0.2356
 231 S  -0.3744 -0.7078 -0.6044 -0.4044 -0.2944 -0.5178 -0.2356
 232 G  -1.0000 -1.0000 -1.0000 -0.3800 -0.1989 -1.0000 -1.0000
 233 S  -0.3744 -0.7078 -0.6044 -0.4044 -0.2944 -0.5178 -0.2356
 234 N  -0.2367 -0.3656 -0.2700 -0.7489 -0.0833 -0.4478 -0.5878
 235 R  0.1167 0.4144 0.5178 -1.0000 1.0000 0.5867 -0.4122
 236 T  0.4467 -0.4633 -0.3567 -0.2211 -0.3200 -0.4478 0.2356
 237 I  1.0000 -0.0733 -0.0100 0.7244 -0.2067 0.1722 0.7644
 238 M  0.1222 0.0733 0.0967 0.3744 -0.2911 0.7244 -0.0011
 239 Q  -0.2556 -0.1222 -0.0222 -0.5156 -0.3067 0.5867 -0.4122
 240 A  -0.3889 -0.7556 -0.7522 -0.1900 -0.1889 1.0000 -0.5289
 241 C  -0.1556 -0.3656 -0.3989 0.5644 -0.1267 -0.7244 0.5289
 242 M  0.1222 0.0733 0.0967 0.3744 -0.2911 0.7244 -0.0011
 243 T  0.4467 -0.4633 -0.3567 -0.2211 -0.3200 -0.4478 0.2356
 244 D  -0.2367 -0.4633 -0.3122 -0.8522 -1.0000 -0.1722 -0.7056
 245 N  -0.2367 -0.3656 -0.2700 -0.7489 -0.0833 -0.4478 -0.5878
 246 D  -0.2367 -0.4633 -0.3122 -0.8522 -1.0000 -0.1722 -0.7056
 247 V  0.7522 -0.3167 -0.2578 0.3678 -0.2122 -0.0344 1.0000
 248 V  0.7522 -0.3167 -0.2578 0.3678 -0.2122 -0.0344 1.0000
 249 V  0.7522 -0.3167 -0.2578 0.3678 -0.2122 -0.0344 1.0000
 250 V  0.7522 -0.3167 -0.2578 0.3678 -0.2122 -0.0344 1.0000
 251 D  -0.2367 -0.4633 -0.3122 -0.8522 -1.0000 -0.1722 -0.7056
 252 R  0.1167 0.4144 0.5178 -1.0000 1.0000 0.5867 -0.4122
 253 N  -0.2367 -0.3656 -0.2700 -0.7489 -0.0833 -0.4478 -0.5878
 254 C  -0.1556 -0.3656 -0.3989 0.5644 -0.1267 -0.7244 0.5289
 255 H  0.4267 0.1222 0.1533 -0.3011 0.2167 -0.0344 -0.1178
 256 K  -0.0978 0.0733 0.1811 -0.9878 0.8078 0.3100 -0.2944
 257 S  -0.3744 -0.7078 -0.6044 -0.4044 -0.2944 -0.5178 -0.2356
 258 I  1.0000 -0.0733 -0.0100 0.7244 -0.2067 0.1722 0.7644
 259 E  -0.2556 -0.2678 -0.0644 -0.7733 -0.9644 1.0000 -0.6467
 260 Q  -0.2556 -0.1222 -0.0222 -0.5156 -0.3067 0.5867 -0.4122
 261 G  -1.0000 -1.0000 -1.0000 -0.3800 -0.1989 -1.0000 -1.0000
 262 L  0.2367 -0.0733 -0.0100 0.6622 -0.2067 0.7933 -0.0589
 263 M  0.1222 0.0733 0.0967 0.3744 -0.2911 0.7244 -0.0011
 264 L  0.2367 -0.0733 -0.0100 0.6622 -0.2067 0.7933 -0.0589
 265 T  0.4467 -0.4633 -0.3567 -0.2211 -0.3200 -0.4478 0.2356
 266 G  -1.0000 -1.0000 -1.0000 -0.3800 -0.1989 -1.0000 -1.0000
 267 A  -0.3889 -0.7556 -0.7522 -0.1900 -0.1889 1.0000 -0.5289
 268 K  -0.0978 0.0733 0.1811 -0.9878 0.8078 0.3100 -0.2944
 269 P  0.2744 -1.0000 -0.3267 0.0611 -0.0111 -1.0000 0.1178
 270 V  0.7522 -0.3167 -0.2578 0.3678 -0.2122 -0.0344 1.0000
 271 Y  0.4033 0.4633 0.6011 0.2089 -0.3044 -0.1722 0.5289
 272 M  0.1222 0.0733 0.0967 0.3744 -0.2911 0.7244 -0.0011
 273 V  0.7522 -0.3167 -0.2578 0.3678 -0.2122 -0.0344 1.0000
 274 P  0.2744 -1.0000 -0.3267 0.0611 -0.0111 -1.0000 0.1178
 275 S  -0.3744 -0.7078 -0.6044 -0.4044 -0.2944 -0.5178 -0.2356
 276 R  0.1167 0.4144 0.5178 -1.0000 1.0000 0.5867 -0.4122
 277 N  -0.2367 -0.3656 -0.2700 -0.7489 -0.0833 -0.4478 -0.5878
 278 R  0.1167 0.4144 0.5178 -1.0000 1.0000 0.5867 -0.4122
 279 Y  0.4033 0.4633 0.6011 0.2089 -0.3044 -0.1722 0.5289
 280 G  -1.0000 -1.0000 -1.0000 -0.3800 -0.1989 -1.0000 -1.0000
 281 I  1.0000 -0.0733 -0.0100 0.7244 -0.2067 0.1722 0.7644
 282 I  1.0000 -0.0733 -0.0100 0.7244 -0.2067 0.1722 0.7644
 283 G  -1.0000 -1.0000 -1.0000 -0.3800 -0.1989 -1.0000 -1.0000
 284 P  0.2744 -1.0000 -0.3267 0.0611 -0.0111 -1.0000 0.1178
 285 I  1.0000 -0.0733 -0.0100 0.7244 -0.2067 0.1722 0.7644
 286 Y  0.4033 0.4633 0.6011 0.2089 -0.3044 -0.1722 0.5289
 287 P  0.2744 -1.0000 -0.3267 0.0611 -0.0111 -1.0000 0.1178
 288 Q  -0.2556 -0.1222 -0.0222 -0.5156 -0.3067 0.5867 -0.4122
 289 E  -0.2556 -0.2678 -0.0644 -0.7733 -0.9644 1.0000 -0.6467
 290 M  0.1222 0.0733 0.0967 0.3744 -0.2911 0.7244 -0.0011
 291 Q  -0.2556 -0.1222 -0.0222 -0.5156 -0.3067 0.5867 -0.4122
 292 P  0.2744 -1.0000 -0.3267 0.0611 -0.0111 -1.0000 0.1178
 293 E  -0.2556 -0.2678 -0.0644 -0.7733 -0.9644 1.0000 -0.6467
 294 T  0.4467 -0.4633 -0.3567 -0.2211 -0.3200 -0.4478 0.2356
 295 L  0.2367 -0.0733 -0.0100 0.6622 -0.2067 0.7933 -0.0589
 296 Q  -0.2556 -0.1222 -0.0222 -0.5156 -0.3067 0.5867 -0.4122
 297 K  -0.0978 0.0733 0.1811 -0.9878 0.8078 0.3100 -0.2944
 298 K  -0.0978 0.0733 0.1811 -0.9878 0.8078 0.3100 -0.2944
 299 I  1.0000 -0.0733 -0.0100 0.7244 -0.2067 0.1722 0.7644
 300 S  -0.3744 -0.7078 -0.6044 -0.4044 -0.2944 -0.5178 -0.2356
 301 E  -0.2556 -0.2678 -0.0644 -0.7733 -0.9644 1.0000 -0.6467
 302 S  -0.3744 -0.7078 -0.6044 -0.4044 -0.2944 -0.5178 -0.2356
 303 P  0.2744 -1.0000 -0.3267 0.0611 -0.0111 -1.0000 0.1178
 304 L  0.2367 -0.0733 -0.0100 0.6622 -0.2067 0.7933 -0.0589
 305 T  0.4467 -0.4633 -0.3567 -0.2211 -0.3200 -0.4478 0.2356
 306 K  -0.0978 0.0733 0.1811 -0.9878 0.8078 0.3100 -0.2944
 307 D  -0.2367 -0.4633 -0.3122 -0.8522 -1.0000 -0.1722 -0.7056
 308 K  -0.0978 0.0733 0.1811 -0.9878 0.8078 0.3100 -0.2944
 309 A  -0.3889 -0.7556 -0.7522 -0.1900 -0.1889 1.0000 -0.5289
 310 G  -1.0000 -1.0000 -1.0000 -0.3800 -0.1989 -1.0000 -1.0000
 311 Q  -0.2556 -0.1222 -0.0222 -0.5156 -0.3067 0.5867 -0.4122
 312 K  -0.0978 0.0733 0.1811 -0.9878 0.8078 0.3100 -0.2944
 313 P  0.2744 -1.0000 -0.3267 0.0611 -0.0111 -1.0000 0.1178
 314 S  -0.3744 -0.7078 -0.6044 -0.4044 -0.2944 -0.5178 -0.2356
 315 Y  0.4033 0.4633 0.6011 0.2089 -0.3044 -0.1722 0.5289
 316 C  -0.1556 -0.3656 -0.3989 0.5644 -0.1267 -0.7244 0.5289
 317 V  0.7522 -0.3167 -0.2578 0.3678 -0.2122 -0.0344 1.0000
 318 V  0.7522 -0.3167 -0.2578 0.3678 -0.2122 -0.0344 1.0000
 319 T  0.4467 -0.4633 -0.3567 -0.2211 -0.3200 -0.4478 0.2356
 320 N  -0.2367 -0.3656 -0.2700 -0.7489 -0.0833 -0.4478 -0.5878
 321 C  -0.1556 -0.3656 -0.3989 0.5644 -0.1267 -0.7244 0.5289
 322 T  0.4467 -0.4633 -0.3567 -0.2211 -0.3200 -0.4478 0.2356
 323 Y  0.4033 0.4633 0.6011 0.2089 -0.3044 -0.1722 0.5289
 324 D  -0.2367 -0.4633 -0.3122 -0.8522 -1.0000 -0.1722 -0.7056
 325 G  -1.0000 -1.0000 -1.0000 -0.3800 -0.1989 -1.0000 -1.0000
 326 V  0.7522 -0.3167 -0.2578 0.3678 -0.2122 -0.0344 1.0000
 327 C  -0.1556 -0.3656 -0.3989 0.5644 -0.1267 -0.7244 0.5289
 328 Y  0.4033 0.4633 0.6011 0.2089 -0.3044 -0.1722 0.5289
 329 N  -0.2367 -0.3656 -0.2700 -0.7489 -0.0833 -0.4478 -0.5878
 330 A  -0.3889 -0.7556 -0.7522 -0.1900 -0.1889 1.0000 -0.5289
 331 K  -0.0978 0.0733 0.1811 -0.9878 0.8078 0.3100 -0.2944
 332 E  -0.2556 -0.2678 -0.0644 -0.7733 -0.9644 1.0000 -0.6467
 333 A  -0.3889 -0.7556 -0.7522 -0.1900 -0.1889 1.0000 -0.5289
 334 Q  -0.2556 -0.1222 -0.0222 -0.5156 -0.3067 0.5867 -0.4122
 335 D  -0.2367 -0.4633 -0.3122 -0.8522 -1.0000 -0.1722 -0.7056
 336 L  0.2367 -0.0733 -0.0100 0.6622 -0.2067 0.7933 -0.0589
 337 L  0.2367 -0.0733 -0.0100 0.6622 -0.2067 0.7933 -0.0589
 338 E  -0.2556 -0.2678 -0.0644 -0.7733 -0.9644 1.0000 -0.6467
 339 K  -0.0978 0.0733 0.1811 -0.9878 0.8078 0.3100 -0.2944
 340 T  0.4467 -0.4633 -0.3567 -0.2211 -0.3200 -0.4478 0.2356
 341 S  -0.3744 -0.7078 -0.6044 -0.4044 -0.2944 -0.5178 -0.2356
 342 D  -0.2367 -0.4633 -0.3122 -0.8522 -1.0000 -0.1722 -0.7056
 343 R  0.1167 0.4144 0.5178 -1.0000 1.0000 0.5867 -0.4122
 344 L  0.2367 -0.0733 -0.0100 0.6622 -0.2067 0.7933 -0.0589
 345 H  0.4267 0.1222 0.1533 -0.3011 0.2167 -0.0344 -0.1178
 346 F  0.4033 0.4144 0.4578 0.7178 -0.3022 0.1722 0.3533
 347 D  -0.2367 -0.4633 -0.3122 -0.8522 -1.0000 -0.1722 -0.7056
 348 E  -0.2556 -0.2678 -0.0644 -0.7733 -0.9644 1.0000 -0.6467
 349 A  -0.3889 -0.7556 -0.7522 -0.1900 -0.1889 1.0000 -0.5289
 350 W  0.5322 1.0000 1.0000 1.0000 -0.2322 0.3100 0.5878
 351 Y  0.4033 0.4633 0.6011 0.2089 -0.3044 -0.1722 0.5289
 352 G  -1.0000 -1.0000 -1.0000 -0.3800 -0.1989 -1.0000 -1.0000
 353 Y  0.4033 0.4633 0.6011 0.2089 -0.3044 -0.1722 0.5289
 354 A  -0.3889 -0.7556 -0.7522 -0.1900 -0.1889 1.0000 -0.5289
 355 R  0.1167 0.4144 0.5178 -1.0000 1.0000 0.5867 -0.4122
 356 F  0.4033 0.4144 0.4578 0.7178 -0.3022 0.1722 0.3533
 357 N  -0.2367 -0.3656 -0.2700 -0.7489 -0.0833 -0.4478 -0.5878
 358 P  0.2744 -1.0000 -0.3267 0.0611 -0.0111 -1.0000 0.1178
 359 I  1.0000 -0.0733 -0.0100 0.7244 -0.2067 0.1722 0.7644
 360 Y  0.4033 0.4633 0.6011 0.2089 -0.3044 -0.1722 0.5289
 361 A  -0.3889 -0.7556 -0.7522 -0.1900 -0.1889 1.0000 -0.5289
 362 D  -0.2367 -0.4633 -0.3122 -0.8522 -1.0000 -0.1722 -0.7056
 363 H  0.4267 0.1222 0.1533 -0.3011 0.2167 -0.0344 -0.1178
 364 Y  0.4033 0.4633 0.6011 0.2089 -0.3044 -0.1722 0.5289
 365 A  -0.3889 -0.7556 -0.7522 -0.1900 -0.1889 1.0000 -0.5289
 366 M  0.1222 0.0733 0.0967 0.3744 -0.2911 0.7244 -0.0011
 367 R  0.1167 0.4144 0.5178 -1.0000 1.0000 0.5867 -0.4122
 368 G  -1.0000 -1.0000 -1.0000 -0.3800 -0.1989 -1.0000 -1.0000
 369 E  -0.2556 -0.2678 -0.0644 -0.7733 -0.9644 1.0000 -0.6467
 370 P  0.2744 -1.0000 -0.3267 0.0611 -0.0111 -1.0000 0.1178
 371 G  -1.0000 -1.0000 -1.0000 -0.3800 -0.1989 -1.0000 -1.0000
 372 D  -0.2367 -0.4633 -0.3122 -0.8522 -1.0000 -0.1722 -0.7056
 373 H  0.4267 0.1222 0.1533 -0.3011 0.2167 -0.0344 -0.1178
 374 N  -0.2367 -0.3656 -0.2700 -0.7489 -0.0833 -0.4478 -0.5878
 375 G  -1.0000 -1.0000 -1.0000 -0.3800 -0.1989 -1.0000 -1.0000
 376 P  0.2744 -1.0000 -0.3267 0.0611 -0.0111 -1.0000 0.1178
 377 T  0.4467 -0.4633 -0.3567 -0.2211 -0.3200 -0.4478 0.2356
 378 V  0.7522 -0.3167 -0.2578 0.3678 -0.2122 -0.0344 1.0000
 379 F  0.4033 0.4144 0.4578 0.7178 -0.3022 0.1722 0.3533
 380 A  -0.3889 -0.7556 -0.7522 -0.1900 -0.1889 1.0000 -0.5289
 381 T  0.4467 -0.4633 -0.3567 -0.2211 -0.3200 -0.4478 0.2356
 382 H  0.4267 0.1222 0.1533 -0.3011 0.2167 -0.0344 -0.1178
 383 S  -0.3744 -0.7078 -0.6044 -0.4044 -0.2944 -0.5178 -0.2356
 384 T  0.4467 -0.4633 -0.3567 -0.2211 -0.3200 -0.4478 0.2356
 385 H  0.4267 0.1222 0.1533 -0.3011 0.2167 -0.0344 -0.1178
 ! !  -1.0000 -1.0000 -1.0000 -1.0000 -1.0000 -1.0000 -1.0000
 387 L  0.2367 -0.0733 -0.0100 0.6622 -0.2067 0.7933 -0.0589
 388 L  0.2367 -0.0733 -0.0100 0.6622 -0.2067 0.7933 -0.0589
 389 N  -0.2367 -0.3656 -0.2700 -0.7489 -0.0833 -0.4478 -0.5878
 390 A  -0.3889 -0.7556 -0.7522 -0.1900 -0.1889 1.0000 -0.5289
 391 L  0.2367 -0.0733 -0.0100 0.6622 -0.2067 0.7933 -0.0589
 392 S  -0.3744 -0.7078 -0.6044 -0.4044 -0.2944 -0.5178 -0.2356
 393 Q  -0.2556 -0.1222 -0.0222 -0.5156 -0.3067 0.5867 -0.4122
 394 A  -0.3889 -0.7556 -0.7522 -0.1900 -0.1889 1.0000 -0.5289
 395 S  -0.3744 -0.7078 -0.6044 -0.4044 -0.2944 -0.5178 -0.2356
 396 Y  0.4033 0.4633 0.6011 0.2089 -0.3044 -0.1722 0.5289
 397 I  1.0000 -0.0733 -0.0100 0.7244 -0.2067 0.1722 0.7644
 398 H  0.4267 0.1222 0.1533 -0.3011 0.2167 -0.0344 -0.1178
 399 V  0.7522 -0.3167 -0.2578 0.3678 -0.2122 -0.0344 1.0000
 400 R  0.1167 0.4144 0.5178 -1.0000 1.0000 0.5867 -0.4122
 401 E  -0.2556 -0.2678 -0.0644 -0.7733 -0.9644 1.0000 -0.6467
 402 G  -1.0000 -1.0000 -1.0000 -0.3800 -0.1989 -1.0000 -1.0000
 403 R  0.1167 0.4144 0.5178 -1.0000 1.0000 0.5867 -0.4122
 404 G  -1.0000 -1.0000 -1.0000 -0.3800 -0.1989 -1.0000 -1.0000
 405 A  -0.3889 -0.7556 -0.7522 -0.1900 -0.1889 1.0000 -0.5289
 406 I  1.0000 -0.0733 -0.0100 0.7244 -0.2067 0.1722 0.7644
 407 N  -0.2367 -0.3656 -0.2700 -0.7489 -0.0833 -0.4478 -0.5878
 408 F  0.4033 0.4144 0.4578 0.7178 -0.3022 0.1722 0.3533
 409 S  -0.3744 -0.7078 -0.6044 -0.4044 -0.2944 -0.5178 -0.2356
 410 R  0.1167 0.4144 0.5178 -1.0000 1.0000 0.5867 -0.4122
 411 F  0.4033 0.4144 0.4578 0.7178 -0.3022 0.1722 0.3533
 412 N  -0.2367 -0.3656 -0.2700 -0.7489 -0.0833 -0.4478 -0.5878
 413 Q  -0.2556 -0.1222 -0.0222 -0.5156 -0.3067 0.5867 -0.4122
 414 A  -0.3889 -0.7556 -0.7522 -0.1900 -0.1889 1.0000 -0.5289
 415 Y  0.4033 0.4633 0.6011 0.2089 -0.3044 -0.1722 0.5289
 416 M  0.1222 0.0733 0.0967 0.3744 -0.2911 0.7244 -0.0011
 417 M  0.1222 0.0733 0.0967 0.3744 -0.2911 0.7244 -0.0011
 418 H  0.4267 0.1222 0.1533 -0.3011 0.2167 -0.0344 -0.1178
 419 A  -0.3889 -0.7556 -0.7522 -0.1900 -0.1889 1.0000 -0.5289
 420 T  0.4467 -0.4633 -0.3567 -0.2211 -0.3200 -0.4478 0.2356
 421 T  0.4467 -0.4633 -0.3567 -0.2211 -0.3200 -0.4478 0.2356
 422 S  -0.3744 -0.7078 -0.6044 -0.4044 -0.2944 -0.5178 -0.2356
 423 P  0.2744 -1.0000 -0.3267 0.0611 -0.0111 -1.0000 0.1178
 424 L  0.2367 -0.0733 -0.0100 0.6622 -0.2067 0.7933 -0.0589
 425 Y  0.4033 0.4633 0.6011 0.2089 -0.3044 -0.1722 0.5289
 426 A  -0.3889 -0.7556 -0.7522 -0.1900 -0.1889 1.0000 -0.5289
 427 I  1.0000 -0.0733 -0.0100 0.7244 -0.2067 0.1722 0.7644
 428 C  -0.1556 -0.3656 -0.3989 0.5644 -0.1267 -0.7244 0.5289
 429 A  -0.3889 -0.7556 -0.7522 -0.1900 -0.1889 1.0000 -0.5289
 430 S  -0.3744 -0.7078 -0.6044 -0.4044 -0.2944 -0.5178 -0.2356
 431 N  -0.2367 -0.3656 -0.2700 -0.7489 -0.0833 -0.4478 -0.5878
 432 D  -0.2367 -0.4633 -0.3122 -0.8522 -1.0000 -0.1722 -0.7056
 433 V  0.7522 -0.3167 -0.2578 0.3678 -0.2122 -0.0344 1.0000
 434 A  -0.3889 -0.7556 -0.7522 -0.1900 -0.1889 1.0000 -0.5289
 435 V  0.7522 -0.3167 -0.2578 0.3678 -0.2122 -0.0344 1.0000
 436 S  -0.3744 -0.7078 -0.6044 -0.4044 -0.2944 -0.5178 -0.2356
 437 M  0.1222 0.0733 0.0967 0.3744 -0.2911 0.7244 -0.0011
 438 M  0.1222 0.0733 0.0967 0.3744 -0.2911 0.7244 -0.0011
 439 D  -0.2367 -0.4633 -0.3122 -0.8522 -1.0000 -0.1722 -0.7056
 440 G  -1.0000 -1.0000 -1.0000 -0.3800 -0.1989 -1.0000 -1.0000
 441 N  -0.2367 -0.3656 -0.2700 -0.7489 -0.0833 -0.4478 -0.5878
 442 S  -0.3744 -0.7078 -0.6044 -0.4044 -0.2944 -0.5178 -0.2356
 443 G  -1.0000 -1.0000 -1.0000 -0.3800 -0.1989 -1.0000 -1.0000
 444 L  0.2367 -0.0733 -0.0100 0.6622 -0.2067 0.7933 -0.0589
 445 S  -0.3744 -0.7078 -0.6044 -0.4044 -0.2944 -0.5178 -0.2356
 446 L  0.2367 -0.0733 -0.0100 0.6622 -0.2067 0.7933 -0.0589
 447 T  0.4467 -0.4633 -0.3567 -0.2211 -0.3200 -0.4478 0.2356
 448 Q  -0.2556 -0.1222 -0.0222 -0.5156 -0.3067 0.5867 -0.4122
 449 E  -0.2556 -0.2678 -0.0644 -0.7733 -0.9644 1.0000 -0.6467
 450 V  0.7522 -0.3167 -0.2578 0.3678 -0.2122 -0.0344 1.0000
 451 I  1.0000 -0.0733 -0.0100 0.7244 -0.2067 0.1722 0.7644
 452 D  -0.2367 -0.4633 -0.3122 -0.8522 -1.0000 -0.1722 -0.7056
 453 E  -0.2556 -0.2678 -0.0644 -0.7733 -0.9644 1.0000 -0.6467
 454 A  -0.3889 -0.7556 -0.7522 -0.1900 -0.1889 1.0000 -0.5289
 455 V  0.7522 -0.3167 -0.2578 0.3678 -0.2122 -0.0344 1.0000
 456 D  -0.2367 -0.4633 -0.3122 -0.8522 -1.0000 -0.1722 -0.7056
 457 F  0.4033 0.4144 0.4578 0.7178 -0.3022 0.1722 0.3533
 458 R  0.1167 0.4144 0.5178 -1.0000 1.0000 0.5867 -0.4122
 459 Q  -0.2556 -0.1222 -0.0222 -0.5156 -0.3067 0.5867 -0.4122
 460 A  -0.3889 -0.7556 -0.7522 -0.1900 -0.1889 1.0000 -0.5289
 461 M  0.1222 0.0733 0.0967 0.3744 -0.2911 0.7244 -0.0011
 462 A  -0.3889 -0.7556 -0.7522 -0.1900 -0.1889 1.0000 -0.5289
 463 R  0.1167 0.4144 0.5178 -1.0000 1.0000 0.5867 -0.4122
 464 L  0.2367 -0.0733 -0.0100 0.6622 -0.2067 0.7933 -0.0589
 465 Y  0.4033 0.4633 0.6011 0.2089 -0.3044 -0.1722 0.5289
 466 K  -0.0978 0.0733 0.1811 -0.9878 0.8078 0.3100 -0.2944
 467 E  -0.2556 -0.2678 -0.0644 -0.7733 -0.9644 1.0000 -0.6467
 468 F  0.4033 0.4144 0.4578 0.7178 -0.3022 0.1722 0.3533
 469 T  0.4467 -0.4633 -0.3567 -0.2211 -0.3200 -0.4478 0.2356
 470 A  -0.3889 -0.7556 -0.7522 -0.1900 -0.1889 1.0000 -0.5289
 471 D  -0.2367 -0.4633 -0.3122 -0.8522 -1.0000 -0.1722 -0.7056
 472 G  -1.0000 -1.0000 -1.0000 -0.3800 -0.1989 -1.0000 -1.0000
 473 S  -0.3744 -0.7078 -0.6044 -0.4044 -0.2944 -0.5178 -0.2356
 474 W  0.5322 1.0000 1.0000 1.0000 -0.2322 0.3100 0.5878
 475 F  0.4033 0.4144 0.4578 0.7178 -0.3022 0.1722 0.3533
 476 F  0.4033 0.4144 0.4578 0.7178 -0.3022 0.1722 0.3533
 477 K  -0.0978 0.0733 0.1811 -0.9878 0.8078 0.3100 -0.2944
 478 P  0.2744 -1.0000 -0.3267 0.0611 -0.0111 -1.0000 0.1178
 479 W  0.5322 1.0000 1.0000 1.0000 -0.2322 0.3100 0.5878
 480 N  -0.2367 -0.3656 -0.2700 -0.7489 -0.0833 -0.4478 -0.5878
 481 K  -0.0978 0.0733 0.1811 -0.9878 0.8078 0.3100 -0.2944
 482 E  -0.2556 -0.2678 -0.0644 -0.7733 -0.9644 1.0000 -0.6467
 483 V  0.7522 -0.3167 -0.2578 0.3678 -0.2122 -0.0344 1.0000
 484 V  0.7522 -0.3167 -0.2578 0.3678 -0.2122 -0.0344 1.0000
 485 T  0.4467 -0.4633 -0.3567 -0.2211 -0.3200 -0.4478 0.2356
 486 D  -0.2367 -0.4633 -0.3122 -0.8522 -1.0000 -0.1722 -0.7056
 487 P  0.2744 -1.0000 -0.3267 0.0611 -0.0111 -1.0000 0.1178
 488 Q  -0.2556 -0.1222 -0.0222 -0.5156 -0.3067 0.5867 -0.4122
 489 T  0.4467 -0.4633 -0.3567 -0.2211 -0.3200 -0.4478 0.2356
 490 G  -1.0000 -1.0000 -1.0000 -0.3800 -0.1989 -1.0000 -1.0000
 491 K  -0.0978 0.0733 0.1811 -0.9878 0.8078 0.3100 -0.2944
 492 T  0.4467 -0.4633 -0.3567 -0.2211 -0.3200 -0.4478 0.2356
 493 Y  0.4033 0.4633 0.6011 0.2089 -0.3044 -0.1722 0.5289
 494 D  -0.2367 -0.4633 -0.3122 -0.8522 -1.0000 -0.1722 -0.7056
 495 F  0.4033 0.4144 0.4578 0.7178 -0.3022 0.1722 0.3533
 496 A  -0.3889 -0.7556 -0.7522 -0.1900 -0.1889 1.0000 -0.5289
 497 D  -0.2367 -0.4633 -0.3122 -0.8522 -1.0000 -0.1722 -0.7056
 498 A  -0.3889 -0.7556 -0.7522 -0.1900 -0.1889 1.0000 -0.5289
 499 P  0.2744 -1.0000 -0.3267 0.0611 -0.0111 -1.0000 0.1178
 500 T  0.4467 -0.4633 -0.3567 -0.2211 -0.3200 -0.4478 0.2356
 501 K  -0.0978 0.0733 0.1811 -0.9878 0.8078 0.3100 -0.2944
 502 L  0.2367 -0.0733 -0.0100 0.6622 -0.2067 0.7933 -0.0589
 503 L  0.2367 -0.0733 -0.0100 0.6622 -0.2067 0.7933 -0.0589
 504 T  0.4467 -0.4633 -0.3567 -0.2211 -0.3200 -0.4478 0.2356
 505 T  0.4467 -0.4633 -0.3567 -0.2211 -0.3200 -0.4478 0.2356
 506 V  0.7522 -0.3167 -0.2578 0.3678 -0.2122 -0.0344 1.0000
 507 Q  -0.2556 -0.1222 -0.0222 -0.5156 -0.3067 0.5867 -0.4122
 508 D  -0.2367 -0.4633 -0.3122 -0.8522 -1.0000 -0.1722 -0.7056
 509 C  -0.1556 -0.3656 -0.3989 0.5644 -0.1267 -0.7244 0.5289
 510 W  0.5322 1.0000 1.0000 1.0000 -0.2322 0.3100 0.5878
 511 V  0.7522 -0.3167 -0.2578 0.3678 -0.2122 -0.0344 1.0000
 512 M  0.1222 0.0733 0.0967 0.3744 -0.2911 0.7244 -0.0011
 513 H  0.4267 0.1222 0.1533 -0.3011 0.2167 -0.0344 -0.1178
 514 P  0.2744 -1.0000 -0.3267 0.0611 -0.0111 -1.0000 0.1178
 515 G  -1.0000 -1.0000 -1.0000 -0.3800 -0.1989 -1.0000 -1.0000
 516 E  -0.2556 -0.2678 -0.0644 -0.7733 -0.9644 1.0000 -0.6467
 517 S  -0.3744 -0.7078 -0.6044 -0.4044 -0.2944 -0.5178 -0.2356
 518 W  0.5322 1.0000 1.0000 1.0000 -0.2322 0.3100 0.5878
 519 H  0.4267 0.1222 0.1533 -0.3011 0.2167 -0.0344 -0.1178
 520 G  -1.0000 -1.0000 -1.0000 -0.3800 -0.1989 -1.0000 -1.0000
 521 F  0.4033 0.4144 0.4578 0.7178 -0.3022 0.1722 0.3533
 522 K  -0.0978 0.0733 0.1811 -0.9878 0.8078 0.3100 -0.2944
 523 D  -0.2367 -0.4633 -0.3122 -0.8522 -1.0000 -0.1722 -0.7056
 524 I  1.0000 -0.0733 -0.0100 0.7244 -0.2067 0.1722 0.7644
 525 P  0.2744 -1.0000 -0.3267 0.0611 -0.0111 -1.0000 0.1178
 526 D  -0.2367 -0.4633 -0.3122 -0.8522 -1.0000 -0.1722 -0.7056
 527 N  -0.2367 -0.3656 -0.2700 -0.7489 -0.0833 -0.4478 -0.5878
 528 W  0.5322 1.0000 1.0000 1.0000 -0.2322 0.3100 0.5878
 529 S  -0.3744 -0.7078 -0.6044 -0.4044 -0.2944 -0.5178 -0.2356
 530 M  0.1222 0.0733 0.0967 0.3744 -0.2911 0.7244 -0.0011
 531 L  0.2367 -0.0733 -0.0100 0.6622 -0.2067 0.7933 -0.0589
 532 D  -0.2367 -0.4633 -0.3122 -0.8522 -1.0000 -0.1722 -0.7056
 533 P  0.2744 -1.0000 -0.3267 0.0611 -0.0111 -1.0000 0.1178
 534 I  1.0000 -0.0733 -0.0100 0.7244 -0.2067 0.1722 0.7644
 535 K  -0.0978 0.0733 0.1811 -0.9878 0.8078 0.3100 -0.2944
 536 V  0.7522 -0.3167 -0.2578 0.3678 -0.2122 -0.0344 1.0000
 537 S  -0.3744 -0.7078 -0.6044 -0.4044 -0.2944 -0.5178 -0.2356
 538 I  1.0000 -0.0733 -0.0100 0.7244 -0.2067 0.1722 0.7644
 539 L  0.2367 -0.0733 -0.0100 0.6622 -0.2067 0.7933 -0.0589
 540 A  -0.3889 -0.7556 -0.7522 -0.1900 -0.1889 1.0000 -0.5289
 541 P  0.2744 -1.0000 -0.3267 0.0611 -0.0111 -1.0000 0.1178
 542 G  -1.0000 -1.0000 -1.0000 -0.3800 -0.1989 -1.0000 -1.0000
 543 M  0.1222 0.0733 0.0967 0.3744 -0.2911 0.7244 -0.0011
 544 G  -1.0000 -1.0000 -1.0000 -0.3800 -0.1989 -1.0000 -1.0000
 545 E  -0.2556 -0.2678 -0.0644 -0.7733 -0.9644 1.0000 -0.6467
 546 D  -0.2367 -0.4633 -0.3122 -0.8522 -1.0000 -0.1722 -0.7056
 547 G  -1.0000 -1.0000 -1.0000 -0.3800 -0.1989 -1.0000 -1.0000
 548 E  -0.2556 -0.2678 -0.0644 -0.7733 -0.9644 1.0000 -0.6467
 549 L  0.2367 -0.0733 -0.0100 0.6622 -0.2067 0.7933 -0.0589
 550 E  -0.2556 -0.2678 -0.0644 -0.7733 -0.9644 1.0000 -0.6467
 551 E  -0.2556 -0.2678 -0.0644 -0.7733 -0.9644 1.0000 -0.6467
 552 T  0.4467 -0.4633 -0.3567 -0.2211 -0.3200 -0.4478 0.2356
 553 G  -1.0000 -1.0000 -1.0000 -0.3800 -0.1989 -1.0000 -1.0000
 554 V  0.7522 -0.3167 -0.2578 0.3678 -0.2122 -0.0344 1.0000
 555 P  0.2744 -1.0000 -0.3267 0.0611 -0.0111 -1.0000 0.1178
 556 A  -0.3889 -0.7556 -0.7522 -0.1900 -0.1889 1.0000 -0.5289
 557 A  -0.3889 -0.7556 -0.7522 -0.1900 -0.1889 1.0000 -0.5289
 558 L  0.2367 -0.0733 -0.0100 0.6622 -0.2067 0.7933 -0.0589
 559 V  0.7522 -0.3167 -0.2578 0.3678 -0.2122 -0.0344 1.0000
 560 T  0.4467 -0.4633 -0.3567 -0.2211 -0.3200 -0.4478 0.2356
 561 A  -0.3889 -0.7556 -0.7522 -0.1900 -0.1889 1.0000 -0.5289
 562 W  0.5322 1.0000 1.0000 1.0000 -0.2322 0.3100 0.5878
 563 L  0.2367 -0.0733 -0.0100 0.6622 -0.2067 0.7933 -0.0589
 564 G  -1.0000 -1.0000 -1.0000 -0.3800 -0.1989 -1.0000 -1.0000
 565 R  0.1167 0.4144 0.5178 -1.0000 1.0000 0.5867 -0.4122
 566 H  0.4267 0.1222 0.1533 -0.3011 0.2167 -0.0344 -0.1178
 567 G  -1.0000 -1.0000 -1.0000 -0.3800 -0.1989 -1.0000 -1.0000
 568 I  1.0000 -0.0733 -0.0100 0.7244 -0.2067 0.1722 0.7644
 569 V  0.7522 -0.3167 -0.2578 0.3678 -0.2122 -0.0344 1.0000
 570 P  0.2744 -1.0000 -0.3267 0.0611 -0.0111 -1.0000 0.1178
 571 T  0.4467 -0.4633 -0.3567 -0.2211 -0.3200 -0.4478 0.2356
 572 R  0.1167 0.4144 0.5178 -1.0000 1.0000 0.5867 -0.4122
 573 T  0.4467 -0.4633 -0.3567 -0.2211 -0.3200 -0.4478 0.2356
 574 T  0.4467 -0.4633 -0.3567 -0.2211 -0.3200 -0.4478 0.2356
 575 D  -0.2367 -0.4633 -0.3122 -0.8522 -1.0000 -0.1722 -0.7056
 576 F  0.4033 0.4144 0.4578 0.7178 -0.3022 0.1722 0.3533
 577 Q  -0.2556 -0.1222 -0.0222 -0.5156 -0.3067 0.5867 -0.4122
 578 I  1.0000 -0.0733 -0.0100 0.7244 -0.2067 0.1722 0.7644
 579 M  0.1222 0.0733 0.0967 0.3744 -0.2911 0.7244 -0.0011
 580 F  0.4033 0.4144 0.4578 0.7178 -0.3022 0.1722 0.3533
 581 L  0.2367 -0.0733 -0.0100 0.6622 -0.2067 0.7933 -0.0589
 582 F  0.4033 0.4144 0.4578 0.7178 -0.3022 0.1722 0.3533
 583 S  -0.3744 -0.7078 -0.6044 -0.4044 -0.2944 -0.5178 -0.2356
 584 M  0.1222 0.0733 0.0967 0.3744 -0.2911 0.7244 -0.0011
 585 G  -1.0000 -1.0000 -1.0000 -0.3800 -0.1989 -1.0000 -1.0000
 586 V  0.7522 -0.3167 -0.2578 0.3678 -0.2122 -0.0344 1.0000
 587 T  0.4467 -0.4633 -0.3567 -0.2211 -0.3200 -0.4478 0.2356
 588 R  0.1167 0.4144 0.5178 -1.0000 1.0000 0.5867 -0.4122
 589 G  -1.0000 -1.0000 -1.0000 -0.3800 -0.1989 -1.0000 -1.0000
 590 K  -0.0978 0.0733 0.1811 -0.9878 0.8078 0.3100 -0.2944
 591 W  0.5322 1.0000 1.0000 1.0000 -0.2322 0.3100 0.5878
 592 G  -1.0000 -1.0000 -1.0000 -0.3800 -0.1989 -1.0000 -1.0000
 593 T  0.4467 -0.4633 -0.3567 -0.2211 -0.3200 -0.4478 0.2356
 594 L  0.2367 -0.0733 -0.0100 0.6622 -0.2067 0.7933 -0.0589
 595 V  0.7522 -0.3167 -0.2578 0.3678 -0.2122 -0.0344 1.0000
 596 N  -0.2367 -0.3656 -0.2700 -0.7489 -0.0833 -0.4478 -0.5878
 597 T  0.4467 -0.4633 -0.3567 -0.2211 -0.3200 -0.4478 0.2356
 598 L  0.2367 -0.0733 -0.0100 0.6622 -0.2067 0.7933 -0.0589
 599 C  -0.1556 -0.3656 -0.3989 0.5644 -0.1267 -0.7244 0.5289
 600 S  -0.3744 -0.7078 -0.6044 -0.4044 -0.2944 -0.5178 -0.2356
 601 F  0.4033 0.4144 0.4578 0.7178 -0.3022 0.1722 0.3533
 602 K  -0.0978 0.0733 0.1811 -0.9878 0.8078 0.3100 -0.2944
 603 R  0.1167 0.4144 0.5178 -1.0000 1.0000 0.5867 -0.4122
 604 H  0.4267 0.1222 0.1533 -0.3011 0.2167 -0.0344 -0.1178
 605 Y  0.4033 0.4633 0.6011 0.2089 -0.3044 -0.1722 0.5289
 606 D  -0.2367 -0.4633 -0.3122 -0.8522 -1.0000 -0.1722 -0.7056
 607 A  -0.3889 -0.7556 -0.7522 -0.1900 -0.1889 1.0000 -0.5289
 608 N  -0.2367 -0.3656 -0.2700 -0.7489 -0.0833 -0.4478 -0.5878
 609 T  0.4467 -0.4633 -0.3567 -0.2211 -0.3200 -0.4478 0.2356
 610 P  0.2744 -1.0000 -0.3267 0.0611 -0.0111 -1.0000 0.1178
 611 L  0.2367 -0.0733 -0.0100 0.6622 -0.2067 0.7933 -0.0589
 612 A  -0.3889 -0.7556 -0.7522 -0.1900 -0.1889 1.0000 -0.5289
 613 Q  -0.2556 -0.1222 -0.0222 -0.5156 -0.3067 0.5867 -0.4122
 614 V  0.7522 -0.3167 -0.2578 0.3678 -0.2122 -0.0344 1.0000
 615 M  0.1222 0.0733 0.0967 0.3744 -0.2911 0.7244 -0.0011
 616 P  0.2744 -1.0000 -0.3267 0.0611 -0.0111 -1.0000 0.1178
 617 E  -0.2556 -0.2678 -0.0644 -0.7733 -0.9644 1.0000 -0.6467
 618 L  0.2367 -0.0733 -0.0100 0.6622 -0.2067 0.7933 -0.0589
 619 V  0.7522 -0.3167 -0.2578 0.3678 -0.2122 -0.0344 1.0000
 620 E  -0.2556 -0.2678 -0.0644 -0.7733 -0.9644 1.0000 -0.6467
 621 Q  -0.2556 -0.1222 -0.0222 -0.5156 -0.3067 0.5867 -0.4122
 622 Y  0.4033 0.4633 0.6011 0.2089 -0.3044 -0.1722 0.5289
 623 P  0.2744 -1.0000 -0.3267 0.0611 -0.0111 -1.0000 0.1178
 624 D  -0.2367 -0.4633 -0.3122 -0.8522 -1.0000 -0.1722 -0.7056
 625 T  0.4467 -0.4633 -0.3567 -0.2211 -0.3200 -0.4478 0.2356
 626 Y  0.4033 0.4633 0.6011 0.2089 -0.3044 -0.1722 0.5289
 627 A  -0.3889 -0.7556 -0.7522 -0.1900 -0.1889 1.0000 -0.5289
 628 N  -0.2367 -0.3656 -0.2700 -0.7489 -0.0833 -0.4478 -0.5878
 629 M  0.1222 0.0733 0.0967 0.3744 -0.2911 0.7244 -0.0011
 630 G  -1.0000 -1.0000 -1.0000 -0.3800 -0.1989 -1.0000 -1.0000
 631 I  1.0000 -0.0733 -0.0100 0.7244 -0.2067 0.1722 0.7644
 632 H  0.4267 0.1222 0.1533 -0.3011 0.2167 -0.0344 -0.1178
 633 D  -0.2367 -0.4633 -0.3122 -0.8522 -1.0000 -0.1722 -0.7056
 634 L  0.2367 -0.0733 -0.0100 0.6622 -0.2067 0.7933 -0.0589
 635 G  -1.0000 -1.0000 -1.0000 -0.3800 -0.1989 -1.0000 -1.0000
 636 D  -0.2367 -0.4633 -0.3122 -0.8522 -1.0000 -0.1722 -0.7056
 637 T  0.4467 -0.4633 -0.3567 -0.2211 -0.3200 -0.4478 0.2356
 638 M  0.1222 0.0733 0.0967 0.3744 -0.2911 0.7244 -0.0011
 639 F  0.4033 0.4144 0.4578 0.7178 -0.3022 0.1722 0.3533
 640 A  -0.3889 -0.7556 -0.7522 -0.1900 -0.1889 1.0000 -0.5289
 641 W  0.5322 1.0000 1.0000 1.0000 -0.2322 0.3100 0.5878
 642 L  0.2367 -0.0733 -0.0100 0.6622 -0.2067 0.7933 -0.0589
 643 K  -0.0978 0.0733 0.1811 -0.9878 0.8078 0.3100 -0.2944
 644 E  -0.2556 -0.2678 -0.0644 -0.7733 -0.9644 1.0000 -0.6467
 645 N  -0.2367 -0.3656 -0.2700 -0.7489 -0.0833 -0.4478 -0.5878
 646 N  -0.2367 -0.3656 -0.2700 -0.7489 -0.0833 -0.4478 -0.5878
 647 P  0.2744 -1.0000 -0.3267 0.0611 -0.0111 -1.0000 0.1178
 648 G  -1.0000 -1.0000 -1.0000 -0.3800 -0.1989 -1.0000 -1.0000
 649 A  -0.3889 -0.7556 -0.7522 -0.1900 -0.1889 1.0000 -0.5289
 650 R  0.1167 0.4144 0.5178 -1.0000 1.0000 0.5867 -0.4122
 651 L  0.2367 -0.0733 -0.0100 0.6622 -0.2067 0.7933 -0.0589
 652 N  -0.2367 -0.3656 -0.2700 -0.7489 -0.0833 -0.4478 -0.5878
 653 E  -0.2556 -0.2678 -0.0644 -0.7733 -0.9644 1.0000 -0.6467
 654 A  -0.3889 -0.7556 -0.7522 -0.1900 -0.1889 1.0000 -0.5289
 655 Y  0.4033 0.4633 0.6011 0.2089 -0.3044 -0.1722 0.5289
 656 S  -0.3744 -0.7078 -0.6044 -0.4044 -0.2944 -0.5178 -0.2356
 657 G  -1.0000 -1.0000 -1.0000 -0.3800 -0.1989 -1.0000 -1.0000
 658 L  0.2367 -0.0733 -0.0100 0.6622 -0.2067 0.7933 -0.0589
 659 P  0.2744 -1.0000 -0.3267 0.0611 -0.0111 -1.0000 0.1178
 660 V  0.7522 -0.3167 -0.2578 0.3678 -0.2122 -0.0344 1.0000
 661 A  -0.3889 -0.7556 -0.7522 -0.1900 -0.1889 1.0000 -0.5289
 662 E  -0.2556 -0.2678 -0.0644 -0.7733 -0.9644 1.0000 -0.6467
 663 V  0.7522 -0.3167 -0.2578 0.3678 -0.2122 -0.0344 1.0000
 664 T  0.4467 -0.4633 -0.3567 -0.2211 -0.3200 -0.4478 0.2356
 665 P  0.2744 -1.0000 -0.3267 0.0611 -0.0111 -1.0000 0.1178
 666 R  0.1167 0.4144 0.5178 -1.0000 1.0000 0.5867 -0.4122
 667 E  -0.2556 -0.2678 -0.0644 -0.7733 -0.9644 1.0000 -0.6467
 668 A  -0.3889 -0.7556 -0.7522 -0.1900 -0.1889 1.0000 -0.5289
 669 Y  0.4033 0.4633 0.6011 0.2089 -0.3044 -0.1722 0.5289
 670 N  -0.2367 -0.3656 -0.2700 -0.7489 -0.0833 -0.4478 -0.5878
 671 A  -0.3889 -0.7556 -0.7522 -0.1900 -0.1889 1.0000 -0.5289
 672 I  1.0000 -0.0733 -0.0100 0.7244 -0.2067 0.1722 0.7644
 673 V  0.7522 -0.3167 -0.2578 0.3678 -0.2122 -0.0344 1.0000
 674 D  -0.2367 -0.4633 -0.3122 -0.8522 -1.0000 -0.1722 -0.7056
 675 N  -0.2367 -0.3656 -0.2700 -0.7489 -0.0833 -0.4478 -0.5878
 676 N  -0.2367 -0.3656 -0.2700 -0.7489 -0.0833 -0.4478 -0.5878
 677 V  0.7522 -0.3167 -0.2578 0.3678 -0.2122 -0.0344 1.0000
 678 E  -0.2556 -0.2678 -0.0644 -0.7733 -0.9644 1.0000 -0.6467
 679 L  0.2367 -0.0733 -0.0100 0.6622 -0.2067 0.7933 -0.0589
 680 V  0.7522 -0.3167 -0.2578 0.3678 -0.2122 -0.0344 1.0000
 681 S  -0.3744 -0.7078 -0.6044 -0.4044 -0.2944 -0.5178 -0.2356
 682 I  1.0000 -0.0733 -0.0100 0.7244 -0.2067 0.1722 0.7644
 683 E  -0.2556 -0.2678 -0.0644 -0.7733 -0.9644 1.0000 -0.6467
 684 N  -0.2367 -0.3656 -0.2700 -0.7489 -0.0833 -0.4478 -0.5878
 685 L  0.2367 -0.0733 -0.0100 0.6622 -0.2067 0.7933 -0.0589
 686 P  0.2744 -1.0000 -0.3267 0.0611 -0.0111 -1.0000 0.1178
 687 G  -1.0000 -1.0000 -1.0000 -0.3800 -0.1989 -1.0000 -1.0000
 688 R  0.1167 0.4144 0.5178 -1.0000 1.0000 0.5867 -0.4122
 689 I  1.0000 -0.0733 -0.0100 0.7244 -0.2067 0.1722 0.7644
 690 A  -0.3889 -0.7556 -0.7522 -0.1900 -0.1889 1.0000 -0.5289
 691 A  -0.3889 -0.7556 -0.7522 -0.1900 -0.1889 1.0000 -0.5289
 692 N  -0.2367 -0.3656 -0.2700 -0.7489 -0.0833 -0.4478 -0.5878
 693 S  -0.3744 -0.7078 -0.6044 -0.4044 -0.2944 -0.5178 -0.2356
 694 V  0.7522 -0.3167 -0.2578 0.3678 -0.2122 -0.0344 1.0000
 695 I  1.0000 -0.0733 -0.0100 0.7244 -0.2067 0.1722 0.7644
 696 P  0.2744 -1.0000 -0.3267 0.0611 -0.0111 -1.0000 0.1178
 697 Y  0.4033 0.4633 0.6011 0.2089 -0.3044 -0.1722 0.5289
 698 P  0.2744 -1.0000 -0.3267 0.0611 -0.0111 -1.0000 0.1178
 699 P  0.2744 -1.0000 -0.3267 0.0611 -0.0111 -1.0000 0.1178
 700 G  -1.0000 -1.0000 -1.0000 -0.3800 -0.1989 -1.0000 -1.0000
 701 I  1.0000 -0.0733 -0.0100 0.7244 -0.2067 0.1722 0.7644
 702 P  0.2744 -1.0000 -0.3267 0.0611 -0.0111 -1.0000 0.1178
 703 M  0.1222 0.0733 0.0967 0.3744 -0.2911 0.7244 -0.0011
 704 L  0.2367 -0.0733 -0.0100 0.6622 -0.2067 0.7933 -0.0589
 705 L  0.2367 -0.0733 -0.0100 0.6622 -0.2067 0.7933 -0.0589
 706 S  -0.3744 -0.7078 -0.6044 -0.4044 -0.2944 -0.5178 -0.2356
 707 G  -1.0000 -1.0000 -1.0000 -0.3800 -0.1989 -1.0000 -1.0000
 708 E  -0.2556 -0.2678 -0.0644 -0.7733 -0.9644 1.0000 -0.6467
 709 N  -0.2367 -0.3656 -0.2700 -0.7489 -0.0833 -0.4478 -0.5878
 710 F  0.4033 0.4144 0.4578 0.7178 -0.3022 0.1722 0.3533
 711 G  -1.0000 -1.0000 -1.0000 -0.3800 -0.1989 -1.0000 -1.0000
 712 D  -0.2367 -0.4633 -0.3122 -0.8522 -1.0000 -0.1722 -0.7056
 713 K  -0.0978 0.0733 0.1811 -0.9878 0.8078 0.3100 -0.2944
 714 N  -0.2367 -0.3656 -0.2700 -0.7489 -0.0833 -0.4478 -0.5878
 715 S  -0.3744 -0.7078 -0.6044 -0.4044 -0.2944 -0.5178 -0.2356
 716 P  0.2744 -1.0000 -0.3267 0.0611 -0.0111 -1.0000 0.1178
 717 Q  -0.2556 -0.1222 -0.0222 -0.5156 -0.3067 0.5867 -0.4122
 718 V  0.7522 -0.3167 -0.2578 0.3678 -0.2122 -0.0344 1.0000
 719 S  -0.3744 -0.7078 -0.6044 -0.4044 -0.2944 -0.5178 -0.2356
 720 Y  0.4033 0.4633 0.6011 0.2089 -0.3044 -0.1722 0.5289
 721 L  0.2367 -0.0733 -0.0100 0.6622 -0.2067 0.7933 -0.0589
 722 R  0.1167 0.4144 0.5178 -1.0000 1.0000 0.5867 -0.4122
 723 S  -0.3744 -0.7078 -0.6044 -0.4044 -0.2944 -0.5178 -0.2356
 724 L  0.2367 -0.0733 -0.0100 0.6622 -0.2067 0.7933 -0.0589
 725 Q  -0.2556 -0.1222 -0.0222 -0.5156 -0.3067 0.5867 -0.4122
 726 S  -0.3744 -0.7078 -0.6044 -0.4044 -0.2944 -0.5178 -0.2356
 727 W  0.5322 1.0000 1.0000 1.0000 -0.2322 0.3100 0.5878
 728 D  -0.2367 -0.4633 -0.3122 -0.8522 -1.0000 -0.1722 -0.7056
 729 H  0.4267 0.1222 0.1533 -0.3011 0.2167 -0.0344 -0.1178
 730 H  0.4267 0.1222 0.1533 -0.3011 0.2167 -0.0344 -0.1178
 731 F  0.4033 0.4144 0.4578 0.7178 -0.3022 0.1722 0.3533
 732 P  0.2744 -1.0000 -0.3267 0.0611 -0.0111 -1.0000 0.1178
 733 G  -1.0000 -1.0000 -1.0000 -0.3800 -0.1989 -1.0000 -1.0000
 734 F  0.4033 0.4144 0.4578 0.7178 -0.3022 0.1722 0.3533
 735 E  -0.2556 -0.2678 -0.0644 -0.7733 -0.9644 1.0000 -0.6467
 736 H  0.4267 0.1222 0.1533 -0.3011 0.2167 -0.0344 -0.1178
 737 E  -0.2556 -0.2678 -0.0644 -0.7733 -0.9644 1.0000 -0.6467
 738 T  0.4467 -0.4633 -0.3567 -0.2211 -0.3200 -0.4478 0.2356
 739 E  -0.2556 -0.2678 -0.0644 -0.7733 -0.9644 1.0000 -0.6467
 740 G  -1.0000 -1.0000 -1.0000 -0.3800 -0.1989 -1.0000 -1.0000
 741 T  0.4467 -0.4633 -0.3567 -0.2211 -0.3200 -0.4478 0.2356
 742 E  -0.2556 -0.2678 -0.0644 -0.7733 -0.9644 1.0000 -0.6467
 743 I  1.0000 -0.0733 -0.0100 0.7244 -0.2067 0.1722 0.7644
 744 I  1.0000 -0.0733 -0.0100 0.7244 -0.2067 0.1722 0.7644
 745 D  -0.2367 -0.4633 -0.3122 -0.8522 -1.0000 -0.1722 -0.7056
 746 G  -1.0000 -1.0000 -1.0000 -0.3800 -0.1989 -1.0000 -1.0000
 747 I  1.0000 -0.0733 -0.0100 0.7244 -0.2067 0.1722 0.7644
 748 Y  0.4033 0.4633 0.6011 0.2089 -0.3044 -0.1722 0.5289
 749 H  0.4267 0.1222 0.1533 -0.3011 0.2167 -0.0344 -0.1178
 750 V  0.7522 -0.3167 -0.2578 0.3678 -0.2122 -0.0344 1.0000
 751 M  0.1222 0.0733 0.0967 0.3744 -0.2911 0.7244 -0.0011
 752 C  -0.1556 -0.3656 -0.3989 0.5644 -0.1267 -0.7244 0.5289
 753 V  0.7522 -0.3167 -0.2578 0.3678 -0.2122 -0.0344 1.0000
 754 K  -0.0978 0.0733 0.1811 -0.9878 0.8078 0.3100 -0.2944
 755 A  -0.3889 -0.7556 -0.7522 -0.1900 -0.1889 1.0000 -0.5289
