 31 R  0.1167 0.4144 0.5178 -1.0000 1.0000 0.5867 -0.4122
 32 D  -0.2367 -0.4633 -0.3122 -0.8522 -1.0000 -0.1722 -0.7056
 33 R  0.1167 0.4144 0.5178 -1.0000 1.0000 0.5867 -0.4122
 34 K  -0.0978 0.0733 0.1811 -0.9878 0.8078 0.3100 -0.2944
 35 Y  0.4033 0.4633 0.6011 0.2089 -0.3044 -0.1722 0.5289
 36 L  0.2367 -0.0733 -0.0100 0.6622 -0.2067 0.7933 -0.0589
 37 A  -0.3889 -0.7556 -0.7522 -0.1900 -0.1889 1.0000 -0.5289
 38 R  0.1167 0.4144 0.5178 -1.0000 1.0000 0.5867 -0.4122
 39 L  0.2367 -0.0733 -0.0100 0.6622 -0.2067 0.7933 -0.0589
 40 K  -0.0978 0.0733 0.1811 -0.9878 0.8078 0.3100 -0.2944
 41 L  0.2367 -0.0733 -0.0100 0.6622 -0.2067 0.7933 -0.0589
 42 P  0.2744 -1.0000 -0.3267 0.0611 -0.0111 -1.0000 0.1178
 43 P  0.2744 -1.0000 -0.3267 0.0611 -0.0111 -1.0000 0.1178
 44 L  0.2367 -0.0733 -0.0100 0.6622 -0.2067 0.7933 -0.0589
 45 S  -0.3744 -0.7078 -0.6044 -0.4044 -0.2944 -0.5178 -0.2356
 46 K  -0.0978 0.0733 0.1811 -0.9878 0.8078 0.3100 -0.2944
 47 C  -0.1556 -0.3656 -0.3989 0.5644 -0.1267 -0.7244 0.5289
 48 E  -0.2556 -0.2678 -0.0644 -0.7733 -0.9644 1.0000 -0.6467
 49 A  -0.3889 -0.7556 -0.7522 -0.1900 -0.1889 1.0000 -0.5289
 50 L  0.2367 -0.0733 -0.0100 0.6622 -0.2067 0.7933 -0.0589
 51 R  0.1167 0.4144 0.5178 -1.0000 1.0000 0.5867 -0.4122
 52 E  -0.2556 -0.2678 -0.0644 -0.7733 -0.9644 1.0000 -0.6467
 53 S  -0.3744 -0.7078 -0.6044 -0.4044 -0.2944 -0.5178 -0.2356
 54 L  0.2367 -0.0733 -0.0100 0.6622 -0.2067 0.7933 -0.0589
 55 D  -0.2367 -0.4633 -0.3122 -0.8522 -1.0000 -0.1722 -0.7056
 56 L  0.2367 -0.0733 -0.0100 0.6622 -0.2067 0.7933 -0.0589
 57 G  -1.0000 -1.0000 -1.0000 -0.3800 -0.1989 -1.0000 -1.0000
 58 F  0.4033 0.4144 0.4578 0.7178 -0.3022 0.1722 0.3533
 59 E  -0.2556 -0.2678 -0.0644 -0.7733 -0.9644 1.0000 -0.6467
 60 G  -1.0000 -1.0000 -1.0000 -0.3800 -0.1989 -1.0000 -1.0000
 61 M  0.1222 0.0733 0.0967 0.3744 -0.2911 0.7244 -0.0011
 62 C  -0.1556 -0.3656 -0.3989 0.5644 -0.1267 -0.7244 0.5289
 63 L  0.2367 -0.0733 -0.0100 0.6622 -0.2067 0.7933 -0.0589
 64 E  -0.2556 -0.2678 -0.0644 -0.7733 -0.9644 1.0000 -0.6467
 65 Q  -0.2556 -0.1222 -0.0222 -0.5156 -0.3067 0.5867 -0.4122
 66 P  0.2744 -1.0000 -0.3267 0.0611 -0.0111 -1.0000 0.1178
 67 I  1.0000 -0.0733 -0.0100 0.7244 -0.2067 0.1722 0.7644
 68 G  -1.0000 -1.0000 -1.0000 -0.3800 -0.1989 -1.0000 -1.0000
 69 K  -0.0978 0.0733 0.1811 -0.9878 0.8078 0.3100 -0.2944
 70 R  0.1167 0.4144 0.5178 -1.0000 1.0000 0.5867 -0.4122
 71 L  0.2367 -0.0733 -0.0100 0.6622 -0.2067 0.7933 -0.0589
 72 F  0.4033 0.4144 0.4578 0.7178 -0.3022 0.1722 0.3533
 73 Q  -0.2556 -0.1222 -0.0222 -0.5156 -0.3067 0.5867 -0.4122
 74 Q  -0.2556 -0.1222 -0.0222 -0.5156 -0.3067 0.5867 -0.4122
 75 F  0.4033 0.4144 0.4578 0.7178 -0.3022 0.1722 0.3533
 76 L  0.2367 -0.0733 -0.0100 0.6622 -0.2067 0.7933 -0.0589
 77 R  0.1167 0.4144 0.5178 -1.0000 1.0000 0.5867 -0.4122
 78 T  0.4467 -0.4633 -0.3567 -0.2211 -0.3200 -0.4478 0.2356
 79 H  0.4267 0.1222 0.1533 -0.3011 0.2167 -0.0344 -0.1178
 80 E  -0.2556 -0.2678 -0.0644 -0.7733 -0.9644 1.0000 -0.6467
 81 Q  -0.2556 -0.1222 -0.0222 -0.5156 -0.3067 0.5867 -0.4122
 82 H  0.4267 0.1222 0.1533 -0.3011 0.2167 -0.0344 -0.1178
 83 G  -1.0000 -1.0000 -1.0000 -0.3800 -0.1989 -1.0000 -1.0000
 84 P  0.2744 -1.0000 -0.3267 0.0611 -0.0111 -1.0000 0.1178
 85 A  -0.3889 -0.7556 -0.7522 -0.1900 -0.1889 1.0000 -0.5289
 86 L  0.2367 -0.0733 -0.0100 0.6622 -0.2067 0.7933 -0.0589
 87 Q  -0.2556 -0.1222 -0.0222 -0.5156 -0.3067 0.5867 -0.4122
 88 L  0.2367 -0.0733 -0.0100 0.6622 -0.2067 0.7933 -0.0589
 89 W  0.5322 1.0000 1.0000 1.0000 -0.2322 0.3100 0.5878
 90 K  -0.0978 0.0733 0.1811 -0.9878 0.8078 0.3100 -0.2944
 91 D  -0.2367 -0.4633 -0.3122 -0.8522 -1.0000 -0.1722 -0.7056
 92 I  1.0000 -0.0733 -0.0100 0.7244 -0.2067 0.1722 0.7644
 93 E  -0.2556 -0.2678 -0.0644 -0.7733 -0.9644 1.0000 -0.6467
 94 D  -0.2367 -0.4633 -0.3122 -0.8522 -1.0000 -0.1722 -0.7056
 95 Y  0.4033 0.4633 0.6011 0.2089 -0.3044 -0.1722 0.5289
 96 D  -0.2367 -0.4633 -0.3122 -0.8522 -1.0000 -0.1722 -0.7056
 97 T  0.4467 -0.4633 -0.3567 -0.2211 -0.3200 -0.4478 0.2356
 98 A  -0.3889 -0.7556 -0.7522 -0.1900 -0.1889 1.0000 -0.5289
 99 D  -0.2367 -0.4633 -0.3122 -0.8522 -1.0000 -0.1722 -0.7056
 100 D  -0.2367 -0.4633 -0.3122 -0.8522 -1.0000 -0.1722 -0.7056
 101 A  -0.3889 -0.7556 -0.7522 -0.1900 -0.1889 1.0000 -0.5289
 102 L  0.2367 -0.0733 -0.0100 0.6622 -0.2067 0.7933 -0.0589
 103 R  0.1167 0.4144 0.5178 -1.0000 1.0000 0.5867 -0.4122
 104 P  0.2744 -1.0000 -0.3267 0.0611 -0.0111 -1.0000 0.1178
 105 Q  -0.2556 -0.1222 -0.0222 -0.5156 -0.3067 0.5867 -0.4122
 106 K  -0.0978 0.0733 0.1811 -0.9878 0.8078 0.3100 -0.2944
 107 A  -0.3889 -0.7556 -0.7522 -0.1900 -0.1889 1.0000 -0.5289
 108 Q  -0.2556 -0.1222 -0.0222 -0.5156 -0.3067 0.5867 -0.4122
 109 A  -0.3889 -0.7556 -0.7522 -0.1900 -0.1889 1.0000 -0.5289
 110 L  0.2367 -0.0733 -0.0100 0.6622 -0.2067 0.7933 -0.0589
 111 R  0.1167 0.4144 0.5178 -1.0000 1.0000 0.5867 -0.4122
 112 A  -0.3889 -0.7556 -0.7522 -0.1900 -0.1889 1.0000 -0.5289
 113 A  -0.3889 -0.7556 -0.7522 -0.1900 -0.1889 1.0000 -0.5289
 114 Y  0.4033 0.4633 0.6011 0.2089 -0.3044 -0.1722 0.5289
 115 L  0.2367 -0.0733 -0.0100 0.6622 -0.2067 0.7933 -0.0589
 116 E  -0.2556 -0.2678 -0.0644 -0.7733 -0.9644 1.0000 -0.6467
 117 P  0.2744 -1.0000 -0.3267 0.0611 -0.0111 -1.0000 0.1178
 118 Q  -0.2556 -0.1222 -0.0222 -0.5156 -0.3067 0.5867 -0.4122
 119 A  -0.3889 -0.7556 -0.7522 -0.1900 -0.1889 1.0000 -0.5289
 120 Q  -0.2556 -0.1222 -0.0222 -0.5156 -0.3067 0.5867 -0.4122
 121 L  0.2367 -0.0733 -0.0100 0.6622 -0.2067 0.7933 -0.0589
 122 F  0.4033 0.4144 0.4578 0.7178 -0.3022 0.1722 0.3533
 123 C  -0.1556 -0.3656 -0.3989 0.5644 -0.1267 -0.7244 0.5289
 124 S  -0.3744 -0.7078 -0.6044 -0.4044 -0.2944 -0.5178 -0.2356
 125 F  0.4033 0.4144 0.4578 0.7178 -0.3022 0.1722 0.3533
 126 L  0.2367 -0.0733 -0.0100 0.6622 -0.2067 0.7933 -0.0589
 127 D  -0.2367 -0.4633 -0.3122 -0.8522 -1.0000 -0.1722 -0.7056
 128 A  -0.3889 -0.7556 -0.7522 -0.1900 -0.1889 1.0000 -0.5289
 129 E  -0.2556 -0.2678 -0.0644 -0.7733 -0.9644 1.0000 -0.6467
 130 T  0.4467 -0.4633 -0.3567 -0.2211 -0.3200 -0.4478 0.2356
 131 V  0.7522 -0.3167 -0.2578 0.3678 -0.2122 -0.0344 1.0000
 132 A  -0.3889 -0.7556 -0.7522 -0.1900 -0.1889 1.0000 -0.5289
 133 R  0.1167 0.4144 0.5178 -1.0000 1.0000 0.5867 -0.4122
 134 A  -0.3889 -0.7556 -0.7522 -0.1900 -0.1889 1.0000 -0.5289
 135 R  0.1167 0.4144 0.5178 -1.0000 1.0000 0.5867 -0.4122
 136 A  -0.3889 -0.7556 -0.7522 -0.1900 -0.1889 1.0000 -0.5289
 137 G  -1.0000 -1.0000 -1.0000 -0.3800 -0.1989 -1.0000 -1.0000
 ! !  -1.0000 -1.0000 -1.0000 -1.0000 -1.0000 -1.0000 -1.0000
 141 G  -1.0000 -1.0000 -1.0000 -0.3800 -0.1989 -1.0000 -1.0000
 142 L  0.2367 -0.0733 -0.0100 0.6622 -0.2067 0.7933 -0.0589
 143 F  0.4033 0.4144 0.4578 0.7178 -0.3022 0.1722 0.3533
 144 Q  -0.2556 -0.1222 -0.0222 -0.5156 -0.3067 0.5867 -0.4122
 145 P  0.2744 -1.0000 -0.3267 0.0611 -0.0111 -1.0000 0.1178
 146 L  0.2367 -0.0733 -0.0100 0.6622 -0.2067 0.7933 -0.0589
 147 L  0.2367 -0.0733 -0.0100 0.6622 -0.2067 0.7933 -0.0589
 148 R  0.1167 0.4144 0.5178 -1.0000 1.0000 0.5867 -0.4122
 149 A  -0.3889 -0.7556 -0.7522 -0.1900 -0.1889 1.0000 -0.5289
 150 V  0.7522 -0.3167 -0.2578 0.3678 -0.2122 -0.0344 1.0000
 151 L  0.2367 -0.0733 -0.0100 0.6622 -0.2067 0.7933 -0.0589
 152 A  -0.3889 -0.7556 -0.7522 -0.1900 -0.1889 1.0000 -0.5289
 153 H  0.4267 0.1222 0.1533 -0.3011 0.2167 -0.0344 -0.1178
 154 L  0.2367 -0.0733 -0.0100 0.6622 -0.2067 0.7933 -0.0589
 155 G  -1.0000 -1.0000 -1.0000 -0.3800 -0.1989 -1.0000 -1.0000
 156 Q  -0.2556 -0.1222 -0.0222 -0.5156 -0.3067 0.5867 -0.4122
 157 A  -0.3889 -0.7556 -0.7522 -0.1900 -0.1889 1.0000 -0.5289
 158 P  0.2744 -1.0000 -0.3267 0.0611 -0.0111 -1.0000 0.1178
 159 F  0.4033 0.4144 0.4578 0.7178 -0.3022 0.1722 0.3533
 160 Q  -0.2556 -0.1222 -0.0222 -0.5156 -0.3067 0.5867 -0.4122
 161 E  -0.2556 -0.2678 -0.0644 -0.7733 -0.9644 1.0000 -0.6467
 162 F  0.4033 0.4144 0.4578 0.7178 -0.3022 0.1722 0.3533
 163 L  0.2367 -0.0733 -0.0100 0.6622 -0.2067 0.7933 -0.0589
 164 D  -0.2367 -0.4633 -0.3122 -0.8522 -1.0000 -0.1722 -0.7056
 165 S  -0.3744 -0.7078 -0.6044 -0.4044 -0.2944 -0.5178 -0.2356
 166 L  0.2367 -0.0733 -0.0100 0.6622 -0.2067 0.7933 -0.0589
 167 Y  0.4033 0.4633 0.6011 0.2089 -0.3044 -0.1722 0.5289
 168 F  0.4033 0.4144 0.4578 0.7178 -0.3022 0.1722 0.3533
 169 L  0.2367 -0.0733 -0.0100 0.6622 -0.2067 0.7933 -0.0589
 170 R  0.1167 0.4144 0.5178 -1.0000 1.0000 0.5867 -0.4122
 171 F  0.4033 0.4144 0.4578 0.7178 -0.3022 0.1722 0.3533
 172 L  0.2367 -0.0733 -0.0100 0.6622 -0.2067 0.7933 -0.0589
 173 Q  -0.2556 -0.1222 -0.0222 -0.5156 -0.3067 0.5867 -0.4122
 174 W  0.5322 1.0000 1.0000 1.0000 -0.2322 0.3100 0.5878
 175 K  -0.0978 0.0733 0.1811 -0.9878 0.8078 0.3100 -0.2944
 176 W  0.5322 1.0000 1.0000 1.0000 -0.2322 0.3100 0.5878
 177 L  0.2367 -0.0733 -0.0100 0.6622 -0.2067 0.7933 -0.0589
 178 E  -0.2556 -0.2678 -0.0644 -0.7733 -0.9644 1.0000 -0.6467
 179 A  -0.3889 -0.7556 -0.7522 -0.1900 -0.1889 1.0000 -0.5289
 180 Q  -0.2556 -0.1222 -0.0222 -0.5156 -0.3067 0.5867 -0.4122
 181 P  0.2744 -1.0000 -0.3267 0.0611 -0.0111 -1.0000 0.1178
 182 M  0.1222 0.0733 0.0967 0.3744 -0.2911 0.7244 -0.0011
 183 G  -1.0000 -1.0000 -1.0000 -0.3800 -0.1989 -1.0000 -1.0000
 184 E  -0.2556 -0.2678 -0.0644 -0.7733 -0.9644 1.0000 -0.6467
 185 D  -0.2367 -0.4633 -0.3122 -0.8522 -1.0000 -0.1722 -0.7056
 186 W  0.5322 1.0000 1.0000 1.0000 -0.2322 0.3100 0.5878
 187 F  0.4033 0.4144 0.4578 0.7178 -0.3022 0.1722 0.3533
 188 L  0.2367 -0.0733 -0.0100 0.6622 -0.2067 0.7933 -0.0589
 189 D  -0.2367 -0.4633 -0.3122 -0.8522 -1.0000 -0.1722 -0.7056
 190 F  0.4033 0.4144 0.4578 0.7178 -0.3022 0.1722 0.3533
 191 R  0.1167 0.4144 0.5178 -1.0000 1.0000 0.5867 -0.4122
 192 V  0.7522 -0.3167 -0.2578 0.3678 -0.2122 -0.0344 1.0000
 193 L  0.2367 -0.0733 -0.0100 0.6622 -0.2067 0.7933 -0.0589
 194 G  -1.0000 -1.0000 -1.0000 -0.3800 -0.1989 -1.0000 -1.0000
 195 R  0.1167 0.4144 0.5178 -1.0000 1.0000 0.5867 -0.4122
 196 G  -1.0000 -1.0000 -1.0000 -0.3800 -0.1989 -1.0000 -1.0000
 197 G  -1.0000 -1.0000 -1.0000 -0.3800 -0.1989 -1.0000 -1.0000
 198 F  0.4033 0.4144 0.4578 0.7178 -0.3022 0.1722 0.3533
 199 G  -1.0000 -1.0000 -1.0000 -0.3800 -0.1989 -1.0000 -1.0000
 200 E  -0.2556 -0.2678 -0.0644 -0.7733 -0.9644 1.0000 -0.6467
 201 V  0.7522 -0.3167 -0.2578 0.3678 -0.2122 -0.0344 1.0000
 202 F  0.4033 0.4144 0.4578 0.7178 -0.3022 0.1722 0.3533
 203 A  -0.3889 -0.7556 -0.7522 -0.1900 -0.1889 1.0000 -0.5289
 204 C  -0.1556 -0.3656 -0.3989 0.5644 -0.1267 -0.7244 0.5289
 205 Q  -0.2556 -0.1222 -0.0222 -0.5156 -0.3067 0.5867 -0.4122
 206 M  0.1222 0.0733 0.0967 0.3744 -0.2911 0.7244 -0.0011
 207 K  -0.0978 0.0733 0.1811 -0.9878 0.8078 0.3100 -0.2944
 208 A  -0.3889 -0.7556 -0.7522 -0.1900 -0.1889 1.0000 -0.5289
 209 T  0.4467 -0.4633 -0.3567 -0.2211 -0.3200 -0.4478 0.2356
 210 G  -1.0000 -1.0000 -1.0000 -0.3800 -0.1989 -1.0000 -1.0000
 211 K  -0.0978 0.0733 0.1811 -0.9878 0.8078 0.3100 -0.2944
 212 L  0.2367 -0.0733 -0.0100 0.6622 -0.2067 0.7933 -0.0589
 213 Y  0.4033 0.4633 0.6011 0.2089 -0.3044 -0.1722 0.5289
 214 A  -0.3889 -0.7556 -0.7522 -0.1900 -0.1889 1.0000 -0.5289
 215 C  -0.1556 -0.3656 -0.3989 0.5644 -0.1267 -0.7244 0.5289
 216 K  -0.0978 0.0733 0.1811 -0.9878 0.8078 0.3100 -0.2944
 217 K  -0.0978 0.0733 0.1811 -0.9878 0.8078 0.3100 -0.2944
 218 L  0.2367 -0.0733 -0.0100 0.6622 -0.2067 0.7933 -0.0589
 219 N  -0.2367 -0.3656 -0.2700 -0.7489 -0.0833 -0.4478 -0.5878
 220 K  -0.0978 0.0733 0.1811 -0.9878 0.8078 0.3100 -0.2944
 221 K  -0.0978 0.0733 0.1811 -0.9878 0.8078 0.3100 -0.2944
 222 R  0.1167 0.4144 0.5178 -1.0000 1.0000 0.5867 -0.4122
 223 L  0.2367 -0.0733 -0.0100 0.6622 -0.2067 0.7933 -0.0589
 224 K  -0.0978 0.0733 0.1811 -0.9878 0.8078 0.3100 -0.2944
 225 K  -0.0978 0.0733 0.1811 -0.9878 0.8078 0.3100 -0.2944
 226 R  0.1167 0.4144 0.5178 -1.0000 1.0000 0.5867 -0.4122
 227 K  -0.0978 0.0733 0.1811 -0.9878 0.8078 0.3100 -0.2944
 228 G  -1.0000 -1.0000 -1.0000 -0.3800 -0.1989 -1.0000 -1.0000
 229 Y  0.4033 0.4633 0.6011 0.2089 -0.3044 -0.1722 0.5289
 230 Q  -0.2556 -0.1222 -0.0222 -0.5156 -0.3067 0.5867 -0.4122
 231 G  -1.0000 -1.0000 -1.0000 -0.3800 -0.1989 -1.0000 -1.0000
 232 A  -0.3889 -0.7556 -0.7522 -0.1900 -0.1889 1.0000 -0.5289
 233 M  0.1222 0.0733 0.0967 0.3744 -0.2911 0.7244 -0.0011
 234 V  0.7522 -0.3167 -0.2578 0.3678 -0.2122 -0.0344 1.0000
 235 E  -0.2556 -0.2678 -0.0644 -0.7733 -0.9644 1.0000 -0.6467
 236 K  -0.0978 0.0733 0.1811 -0.9878 0.8078 0.3100 -0.2944
 237 K  -0.0978 0.0733 0.1811 -0.9878 0.8078 0.3100 -0.2944
 238 I  1.0000 -0.0733 -0.0100 0.7244 -0.2067 0.1722 0.7644
 239 L  0.2367 -0.0733 -0.0100 0.6622 -0.2067 0.7933 -0.0589
 240 A  -0.3889 -0.7556 -0.7522 -0.1900 -0.1889 1.0000 -0.5289
 241 K  -0.0978 0.0733 0.1811 -0.9878 0.8078 0.3100 -0.2944
 242 V  0.7522 -0.3167 -0.2578 0.3678 -0.2122 -0.0344 1.0000
 243 H  0.4267 0.1222 0.1533 -0.3011 0.2167 -0.0344 -0.1178
 244 S  -0.3744 -0.7078 -0.6044 -0.4044 -0.2944 -0.5178 -0.2356
 245 R  0.1167 0.4144 0.5178 -1.0000 1.0000 0.5867 -0.4122
 246 F  0.4033 0.4144 0.4578 0.7178 -0.3022 0.1722 0.3533
 247 I  1.0000 -0.0733 -0.0100 0.7244 -0.2067 0.1722 0.7644
 248 V  0.7522 -0.3167 -0.2578 0.3678 -0.2122 -0.0344 1.0000
 249 S  -0.3744 -0.7078 -0.6044 -0.4044 -0.2944 -0.5178 -0.2356
 250 L  0.2367 -0.0733 -0.0100 0.6622 -0.2067 0.7933 -0.0589
 251 A  -0.3889 -0.7556 -0.7522 -0.1900 -0.1889 1.0000 -0.5289
 252 Y  0.4033 0.4633 0.6011 0.2089 -0.3044 -0.1722 0.5289
 253 A  -0.3889 -0.7556 -0.7522 -0.1900 -0.1889 1.0000 -0.5289
 254 F  0.4033 0.4144 0.4578 0.7178 -0.3022 0.1722 0.3533
 255 E  -0.2556 -0.2678 -0.0644 -0.7733 -0.9644 1.0000 -0.6467
 256 T  0.4467 -0.4633 -0.3567 -0.2211 -0.3200 -0.4478 0.2356
 257 K  -0.0978 0.0733 0.1811 -0.9878 0.8078 0.3100 -0.2944
 258 T  0.4467 -0.4633 -0.3567 -0.2211 -0.3200 -0.4478 0.2356
 259 D  -0.2367 -0.4633 -0.3122 -0.8522 -1.0000 -0.1722 -0.7056
 260 L  0.2367 -0.0733 -0.0100 0.6622 -0.2067 0.7933 -0.0589
 261 C  -0.1556 -0.3656 -0.3989 0.5644 -0.1267 -0.7244 0.5289
 262 L  0.2367 -0.0733 -0.0100 0.6622 -0.2067 0.7933 -0.0589
 263 V  0.7522 -0.3167 -0.2578 0.3678 -0.2122 -0.0344 1.0000
 264 M  0.1222 0.0733 0.0967 0.3744 -0.2911 0.7244 -0.0011
 265 T  0.4467 -0.4633 -0.3567 -0.2211 -0.3200 -0.4478 0.2356
 266 I  1.0000 -0.0733 -0.0100 0.7244 -0.2067 0.1722 0.7644
 267 M  0.1222 0.0733 0.0967 0.3744 -0.2911 0.7244 -0.0011
 268 N  -0.2367 -0.3656 -0.2700 -0.7489 -0.0833 -0.4478 -0.5878
 269 G  -1.0000 -1.0000 -1.0000 -0.3800 -0.1989 -1.0000 -1.0000
 270 G  -1.0000 -1.0000 -1.0000 -0.3800 -0.1989 -1.0000 -1.0000
 271 D  -0.2367 -0.4633 -0.3122 -0.8522 -1.0000 -0.1722 -0.7056
 272 I  1.0000 -0.0733 -0.0100 0.7244 -0.2067 0.1722 0.7644
 273 R  0.1167 0.4144 0.5178 -1.0000 1.0000 0.5867 -0.4122
 274 Y  0.4033 0.4633 0.6011 0.2089 -0.3044 -0.1722 0.5289
 275 H  0.4267 0.1222 0.1533 -0.3011 0.2167 -0.0344 -0.1178
 276 I  1.0000 -0.0733 -0.0100 0.7244 -0.2067 0.1722 0.7644
 277 Y  0.4033 0.4633 0.6011 0.2089 -0.3044 -0.1722 0.5289
 278 N  -0.2367 -0.3656 -0.2700 -0.7489 -0.0833 -0.4478 -0.5878
 279 V  0.7522 -0.3167 -0.2578 0.3678 -0.2122 -0.0344 1.0000
 280 D  -0.2367 -0.4633 -0.3122 -0.8522 -1.0000 -0.1722 -0.7056
 281 E  -0.2556 -0.2678 -0.0644 -0.7733 -0.9644 1.0000 -0.6467
 282 D  -0.2367 -0.4633 -0.3122 -0.8522 -1.0000 -0.1722 -0.7056
 283 N  -0.2367 -0.3656 -0.2700 -0.7489 -0.0833 -0.4478 -0.5878
 284 P  0.2744 -1.0000 -0.3267 0.0611 -0.0111 -1.0000 0.1178
 285 G  -1.0000 -1.0000 -1.0000 -0.3800 -0.1989 -1.0000 -1.0000
 286 F  0.4033 0.4144 0.4578 0.7178 -0.3022 0.1722 0.3533
 287 Q  -0.2556 -0.1222 -0.0222 -0.5156 -0.3067 0.5867 -0.4122
 288 E  -0.2556 -0.2678 -0.0644 -0.7733 -0.9644 1.0000 -0.6467
 289 P  0.2744 -1.0000 -0.3267 0.0611 -0.0111 -1.0000 0.1178
 290 R  0.1167 0.4144 0.5178 -1.0000 1.0000 0.5867 -0.4122
 291 A  -0.3889 -0.7556 -0.7522 -0.1900 -0.1889 1.0000 -0.5289
 292 I  1.0000 -0.0733 -0.0100 0.7244 -0.2067 0.1722 0.7644
 293 F  0.4033 0.4144 0.4578 0.7178 -0.3022 0.1722 0.3533
 294 Y  0.4033 0.4633 0.6011 0.2089 -0.3044 -0.1722 0.5289
 295 T  0.4467 -0.4633 -0.3567 -0.2211 -0.3200 -0.4478 0.2356
 296 A  -0.3889 -0.7556 -0.7522 -0.1900 -0.1889 1.0000 -0.5289
 297 Q  -0.2556 -0.1222 -0.0222 -0.5156 -0.3067 0.5867 -0.4122
 298 I  1.0000 -0.0733 -0.0100 0.7244 -0.2067 0.1722 0.7644
 299 V  0.7522 -0.3167 -0.2578 0.3678 -0.2122 -0.0344 1.0000
 300 S  -0.3744 -0.7078 -0.6044 -0.4044 -0.2944 -0.5178 -0.2356
 301 G  -1.0000 -1.0000 -1.0000 -0.3800 -0.1989 -1.0000 -1.0000
 302 L  0.2367 -0.0733 -0.0100 0.6622 -0.2067 0.7933 -0.0589
 303 E  -0.2556 -0.2678 -0.0644 -0.7733 -0.9644 1.0000 -0.6467
 304 H  0.4267 0.1222 0.1533 -0.3011 0.2167 -0.0344 -0.1178
 305 L  0.2367 -0.0733 -0.0100 0.6622 -0.2067 0.7933 -0.0589
 306 H  0.4267 0.1222 0.1533 -0.3011 0.2167 -0.0344 -0.1178
 307 Q  -0.2556 -0.1222 -0.0222 -0.5156 -0.3067 0.5867 -0.4122
 308 R  0.1167 0.4144 0.5178 -1.0000 1.0000 0.5867 -0.4122
 309 N  -0.2367 -0.3656 -0.2700 -0.7489 -0.0833 -0.4478 -0.5878
 310 I  1.0000 -0.0733 -0.0100 0.7244 -0.2067 0.1722 0.7644
 311 I  1.0000 -0.0733 -0.0100 0.7244 -0.2067 0.1722 0.7644
 312 Y  0.4033 0.4633 0.6011 0.2089 -0.3044 -0.1722 0.5289
 313 R  0.1167 0.4144 0.5178 -1.0000 1.0000 0.5867 -0.4122
 314 D  -0.2367 -0.4633 -0.3122 -0.8522 -1.0000 -0.1722 -0.7056
 315 L  0.2367 -0.0733 -0.0100 0.6622 -0.2067 0.7933 -0.0589
 316 K  -0.0978 0.0733 0.1811 -0.9878 0.8078 0.3100 -0.2944
 317 P  0.2744 -1.0000 -0.3267 0.0611 -0.0111 -1.0000 0.1178
 318 E  -0.2556 -0.2678 -0.0644 -0.7733 -0.9644 1.0000 -0.6467
 319 N  -0.2367 -0.3656 -0.2700 -0.7489 -0.0833 -0.4478 -0.5878
 320 V  0.7522 -0.3167 -0.2578 0.3678 -0.2122 -0.0344 1.0000
 321 L  0.2367 -0.0733 -0.0100 0.6622 -0.2067 0.7933 -0.0589
 322 L  0.2367 -0.0733 -0.0100 0.6622 -0.2067 0.7933 -0.0589
 323 D  -0.2367 -0.4633 -0.3122 -0.8522 -1.0000 -0.1722 -0.7056
 324 D  -0.2367 -0.4633 -0.3122 -0.8522 -1.0000 -0.1722 -0.7056
 325 D  -0.2367 -0.4633 -0.3122 -0.8522 -1.0000 -0.1722 -0.7056
 326 G  -1.0000 -1.0000 -1.0000 -0.3800 -0.1989 -1.0000 -1.0000
 327 N  -0.2367 -0.3656 -0.2700 -0.7489 -0.0833 -0.4478 -0.5878
 328 V  0.7522 -0.3167 -0.2578 0.3678 -0.2122 -0.0344 1.0000
 329 R  0.1167 0.4144 0.5178 -1.0000 1.0000 0.5867 -0.4122
 330 I  1.0000 -0.0733 -0.0100 0.7244 -0.2067 0.1722 0.7644
 331 S  -0.3744 -0.7078 -0.6044 -0.4044 -0.2944 -0.5178 -0.2356
 332 D  -0.2367 -0.4633 -0.3122 -0.8522 -1.0000 -0.1722 -0.7056
 333 L  0.2367 -0.0733 -0.0100 0.6622 -0.2067 0.7933 -0.0589
 334 G  -1.0000 -1.0000 -1.0000 -0.3800 -0.1989 -1.0000 -1.0000
 335 L  0.2367 -0.0733 -0.0100 0.6622 -0.2067 0.7933 -0.0589
 336 A  -0.3889 -0.7556 -0.7522 -0.1900 -0.1889 1.0000 -0.5289
 337 V  0.7522 -0.3167 -0.2578 0.3678 -0.2122 -0.0344 1.0000
 338 E  -0.2556 -0.2678 -0.0644 -0.7733 -0.9644 1.0000 -0.6467
 339 L  0.2367 -0.0733 -0.0100 0.6622 -0.2067 0.7933 -0.0589
 340 K  -0.0978 0.0733 0.1811 -0.9878 0.8078 0.3100 -0.2944
 341 A  -0.3889 -0.7556 -0.7522 -0.1900 -0.1889 1.0000 -0.5289
 342 G  -1.0000 -1.0000 -1.0000 -0.3800 -0.1989 -1.0000 -1.0000
 343 Q  -0.2556 -0.1222 -0.0222 -0.5156 -0.3067 0.5867 -0.4122
 344 T  0.4467 -0.4633 -0.3567 -0.2211 -0.3200 -0.4478 0.2356
 345 K  -0.0978 0.0733 0.1811 -0.9878 0.8078 0.3100 -0.2944
 346 T  0.4467 -0.4633 -0.3567 -0.2211 -0.3200 -0.4478 0.2356
 347 K  -0.0978 0.0733 0.1811 -0.9878 0.8078 0.3100 -0.2944
 348 G  -1.0000 -1.0000 -1.0000 -0.3800 -0.1989 -1.0000 -1.0000
 349 Y  0.4033 0.4633 0.6011 0.2089 -0.3044 -0.1722 0.5289
 350 A  -0.3889 -0.7556 -0.7522 -0.1900 -0.1889 1.0000 -0.5289
 351 G  -1.0000 -1.0000 -1.0000 -0.3800 -0.1989 -1.0000 -1.0000
 352 T  0.4467 -0.4633 -0.3567 -0.2211 -0.3200 -0.4478 0.2356
 353 P  0.2744 -1.0000 -0.3267 0.0611 -0.0111 -1.0000 0.1178
 354 G  -1.0000 -1.0000 -1.0000 -0.3800 -0.1989 -1.0000 -1.0000
 355 F  0.4033 0.4144 0.4578 0.7178 -0.3022 0.1722 0.3533
 356 M  0.1222 0.0733 0.0967 0.3744 -0.2911 0.7244 -0.0011
 357 A  -0.3889 -0.7556 -0.7522 -0.1900 -0.1889 1.0000 -0.5289
 358 P  0.2744 -1.0000 -0.3267 0.0611 -0.0111 -1.0000 0.1178
 359 E  -0.2556 -0.2678 -0.0644 -0.7733 -0.9644 1.0000 -0.6467
 360 L  0.2367 -0.0733 -0.0100 0.6622 -0.2067 0.7933 -0.0589
 361 L  0.2367 -0.0733 -0.0100 0.6622 -0.2067 0.7933 -0.0589
 362 L  0.2367 -0.0733 -0.0100 0.6622 -0.2067 0.7933 -0.0589
 363 G  -1.0000 -1.0000 -1.0000 -0.3800 -0.1989 -1.0000 -1.0000
 364 E  -0.2556 -0.2678 -0.0644 -0.7733 -0.9644 1.0000 -0.6467
 365 E  -0.2556 -0.2678 -0.0644 -0.7733 -0.9644 1.0000 -0.6467
 366 Y  0.4033 0.4633 0.6011 0.2089 -0.3044 -0.1722 0.5289
 367 D  -0.2367 -0.4633 -0.3122 -0.8522 -1.0000 -0.1722 -0.7056
 368 F  0.4033 0.4144 0.4578 0.7178 -0.3022 0.1722 0.3533
 369 S  -0.3744 -0.7078 -0.6044 -0.4044 -0.2944 -0.5178 -0.2356
 370 V  0.7522 -0.3167 -0.2578 0.3678 -0.2122 -0.0344 1.0000
 371 D  -0.2367 -0.4633 -0.3122 -0.8522 -1.0000 -0.1722 -0.7056
 372 Y  0.4033 0.4633 0.6011 0.2089 -0.3044 -0.1722 0.5289
 373 F  0.4033 0.4144 0.4578 0.7178 -0.3022 0.1722 0.3533
 374 A  -0.3889 -0.7556 -0.7522 -0.1900 -0.1889 1.0000 -0.5289
 375 L  0.2367 -0.0733 -0.0100 0.6622 -0.2067 0.7933 -0.0589
 376 G  -1.0000 -1.0000 -1.0000 -0.3800 -0.1989 -1.0000 -1.0000
 377 V  0.7522 -0.3167 -0.2578 0.3678 -0.2122 -0.0344 1.0000
 378 T  0.4467 -0.4633 -0.3567 -0.2211 -0.3200 -0.4478 0.2356
 379 L  0.2367 -0.0733 -0.0100 0.6622 -0.2067 0.7933 -0.0589
 380 Y  0.4033 0.4633 0.6011 0.2089 -0.3044 -0.1722 0.5289
 381 E  -0.2556 -0.2678 -0.0644 -0.7733 -0.9644 1.0000 -0.6467
 382 M  0.1222 0.0733 0.0967 0.3744 -0.2911 0.7244 -0.0011
 383 I  1.0000 -0.0733 -0.0100 0.7244 -0.2067 0.1722 0.7644
 384 A  -0.3889 -0.7556 -0.7522 -0.1900 -0.1889 1.0000 -0.5289
 385 A  -0.3889 -0.7556 -0.7522 -0.1900 -0.1889 1.0000 -0.5289
 386 R  0.1167 0.4144 0.5178 -1.0000 1.0000 0.5867 -0.4122
 387 G  -1.0000 -1.0000 -1.0000 -0.3800 -0.1989 -1.0000 -1.0000
 388 P  0.2744 -1.0000 -0.3267 0.0611 -0.0111 -1.0000 0.1178
 389 F  0.4033 0.4144 0.4578 0.7178 -0.3022 0.1722 0.3533
 390 R  0.1167 0.4144 0.5178 -1.0000 1.0000 0.5867 -0.4122
 391 A  -0.3889 -0.7556 -0.7522 -0.1900 -0.1889 1.0000 -0.5289
 392 R  0.1167 0.4144 0.5178 -1.0000 1.0000 0.5867 -0.4122
 393 G  -1.0000 -1.0000 -1.0000 -0.3800 -0.1989 -1.0000 -1.0000
 394 E  -0.2556 -0.2678 -0.0644 -0.7733 -0.9644 1.0000 -0.6467
 395 K  -0.0978 0.0733 0.1811 -0.9878 0.8078 0.3100 -0.2944
 396 V  0.7522 -0.3167 -0.2578 0.3678 -0.2122 -0.0344 1.0000
 397 E  -0.2556 -0.2678 -0.0644 -0.7733 -0.9644 1.0000 -0.6467
 398 N  -0.2367 -0.3656 -0.2700 -0.7489 -0.0833 -0.4478 -0.5878
 399 K  -0.0978 0.0733 0.1811 -0.9878 0.8078 0.3100 -0.2944
 400 E  -0.2556 -0.2678 -0.0644 -0.7733 -0.9644 1.0000 -0.6467
 401 L  0.2367 -0.0733 -0.0100 0.6622 -0.2067 0.7933 -0.0589
 402 K  -0.0978 0.0733 0.1811 -0.9878 0.8078 0.3100 -0.2944
 403 Q  -0.2556 -0.1222 -0.0222 -0.5156 -0.3067 0.5867 -0.4122
 404 R  0.1167 0.4144 0.5178 -1.0000 1.0000 0.5867 -0.4122
 405 V  0.7522 -0.3167 -0.2578 0.3678 -0.2122 -0.0344 1.0000
 406 L  0.2367 -0.0733 -0.0100 0.6622 -0.2067 0.7933 -0.0589
 407 E  -0.2556 -0.2678 -0.0644 -0.7733 -0.9644 1.0000 -0.6467
 408 Q  -0.2556 -0.1222 -0.0222 -0.5156 -0.3067 0.5867 -0.4122
 409 A  -0.3889 -0.7556 -0.7522 -0.1900 -0.1889 1.0000 -0.5289
 410 V  0.7522 -0.3167 -0.2578 0.3678 -0.2122 -0.0344 1.0000
 411 T  0.4467 -0.4633 -0.3567 -0.2211 -0.3200 -0.4478 0.2356
 412 Y  0.4033 0.4633 0.6011 0.2089 -0.3044 -0.1722 0.5289
 413 P  0.2744 -1.0000 -0.3267 0.0611 -0.0111 -1.0000 0.1178
 414 D  -0.2367 -0.4633 -0.3122 -0.8522 -1.0000 -0.1722 -0.7056
 415 K  -0.0978 0.0733 0.1811 -0.9878 0.8078 0.3100 -0.2944
 416 F  0.4033 0.4144 0.4578 0.7178 -0.3022 0.1722 0.3533
 417 S  -0.3744 -0.7078 -0.6044 -0.4044 -0.2944 -0.5178 -0.2356
 418 P  0.2744 -1.0000 -0.3267 0.0611 -0.0111 -1.0000 0.1178
 419 A  -0.3889 -0.7556 -0.7522 -0.1900 -0.1889 1.0000 -0.5289
 420 S  -0.3744 -0.7078 -0.6044 -0.4044 -0.2944 -0.5178 -0.2356
 421 K  -0.0978 0.0733 0.1811 -0.9878 0.8078 0.3100 -0.2944
 422 D  -0.2367 -0.4633 -0.3122 -0.8522 -1.0000 -0.1722 -0.7056
 423 F  0.4033 0.4144 0.4578 0.7178 -0.3022 0.1722 0.3533
 424 C  -0.1556 -0.3656 -0.3989 0.5644 -0.1267 -0.7244 0.5289
 425 E  -0.2556 -0.2678 -0.0644 -0.7733 -0.9644 1.0000 -0.6467
 426 A  -0.3889 -0.7556 -0.7522 -0.1900 -0.1889 1.0000 -0.5289
 427 L  0.2367 -0.0733 -0.0100 0.6622 -0.2067 0.7933 -0.0589
 428 L  0.2367 -0.0733 -0.0100 0.6622 -0.2067 0.7933 -0.0589
 429 Q  -0.2556 -0.1222 -0.0222 -0.5156 -0.3067 0.5867 -0.4122
 430 K  -0.0978 0.0733 0.1811 -0.9878 0.8078 0.3100 -0.2944
 431 D  -0.2367 -0.4633 -0.3122 -0.8522 -1.0000 -0.1722 -0.7056
 432 P  0.2744 -1.0000 -0.3267 0.0611 -0.0111 -1.0000 0.1178
 433 E  -0.2556 -0.2678 -0.0644 -0.7733 -0.9644 1.0000 -0.6467
 434 K  -0.0978 0.0733 0.1811 -0.9878 0.8078 0.3100 -0.2944
 435 R  0.1167 0.4144 0.5178 -1.0000 1.0000 0.5867 -0.4122
 436 L  0.2367 -0.0733 -0.0100 0.6622 -0.2067 0.7933 -0.0589
 437 G  -1.0000 -1.0000 -1.0000 -0.3800 -0.1989 -1.0000 -1.0000
 438 F  0.4033 0.4144 0.4578 0.7178 -0.3022 0.1722 0.3533
 439 R  0.1167 0.4144 0.5178 -1.0000 1.0000 0.5867 -0.4122
 440 D  -0.2367 -0.4633 -0.3122 -0.8522 -1.0000 -0.1722 -0.7056
 441 G  -1.0000 -1.0000 -1.0000 -0.3800 -0.1989 -1.0000 -1.0000
 442 S  -0.3744 -0.7078 -0.6044 -0.4044 -0.2944 -0.5178 -0.2356
 443 C  -0.1556 -0.3656 -0.3989 0.5644 -0.1267 -0.7244 0.5289
 444 D  -0.2367 -0.4633 -0.3122 -0.8522 -1.0000 -0.1722 -0.7056
 445 G  -1.0000 -1.0000 -1.0000 -0.3800 -0.1989 -1.0000 -1.0000
 446 L  0.2367 -0.0733 -0.0100 0.6622 -0.2067 0.7933 -0.0589
 447 R  0.1167 0.4144 0.5178 -1.0000 1.0000 0.5867 -0.4122
 448 T  0.4467 -0.4633 -0.3567 -0.2211 -0.3200 -0.4478 0.2356
 449 H  0.4267 0.1222 0.1533 -0.3011 0.2167 -0.0344 -0.1178
 450 P  0.2744 -1.0000 -0.3267 0.0611 -0.0111 -1.0000 0.1178
 451 L  0.2367 -0.0733 -0.0100 0.6622 -0.2067 0.7933 -0.0589
 452 F  0.4033 0.4144 0.4578 0.7178 -0.3022 0.1722 0.3533
 453 R  0.1167 0.4144 0.5178 -1.0000 1.0000 0.5867 -0.4122
 454 D  -0.2367 -0.4633 -0.3122 -0.8522 -1.0000 -0.1722 -0.7056
 455 I  1.0000 -0.0733 -0.0100 0.7244 -0.2067 0.1722 0.7644
 456 S  -0.3744 -0.7078 -0.6044 -0.4044 -0.2944 -0.5178 -0.2356
 457 W  0.5322 1.0000 1.0000 1.0000 -0.2322 0.3100 0.5878
 458 R  0.1167 0.4144 0.5178 -1.0000 1.0000 0.5867 -0.4122
 459 Q  -0.2556 -0.1222 -0.0222 -0.5156 -0.3067 0.5867 -0.4122
 460 L  0.2367 -0.0733 -0.0100 0.6622 -0.2067 0.7933 -0.0589
 461 E  -0.2556 -0.2678 -0.0644 -0.7733 -0.9644 1.0000 -0.6467
 462 A  -0.3889 -0.7556 -0.7522 -0.1900 -0.1889 1.0000 -0.5289
 463 G  -1.0000 -1.0000 -1.0000 -0.3800 -0.1989 -1.0000 -1.0000
 464 M  0.1222 0.0733 0.0967 0.3744 -0.2911 0.7244 -0.0011
 465 L  0.2367 -0.0733 -0.0100 0.6622 -0.2067 0.7933 -0.0589
 466 T  0.4467 -0.4633 -0.3567 -0.2211 -0.3200 -0.4478 0.2356
 467 P  0.2744 -1.0000 -0.3267 0.0611 -0.0111 -1.0000 0.1178
 468 P  0.2744 -1.0000 -0.3267 0.0611 -0.0111 -1.0000 0.1178
 469 F  0.4033 0.4144 0.4578 0.7178 -0.3022 0.1722 0.3533
 470 V  0.7522 -0.3167 -0.2578 0.3678 -0.2122 -0.0344 1.0000
 471 P  0.2744 -1.0000 -0.3267 0.0611 -0.0111 -1.0000 0.1178
 472 D  -0.2367 -0.4633 -0.3122 -0.8522 -1.0000 -0.1722 -0.7056
 473 S  -0.3744 -0.7078 -0.6044 -0.4044 -0.2944 -0.5178 -0.2356
 474 R  0.1167 0.4144 0.5178 -1.0000 1.0000 0.5867 -0.4122
 475 T  0.4467 -0.4633 -0.3567 -0.2211 -0.3200 -0.4478 0.2356
 476 V  0.7522 -0.3167 -0.2578 0.3678 -0.2122 -0.0344 1.0000
 477 Y  0.4033 0.4633 0.6011 0.2089 -0.3044 -0.1722 0.5289
 478 A  -0.3889 -0.7556 -0.7522 -0.1900 -0.1889 1.0000 -0.5289
 479 K  -0.0978 0.0733 0.1811 -0.9878 0.8078 0.3100 -0.2944
 480 N  -0.2367 -0.3656 -0.2700 -0.7489 -0.0833 -0.4478 -0.5878
 ! !  -1.0000 -1.0000 -1.0000 -1.0000 -1.0000 -1.0000 -1.0000
 485 G  -1.0000 -1.0000 -1.0000 -0.3800 -0.1989 -1.0000 -1.0000
 486 A  -0.3889 -0.7556 -0.7522 -0.1900 -0.1889 1.0000 -0.5289
 487 F  0.4033 0.4144 0.4578 0.7178 -0.3022 0.1722 0.3533
 488 S  -0.3744 -0.7078 -0.6044 -0.4044 -0.2944 -0.5178 -0.2356
 ! !  -1.0000 -1.0000 -1.0000 -1.0000 -1.0000 -1.0000 -1.0000
 492 G  -1.0000 -1.0000 -1.0000 -0.3800 -0.1989 -1.0000 -1.0000
 493 V  0.7522 -0.3167 -0.2578 0.3678 -0.2122 -0.0344 1.0000
 494 A  -0.3889 -0.7556 -0.7522 -0.1900 -0.1889 1.0000 -0.5289
 495 F  0.4033 0.4144 0.4578 0.7178 -0.3022 0.1722 0.3533
 496 E  -0.2556 -0.2678 -0.0644 -0.7733 -0.9644 1.0000 -0.6467
 497 K  -0.0978 0.0733 0.1811 -0.9878 0.8078 0.3100 -0.2944
 498 A  -0.3889 -0.7556 -0.7522 -0.1900 -0.1889 1.0000 -0.5289
 499 D  -0.2367 -0.4633 -0.3122 -0.8522 -1.0000 -0.1722 -0.7056
 500 T  0.4467 -0.4633 -0.3567 -0.2211 -0.3200 -0.4478 0.2356
 501 E  -0.2556 -0.2678 -0.0644 -0.7733 -0.9644 1.0000 -0.6467
 502 F  0.4033 0.4144 0.4578 0.7178 -0.3022 0.1722 0.3533
 503 F  0.4033 0.4144 0.4578 0.7178 -0.3022 0.1722 0.3533
 504 Q  -0.2556 -0.1222 -0.0222 -0.5156 -0.3067 0.5867 -0.4122
 505 E  -0.2556 -0.2678 -0.0644 -0.7733 -0.9644 1.0000 -0.6467
 506 F  0.4033 0.4144 0.4578 0.7178 -0.3022 0.1722 0.3533
 507 A  -0.3889 -0.7556 -0.7522 -0.1900 -0.1889 1.0000 -0.5289
 508 S  -0.3744 -0.7078 -0.6044 -0.4044 -0.2944 -0.5178 -0.2356
 509 G  -1.0000 -1.0000 -1.0000 -0.3800 -0.1989 -1.0000 -1.0000
 510 T  0.4467 -0.4633 -0.3567 -0.2211 -0.3200 -0.4478 0.2356
 511 C  -0.1556 -0.3656 -0.3989 0.5644 -0.1267 -0.7244 0.5289
 512 P  0.2744 -1.0000 -0.3267 0.0611 -0.0111 -1.0000 0.1178
 513 I  1.0000 -0.0733 -0.0100 0.7244 -0.2067 0.1722 0.7644
 514 P  0.2744 -1.0000 -0.3267 0.0611 -0.0111 -1.0000 0.1178
 515 W  0.5322 1.0000 1.0000 1.0000 -0.2322 0.3100 0.5878
 516 Q  -0.2556 -0.1222 -0.0222 -0.5156 -0.3067 0.5867 -0.4122
 517 E  -0.2556 -0.2678 -0.0644 -0.7733 -0.9644 1.0000 -0.6467
 518 E  -0.2556 -0.2678 -0.0644 -0.7733 -0.9644 1.0000 -0.6467
 519 M  0.1222 0.0733 0.0967 0.3744 -0.2911 0.7244 -0.0011
 520 I  1.0000 -0.0733 -0.0100 0.7244 -0.2067 0.1722 0.7644
 521 E  -0.2556 -0.2678 -0.0644 -0.7733 -0.9644 1.0000 -0.6467
 522 T  0.4467 -0.4633 -0.3567 -0.2211 -0.3200 -0.4478 0.2356
 523 G  -1.0000 -1.0000 -1.0000 -0.3800 -0.1989 -1.0000 -1.0000
 524 V  0.7522 -0.3167 -0.2578 0.3678 -0.2122 -0.0344 1.0000
 525 F  0.4033 0.4144 0.4578 0.7178 -0.3022 0.1722 0.3533
 526 G  -1.0000 -1.0000 -1.0000 -0.3800 -0.1989 -1.0000 -1.0000
 527 D  -0.2367 -0.4633 -0.3122 -0.8522 -1.0000 -0.1722 -0.7056
 528 L  0.2367 -0.0733 -0.0100 0.6622 -0.2067 0.7933 -0.0589
 529 N  -0.2367 -0.3656 -0.2700 -0.7489 -0.0833 -0.4478 -0.5878
 530 V  0.7522 -0.3167 -0.2578 0.3678 -0.2122 -0.0344 1.0000
 531 W  0.5322 1.0000 1.0000 1.0000 -0.2322 0.3100 0.5878
 532 R  0.1167 0.4144 0.5178 -1.0000 1.0000 0.5867 -0.4122
 533 P  0.2744 -1.0000 -0.3267 0.0611 -0.0111 -1.0000 0.1178
