 1 L  0.2367 -0.0733 -0.0100 0.6622 -0.2067 0.7933 -0.0589
 2 G  -1.0000 -1.0000 -1.0000 -0.3800 -0.1989 -1.0000 -1.0000
 3 V  0.7522 -0.3167 -0.2578 0.3678 -0.2122 -0.0344 1.0000
 4 I  1.0000 -0.0733 -0.0100 0.7244 -0.2067 0.1722 0.7644
 5 A  -0.3889 -0.7556 -0.7522 -0.1900 -0.1889 1.0000 -0.5289
 6 D  -0.2367 -0.4633 -0.3122 -0.8522 -1.0000 -0.1722 -0.7056
 7 D  -0.2367 -0.4633 -0.3122 -0.8522 -1.0000 -0.1722 -0.7056
 8 F  0.4033 0.4144 0.4578 0.7178 -0.3022 0.1722 0.3533
 9 T  0.4467 -0.4633 -0.3567 -0.2211 -0.3200 -0.4478 0.2356
 10 G  -1.0000 -1.0000 -1.0000 -0.3800 -0.1989 -1.0000 -1.0000
 11 A  -0.3889 -0.7556 -0.7522 -0.1900 -0.1889 1.0000 -0.5289
 12 S  -0.3744 -0.7078 -0.6044 -0.4044 -0.2944 -0.5178 -0.2356
 13 D  -0.2367 -0.4633 -0.3122 -0.8522 -1.0000 -0.1722 -0.7056
 14 I  1.0000 -0.0733 -0.0100 0.7244 -0.2067 0.1722 0.7644
 15 A  -0.3889 -0.7556 -0.7522 -0.1900 -0.1889 1.0000 -0.5289
 16 S  -0.3744 -0.7078 -0.6044 -0.4044 -0.2944 -0.5178 -0.2356
 17 F  0.4033 0.4144 0.4578 0.7178 -0.3022 0.1722 0.3533
 18 L  0.2367 -0.0733 -0.0100 0.6622 -0.2067 0.7933 -0.0589
 19 V  0.7522 -0.3167 -0.2578 0.3678 -0.2122 -0.0344 1.0000
 20 E  -0.2556 -0.2678 -0.0644 -0.7733 -0.9644 1.0000 -0.6467
 21 N  -0.2367 -0.3656 -0.2700 -0.7489 -0.0833 -0.4478 -0.5878
 22 G  -1.0000 -1.0000 -1.0000 -0.3800 -0.1989 -1.0000 -1.0000
 23 L  0.2367 -0.0733 -0.0100 0.6622 -0.2067 0.7933 -0.0589
 24 S  -0.3744 -0.7078 -0.6044 -0.4044 -0.2944 -0.5178 -0.2356
 25 T  0.4467 -0.4633 -0.3567 -0.2211 -0.3200 -0.4478 0.2356
 26 V  0.7522 -0.3167 -0.2578 0.3678 -0.2122 -0.0344 1.0000
 27 Q  -0.2556 -0.1222 -0.0222 -0.5156 -0.3067 0.5867 -0.4122
 28 M  0.1222 0.0733 0.0967 0.3744 -0.2911 0.7244 -0.0011
 29 N  -0.2367 -0.3656 -0.2700 -0.7489 -0.0833 -0.4478 -0.5878
 30 G  -1.0000 -1.0000 -1.0000 -0.3800 -0.1989 -1.0000 -1.0000
 31 V  0.7522 -0.3167 -0.2578 0.3678 -0.2122 -0.0344 1.0000
 32 P  0.2744 -1.0000 -0.3267 0.0611 -0.0111 -1.0000 0.1178
 33 T  0.4467 -0.4633 -0.3567 -0.2211 -0.3200 -0.4478 0.2356
 34 Q  -0.2556 -0.1222 -0.0222 -0.5156 -0.3067 0.5867 -0.4122
 35 S  -0.3744 -0.7078 -0.6044 -0.4044 -0.2944 -0.5178 -0.2356
 36 L  0.2367 -0.0733 -0.0100 0.6622 -0.2067 0.7933 -0.0589
 37 N  -0.2367 -0.3656 -0.2700 -0.7489 -0.0833 -0.4478 -0.5878
 38 S  -0.3744 -0.7078 -0.6044 -0.4044 -0.2944 -0.5178 -0.2356
 39 K  -0.0978 0.0733 0.1811 -0.9878 0.8078 0.3100 -0.2944
 40 V  0.7522 -0.3167 -0.2578 0.3678 -0.2122 -0.0344 1.0000
 41 D  -0.2367 -0.4633 -0.3122 -0.8522 -1.0000 -0.1722 -0.7056
 42 A  -0.3889 -0.7556 -0.7522 -0.1900 -0.1889 1.0000 -0.5289
 43 I  1.0000 -0.0733 -0.0100 0.7244 -0.2067 0.1722 0.7644
 44 V  0.7522 -0.3167 -0.2578 0.3678 -0.2122 -0.0344 1.0000
 45 I  1.0000 -0.0733 -0.0100 0.7244 -0.2067 0.1722 0.7644
 46 S  -0.3744 -0.7078 -0.6044 -0.4044 -0.2944 -0.5178 -0.2356
 47 L  0.2367 -0.0733 -0.0100 0.6622 -0.2067 0.7933 -0.0589
 48 K  -0.0978 0.0733 0.1811 -0.9878 0.8078 0.3100 -0.2944
 49 S  -0.3744 -0.7078 -0.6044 -0.4044 -0.2944 -0.5178 -0.2356
 50 R  0.1167 0.4144 0.5178 -1.0000 1.0000 0.5867 -0.4122
 51 S  -0.3744 -0.7078 -0.6044 -0.4044 -0.2944 -0.5178 -0.2356
 52 N  -0.2367 -0.3656 -0.2700 -0.7489 -0.0833 -0.4478 -0.5878
 53 P  0.2744 -1.0000 -0.3267 0.0611 -0.0111 -1.0000 0.1178
 54 V  0.7522 -0.3167 -0.2578 0.3678 -0.2122 -0.0344 1.0000
 55 N  -0.2367 -0.3656 -0.2700 -0.7489 -0.0833 -0.4478 -0.5878
 56 E  -0.2556 -0.2678 -0.0644 -0.7733 -0.9644 1.0000 -0.6467
 57 A  -0.3889 -0.7556 -0.7522 -0.1900 -0.1889 1.0000 -0.5289
 58 I  1.0000 -0.0733 -0.0100 0.7244 -0.2067 0.1722 0.7644
 59 E  -0.2556 -0.2678 -0.0644 -0.7733 -0.9644 1.0000 -0.6467
 60 Q  -0.2556 -0.1222 -0.0222 -0.5156 -0.3067 0.5867 -0.4122
 61 S  -0.3744 -0.7078 -0.6044 -0.4044 -0.2944 -0.5178 -0.2356
 62 L  0.2367 -0.0733 -0.0100 0.6622 -0.2067 0.7933 -0.0589
 63 R  0.1167 0.4144 0.5178 -1.0000 1.0000 0.5867 -0.4122
 64 A  -0.3889 -0.7556 -0.7522 -0.1900 -0.1889 1.0000 -0.5289
 65 Y  0.4033 0.4633 0.6011 0.2089 -0.3044 -0.1722 0.5289
 66 Q  -0.2556 -0.1222 -0.0222 -0.5156 -0.3067 0.5867 -0.4122
 67 W  0.5322 1.0000 1.0000 1.0000 -0.2322 0.3100 0.5878
 68 L  0.2367 -0.0733 -0.0100 0.6622 -0.2067 0.7933 -0.0589
 69 K  -0.0978 0.0733 0.1811 -0.9878 0.8078 0.3100 -0.2944
 70 E  -0.2556 -0.2678 -0.0644 -0.7733 -0.9644 1.0000 -0.6467
 71 N  -0.2367 -0.3656 -0.2700 -0.7489 -0.0833 -0.4478 -0.5878
 72 G  -1.0000 -1.0000 -1.0000 -0.3800 -0.1989 -1.0000 -1.0000
 73 C  -0.1556 -0.3656 -0.3989 0.5644 -0.1267 -0.7244 0.5289
 74 T  0.4467 -0.4633 -0.3567 -0.2211 -0.3200 -0.4478 0.2356
 75 Q  -0.2556 -0.1222 -0.0222 -0.5156 -0.3067 0.5867 -0.4122
 76 F  0.4033 0.4144 0.4578 0.7178 -0.3022 0.1722 0.3533
 77 Y  0.4033 0.4633 0.6011 0.2089 -0.3044 -0.1722 0.5289
 78 F  0.4033 0.4144 0.4578 0.7178 -0.3022 0.1722 0.3533
 79 K  -0.0978 0.0733 0.1811 -0.9878 0.8078 0.3100 -0.2944
 80 Y  0.4033 0.4633 0.6011 0.2089 -0.3044 -0.1722 0.5289
 81 C  -0.1556 -0.3656 -0.3989 0.5644 -0.1267 -0.7244 0.5289
 82 S  -0.3744 -0.7078 -0.6044 -0.4044 -0.2944 -0.5178 -0.2356
 83 T  0.4467 -0.4633 -0.3567 -0.2211 -0.3200 -0.4478 0.2356
 84 F  0.4033 0.4144 0.4578 0.7178 -0.3022 0.1722 0.3533
 85 D  -0.2367 -0.4633 -0.3122 -0.8522 -1.0000 -0.1722 -0.7056
 86 S  -0.3744 -0.7078 -0.6044 -0.4044 -0.2944 -0.5178 -0.2356
 87 T  0.4467 -0.4633 -0.3567 -0.2211 -0.3200 -0.4478 0.2356
 88 A  -0.3889 -0.7556 -0.7522 -0.1900 -0.1889 1.0000 -0.5289
 89 K  -0.0978 0.0733 0.1811 -0.9878 0.8078 0.3100 -0.2944
 90 G  -1.0000 -1.0000 -1.0000 -0.3800 -0.1989 -1.0000 -1.0000
 91 N  -0.2367 -0.3656 -0.2700 -0.7489 -0.0833 -0.4478 -0.5878
 92 I  1.0000 -0.0733 -0.0100 0.7244 -0.2067 0.1722 0.7644
 93 G  -1.0000 -1.0000 -1.0000 -0.3800 -0.1989 -1.0000 -1.0000
 94 P  0.2744 -1.0000 -0.3267 0.0611 -0.0111 -1.0000 0.1178
 95 V  0.7522 -0.3167 -0.2578 0.3678 -0.2122 -0.0344 1.0000
 96 T  0.4467 -0.4633 -0.3567 -0.2211 -0.3200 -0.4478 0.2356
 97 D  -0.2367 -0.4633 -0.3122 -0.8522 -1.0000 -0.1722 -0.7056
 98 A  -0.3889 -0.7556 -0.7522 -0.1900 -0.1889 1.0000 -0.5289
 99 L  0.2367 -0.0733 -0.0100 0.6622 -0.2067 0.7933 -0.0589
 100 L  0.2367 -0.0733 -0.0100 0.6622 -0.2067 0.7933 -0.0589
 101 D  -0.2367 -0.4633 -0.3122 -0.8522 -1.0000 -0.1722 -0.7056
 102 E  -0.2556 -0.2678 -0.0644 -0.7733 -0.9644 1.0000 -0.6467
 103 L  0.2367 -0.0733 -0.0100 0.6622 -0.2067 0.7933 -0.0589
 104 N  -0.2367 -0.3656 -0.2700 -0.7489 -0.0833 -0.4478 -0.5878
 105 E  -0.2556 -0.2678 -0.0644 -0.7733 -0.9644 1.0000 -0.6467
 106 D  -0.2367 -0.4633 -0.3122 -0.8522 -1.0000 -0.1722 -0.7056
 107 F  0.4033 0.4144 0.4578 0.7178 -0.3022 0.1722 0.3533
 108 T  0.4467 -0.4633 -0.3567 -0.2211 -0.3200 -0.4478 0.2356
 109 V  0.7522 -0.3167 -0.2578 0.3678 -0.2122 -0.0344 1.0000
 110 I  1.0000 -0.0733 -0.0100 0.7244 -0.2067 0.1722 0.7644
 111 T  0.4467 -0.4633 -0.3567 -0.2211 -0.3200 -0.4478 0.2356
 112 P  0.2744 -1.0000 -0.3267 0.0611 -0.0111 -1.0000 0.1178
 113 A  -0.3889 -0.7556 -0.7522 -0.1900 -0.1889 1.0000 -0.5289
 114 L  0.2367 -0.0733 -0.0100 0.6622 -0.2067 0.7933 -0.0589
 115 P  0.2744 -1.0000 -0.3267 0.0611 -0.0111 -1.0000 0.1178
 116 V  0.7522 -0.3167 -0.2578 0.3678 -0.2122 -0.0344 1.0000
 117 N  -0.2367 -0.3656 -0.2700 -0.7489 -0.0833 -0.4478 -0.5878
 118 G  -1.0000 -1.0000 -1.0000 -0.3800 -0.1989 -1.0000 -1.0000
 119 R  0.1167 0.4144 0.5178 -1.0000 1.0000 0.5867 -0.4122
 120 T  0.4467 -0.4633 -0.3567 -0.2211 -0.3200 -0.4478 0.2356
 121 I  1.0000 -0.0733 -0.0100 0.7244 -0.2067 0.1722 0.7644
 122 F  0.4033 0.4144 0.4578 0.7178 -0.3022 0.1722 0.3533
 123 N  -0.2367 -0.3656 -0.2700 -0.7489 -0.0833 -0.4478 -0.5878
 124 G  -1.0000 -1.0000 -1.0000 -0.3800 -0.1989 -1.0000 -1.0000
 125 Y  0.4033 0.4633 0.6011 0.2089 -0.3044 -0.1722 0.5289
 126 L  0.2367 -0.0733 -0.0100 0.6622 -0.2067 0.7933 -0.0589
 127 F  0.4033 0.4144 0.4578 0.7178 -0.3022 0.1722 0.3533
 128 V  0.7522 -0.3167 -0.2578 0.3678 -0.2122 -0.0344 1.0000
 129 G  -1.0000 -1.0000 -1.0000 -0.3800 -0.1989 -1.0000 -1.0000
 130 D  -0.2367 -0.4633 -0.3122 -0.8522 -1.0000 -0.1722 -0.7056
 131 V  0.7522 -0.3167 -0.2578 0.3678 -0.2122 -0.0344 1.0000
 132 L  0.2367 -0.0733 -0.0100 0.6622 -0.2067 0.7933 -0.0589
 133 L  0.2367 -0.0733 -0.0100 0.6622 -0.2067 0.7933 -0.0589
 134 S  -0.3744 -0.7078 -0.6044 -0.4044 -0.2944 -0.5178 -0.2356
 135 E  -0.2556 -0.2678 -0.0644 -0.7733 -0.9644 1.0000 -0.6467
 136 S  -0.3744 -0.7078 -0.6044 -0.4044 -0.2944 -0.5178 -0.2356
 137 G  -1.0000 -1.0000 -1.0000 -0.3800 -0.1989 -1.0000 -1.0000
 138 M  0.1222 0.0733 0.0967 0.3744 -0.2911 0.7244 -0.0011
 139 K  -0.0978 0.0733 0.1811 -0.9878 0.8078 0.3100 -0.2944
 140 N  -0.2367 -0.3656 -0.2700 -0.7489 -0.0833 -0.4478 -0.5878
 141 H  0.4267 0.1222 0.1533 -0.3011 0.2167 -0.0344 -0.1178
 142 P  0.2744 -1.0000 -0.3267 0.0611 -0.0111 -1.0000 0.1178
 143 I  1.0000 -0.0733 -0.0100 0.7244 -0.2067 0.1722 0.7644
 144 T  0.4467 -0.4633 -0.3567 -0.2211 -0.3200 -0.4478 0.2356
 145 P  0.2744 -1.0000 -0.3267 0.0611 -0.0111 -1.0000 0.1178
 146 M  0.1222 0.0733 0.0967 0.3744 -0.2911 0.7244 -0.0011
 147 V  0.7522 -0.3167 -0.2578 0.3678 -0.2122 -0.0344 1.0000
 148 D  -0.2367 -0.4633 -0.3122 -0.8522 -1.0000 -0.1722 -0.7056
 149 A  -0.3889 -0.7556 -0.7522 -0.1900 -0.1889 1.0000 -0.5289
 150 N  -0.2367 -0.3656 -0.2700 -0.7489 -0.0833 -0.4478 -0.5878
 151 L  0.2367 -0.0733 -0.0100 0.6622 -0.2067 0.7933 -0.0589
 152 M  0.1222 0.0733 0.0967 0.3744 -0.2911 0.7244 -0.0011
 153 R  0.1167 0.4144 0.5178 -1.0000 1.0000 0.5867 -0.4122
 154 L  0.2367 -0.0733 -0.0100 0.6622 -0.2067 0.7933 -0.0589
 155 M  0.1222 0.0733 0.0967 0.3744 -0.2911 0.7244 -0.0011
 156 D  -0.2367 -0.4633 -0.3122 -0.8522 -1.0000 -0.1722 -0.7056
 157 A  -0.3889 -0.7556 -0.7522 -0.1900 -0.1889 1.0000 -0.5289
 158 Q  -0.2556 -0.1222 -0.0222 -0.5156 -0.3067 0.5867 -0.4122
 159 A  -0.3889 -0.7556 -0.7522 -0.1900 -0.1889 1.0000 -0.5289
 160 K  -0.0978 0.0733 0.1811 -0.9878 0.8078 0.3100 -0.2944
 161 G  -1.0000 -1.0000 -1.0000 -0.3800 -0.1989 -1.0000 -1.0000
 162 K  -0.0978 0.0733 0.1811 -0.9878 0.8078 0.3100 -0.2944
 163 T  0.4467 -0.4633 -0.3567 -0.2211 -0.3200 -0.4478 0.2356
 164 G  -1.0000 -1.0000 -1.0000 -0.3800 -0.1989 -1.0000 -1.0000
 165 L  0.2367 -0.0733 -0.0100 0.6622 -0.2067 0.7933 -0.0589
 166 V  0.7522 -0.3167 -0.2578 0.3678 -0.2122 -0.0344 1.0000
 167 A  -0.3889 -0.7556 -0.7522 -0.1900 -0.1889 1.0000 -0.5289
 168 Y  0.4033 0.4633 0.6011 0.2089 -0.3044 -0.1722 0.5289
 169 A  -0.3889 -0.7556 -0.7522 -0.1900 -0.1889 1.0000 -0.5289
 170 D  -0.2367 -0.4633 -0.3122 -0.8522 -1.0000 -0.1722 -0.7056
 171 V  0.7522 -0.3167 -0.2578 0.3678 -0.2122 -0.0344 1.0000
 172 I  1.0000 -0.0733 -0.0100 0.7244 -0.2067 0.1722 0.7644
 173 K  -0.0978 0.0733 0.1811 -0.9878 0.8078 0.3100 -0.2944
 174 G  -1.0000 -1.0000 -1.0000 -0.3800 -0.1989 -1.0000 -1.0000
 175 A  -0.3889 -0.7556 -0.7522 -0.1900 -0.1889 1.0000 -0.5289
 176 S  -0.3744 -0.7078 -0.6044 -0.4044 -0.2944 -0.5178 -0.2356
 177 R  0.1167 0.4144 0.5178 -1.0000 1.0000 0.5867 -0.4122
 178 V  0.7522 -0.3167 -0.2578 0.3678 -0.2122 -0.0344 1.0000
 179 Q  -0.2556 -0.1222 -0.0222 -0.5156 -0.3067 0.5867 -0.4122
 180 E  -0.2556 -0.2678 -0.0644 -0.7733 -0.9644 1.0000 -0.6467
 181 C  -0.1556 -0.3656 -0.3989 0.5644 -0.1267 -0.7244 0.5289
 182 F  0.4033 0.4144 0.4578 0.7178 -0.3022 0.1722 0.3533
 183 A  -0.3889 -0.7556 -0.7522 -0.1900 -0.1889 1.0000 -0.5289
 184 E  -0.2556 -0.2678 -0.0644 -0.7733 -0.9644 1.0000 -0.6467
 185 L  0.2367 -0.0733 -0.0100 0.6622 -0.2067 0.7933 -0.0589
 186 K  -0.0978 0.0733 0.1811 -0.9878 0.8078 0.3100 -0.2944
 187 A  -0.3889 -0.7556 -0.7522 -0.1900 -0.1889 1.0000 -0.5289
 188 Q  -0.2556 -0.1222 -0.0222 -0.5156 -0.3067 0.5867 -0.4122
 189 G  -1.0000 -1.0000 -1.0000 -0.3800 -0.1989 -1.0000 -1.0000
 190 Y  0.4033 0.4633 0.6011 0.2089 -0.3044 -0.1722 0.5289
 191 R  0.1167 0.4144 0.5178 -1.0000 1.0000 0.5867 -0.4122
 192 Y  0.4033 0.4633 0.6011 0.2089 -0.3044 -0.1722 0.5289
 193 A  -0.3889 -0.7556 -0.7522 -0.1900 -0.1889 1.0000 -0.5289
 194 V  0.7522 -0.3167 -0.2578 0.3678 -0.2122 -0.0344 1.0000
 195 V  0.7522 -0.3167 -0.2578 0.3678 -0.2122 -0.0344 1.0000
 196 D  -0.2367 -0.4633 -0.3122 -0.8522 -1.0000 -0.1722 -0.7056
 197 A  -0.3889 -0.7556 -0.7522 -0.1900 -0.1889 1.0000 -0.5289
 198 V  0.7522 -0.3167 -0.2578 0.3678 -0.2122 -0.0344 1.0000
 199 D  -0.2367 -0.4633 -0.3122 -0.8522 -1.0000 -0.1722 -0.7056
 200 N  -0.2367 -0.3656 -0.2700 -0.7489 -0.0833 -0.4478 -0.5878
 201 S  -0.3744 -0.7078 -0.6044 -0.4044 -0.2944 -0.5178 -0.2356
 202 Q  -0.2556 -0.1222 -0.0222 -0.5156 -0.3067 0.5867 -0.4122
 203 L  0.2367 -0.0733 -0.0100 0.6622 -0.2067 0.7933 -0.0589
 204 E  -0.2556 -0.2678 -0.0644 -0.7733 -0.9644 1.0000 -0.6467
 205 V  0.7522 -0.3167 -0.2578 0.3678 -0.2122 -0.0344 1.0000
 206 L  0.2367 -0.0733 -0.0100 0.6622 -0.2067 0.7933 -0.0589
 207 A  -0.3889 -0.7556 -0.7522 -0.1900 -0.1889 1.0000 -0.5289
 208 E  -0.2556 -0.2678 -0.0644 -0.7733 -0.9644 1.0000 -0.6467
 209 A  -0.3889 -0.7556 -0.7522 -0.1900 -0.1889 1.0000 -0.5289
 210 V  0.7522 -0.3167 -0.2578 0.3678 -0.2122 -0.0344 1.0000
 211 A  -0.3889 -0.7556 -0.7522 -0.1900 -0.1889 1.0000 -0.5289
 212 D  -0.2367 -0.4633 -0.3122 -0.8522 -1.0000 -0.1722 -0.7056
 213 F  0.4033 0.4144 0.4578 0.7178 -0.3022 0.1722 0.3533
 214 K  -0.0978 0.0733 0.1811 -0.9878 0.8078 0.3100 -0.2944
 215 L  0.2367 -0.0733 -0.0100 0.6622 -0.2067 0.7933 -0.0589
 216 V  0.7522 -0.3167 -0.2578 0.3678 -0.2122 -0.0344 1.0000
 217 T  0.4467 -0.4633 -0.3567 -0.2211 -0.3200 -0.4478 0.2356
 218 G  -1.0000 -1.0000 -1.0000 -0.3800 -0.1989 -1.0000 -1.0000
 219 G  -1.0000 -1.0000 -1.0000 -0.3800 -0.1989 -1.0000 -1.0000
 220 S  -0.3744 -0.7078 -0.6044 -0.4044 -0.2944 -0.5178 -0.2356
 221 G  -1.0000 -1.0000 -1.0000 -0.3800 -0.1989 -1.0000 -1.0000
 222 L  0.2367 -0.0733 -0.0100 0.6622 -0.2067 0.7933 -0.0589
 223 G  -1.0000 -1.0000 -1.0000 -0.3800 -0.1989 -1.0000 -1.0000
 224 A  -0.3889 -0.7556 -0.7522 -0.1900 -0.1889 1.0000 -0.5289
 225 Y  0.4033 0.4633 0.6011 0.2089 -0.3044 -0.1722 0.5289
 226 M  0.1222 0.0733 0.0967 0.3744 -0.2911 0.7244 -0.0011
 227 A  -0.3889 -0.7556 -0.7522 -0.1900 -0.1889 1.0000 -0.5289
 228 A  -0.3889 -0.7556 -0.7522 -0.1900 -0.1889 1.0000 -0.5289
 229 R  0.1167 0.4144 0.5178 -1.0000 1.0000 0.5867 -0.4122
 230 L  0.2367 -0.0733 -0.0100 0.6622 -0.2067 0.7933 -0.0589
 231 S  -0.3744 -0.7078 -0.6044 -0.4044 -0.2944 -0.5178 -0.2356
 232 G  -1.0000 -1.0000 -1.0000 -0.3800 -0.1989 -1.0000 -1.0000
 233 G  -1.0000 -1.0000 -1.0000 -0.3800 -0.1989 -1.0000 -1.0000
 234 K  -0.0978 0.0733 0.1811 -0.9878 0.8078 0.3100 -0.2944
 235 K  -0.0978 0.0733 0.1811 -0.9878 0.8078 0.3100 -0.2944
 236 G  -1.0000 -1.0000 -1.0000 -0.3800 -0.1989 -1.0000 -1.0000
 237 T  0.4467 -0.4633 -0.3567 -0.2211 -0.3200 -0.4478 0.2356
 238 N  -0.2367 -0.3656 -0.2700 -0.7489 -0.0833 -0.4478 -0.5878
 239 A  -0.3889 -0.7556 -0.7522 -0.1900 -0.1889 1.0000 -0.5289
 240 F  0.4033 0.4144 0.4578 0.7178 -0.3022 0.1722 0.3533
 241 T  0.4467 -0.4633 -0.3567 -0.2211 -0.3200 -0.4478 0.2356
 242 P  0.2744 -1.0000 -0.3267 0.0611 -0.0111 -1.0000 0.1178
 243 T  0.4467 -0.4633 -0.3567 -0.2211 -0.3200 -0.4478 0.2356
 244 K  -0.0978 0.0733 0.1811 -0.9878 0.8078 0.3100 -0.2944
 245 G  -1.0000 -1.0000 -1.0000 -0.3800 -0.1989 -1.0000 -1.0000
 246 K  -0.0978 0.0733 0.1811 -0.9878 0.8078 0.3100 -0.2944
 247 T  0.4467 -0.4633 -0.3567 -0.2211 -0.3200 -0.4478 0.2356
 248 V  0.7522 -0.3167 -0.2578 0.3678 -0.2122 -0.0344 1.0000
 249 V  0.7522 -0.3167 -0.2578 0.3678 -0.2122 -0.0344 1.0000
 250 L  0.2367 -0.0733 -0.0100 0.6622 -0.2067 0.7933 -0.0589
 251 S  -0.3744 -0.7078 -0.6044 -0.4044 -0.2944 -0.5178 -0.2356
 252 G  -1.0000 -1.0000 -1.0000 -0.3800 -0.1989 -1.0000 -1.0000
 253 S  -0.3744 -0.7078 -0.6044 -0.4044 -0.2944 -0.5178 -0.2356
 254 C  -0.1556 -0.3656 -0.3989 0.5644 -0.1267 -0.7244 0.5289
 255 S  -0.3744 -0.7078 -0.6044 -0.4044 -0.2944 -0.5178 -0.2356
 256 V  0.7522 -0.3167 -0.2578 0.3678 -0.2122 -0.0344 1.0000
 257 M  0.1222 0.0733 0.0967 0.3744 -0.2911 0.7244 -0.0011
 258 T  0.4467 -0.4633 -0.3567 -0.2211 -0.3200 -0.4478 0.2356
 259 N  -0.2367 -0.3656 -0.2700 -0.7489 -0.0833 -0.4478 -0.5878
 260 K  -0.0978 0.0733 0.1811 -0.9878 0.8078 0.3100 -0.2944
 261 Q  -0.2556 -0.1222 -0.0222 -0.5156 -0.3067 0.5867 -0.4122
 262 V  0.7522 -0.3167 -0.2578 0.3678 -0.2122 -0.0344 1.0000
 263 E  -0.2556 -0.2678 -0.0644 -0.7733 -0.9644 1.0000 -0.6467
 264 K  -0.0978 0.0733 0.1811 -0.9878 0.8078 0.3100 -0.2944
 265 Y  0.4033 0.4633 0.6011 0.2089 -0.3044 -0.1722 0.5289
 266 R  0.1167 0.4144 0.5178 -1.0000 1.0000 0.5867 -0.4122
 267 E  -0.2556 -0.2678 -0.0644 -0.7733 -0.9644 1.0000 -0.6467
 268 K  -0.0978 0.0733 0.1811 -0.9878 0.8078 0.3100 -0.2944
 269 A  -0.3889 -0.7556 -0.7522 -0.1900 -0.1889 1.0000 -0.5289
 270 P  0.2744 -1.0000 -0.3267 0.0611 -0.0111 -1.0000 0.1178
 271 H  0.4267 0.1222 0.1533 -0.3011 0.2167 -0.0344 -0.1178
 272 F  0.4033 0.4144 0.4578 0.7178 -0.3022 0.1722 0.3533
 273 Q  -0.2556 -0.1222 -0.0222 -0.5156 -0.3067 0.5867 -0.4122
 274 L  0.2367 -0.0733 -0.0100 0.6622 -0.2067 0.7933 -0.0589
 275 D  -0.2367 -0.4633 -0.3122 -0.8522 -1.0000 -0.1722 -0.7056
 276 V  0.7522 -0.3167 -0.2578 0.3678 -0.2122 -0.0344 1.0000
 277 E  -0.2556 -0.2678 -0.0644 -0.7733 -0.9644 1.0000 -0.6467
 278 Q  -0.2556 -0.1222 -0.0222 -0.5156 -0.3067 0.5867 -0.4122
 279 A  -0.3889 -0.7556 -0.7522 -0.1900 -0.1889 1.0000 -0.5289
 280 I  1.0000 -0.0733 -0.0100 0.7244 -0.2067 0.1722 0.7644
 281 H  0.4267 0.1222 0.1533 -0.3011 0.2167 -0.0344 -0.1178
 282 N  -0.2367 -0.3656 -0.2700 -0.7489 -0.0833 -0.4478 -0.5878
 283 E  -0.2556 -0.2678 -0.0644 -0.7733 -0.9644 1.0000 -0.6467
 284 N  -0.2367 -0.3656 -0.2700 -0.7489 -0.0833 -0.4478 -0.5878
 285 Y  0.4033 0.4633 0.6011 0.2089 -0.3044 -0.1722 0.5289
 286 I  1.0000 -0.0733 -0.0100 0.7244 -0.2067 0.1722 0.7644
 287 E  -0.2556 -0.2678 -0.0644 -0.7733 -0.9644 1.0000 -0.6467
 288 Q  -0.2556 -0.1222 -0.0222 -0.5156 -0.3067 0.5867 -0.4122
 289 L  0.2367 -0.0733 -0.0100 0.6622 -0.2067 0.7933 -0.0589
 290 Y  0.4033 0.4633 0.6011 0.2089 -0.3044 -0.1722 0.5289
 291 Q  -0.2556 -0.1222 -0.0222 -0.5156 -0.3067 0.5867 -0.4122
 292 W  0.5322 1.0000 1.0000 1.0000 -0.2322 0.3100 0.5878
 293 V  0.7522 -0.3167 -0.2578 0.3678 -0.2122 -0.0344 1.0000
 294 I  1.0000 -0.0733 -0.0100 0.7244 -0.2067 0.1722 0.7644
 295 A  -0.3889 -0.7556 -0.7522 -0.1900 -0.1889 1.0000 -0.5289
 296 N  -0.2367 -0.3656 -0.2700 -0.7489 -0.0833 -0.4478 -0.5878
 297 L  0.2367 -0.0733 -0.0100 0.6622 -0.2067 0.7933 -0.0589
 298 D  -0.2367 -0.4633 -0.3122 -0.8522 -1.0000 -0.1722 -0.7056
 299 S  -0.3744 -0.7078 -0.6044 -0.4044 -0.2944 -0.5178 -0.2356
 300 E  -0.2556 -0.2678 -0.0644 -0.7733 -0.9644 1.0000 -0.6467
 301 F  0.4033 0.4144 0.4578 0.7178 -0.3022 0.1722 0.3533
 302 A  -0.3889 -0.7556 -0.7522 -0.1900 -0.1889 1.0000 -0.5289
 303 P  0.2744 -1.0000 -0.3267 0.0611 -0.0111 -1.0000 0.1178
 304 M  0.1222 0.0733 0.0967 0.3744 -0.2911 0.7244 -0.0011
 305 V  0.7522 -0.3167 -0.2578 0.3678 -0.2122 -0.0344 1.0000
 306 Y  0.4033 0.4633 0.6011 0.2089 -0.3044 -0.1722 0.5289
 307 A  -0.3889 -0.7556 -0.7522 -0.1900 -0.1889 1.0000 -0.5289
 308 T  0.4467 -0.4633 -0.3567 -0.2211 -0.3200 -0.4478 0.2356
 309 V  0.7522 -0.3167 -0.2578 0.3678 -0.2122 -0.0344 1.0000
 310 P  0.2744 -1.0000 -0.3267 0.0611 -0.0111 -1.0000 0.1178
 311 P  0.2744 -1.0000 -0.3267 0.0611 -0.0111 -1.0000 0.1178
 312 D  -0.2367 -0.4633 -0.3122 -0.8522 -1.0000 -0.1722 -0.7056
 313 A  -0.3889 -0.7556 -0.7522 -0.1900 -0.1889 1.0000 -0.5289
 314 L  0.2367 -0.0733 -0.0100 0.6622 -0.2067 0.7933 -0.0589
 315 K  -0.0978 0.0733 0.1811 -0.9878 0.8078 0.3100 -0.2944
 316 A  -0.3889 -0.7556 -0.7522 -0.1900 -0.1889 1.0000 -0.5289
 317 I  1.0000 -0.0733 -0.0100 0.7244 -0.2067 0.1722 0.7644
 318 Q  -0.2556 -0.1222 -0.0222 -0.5156 -0.3067 0.5867 -0.4122
 319 H  0.4267 0.1222 0.1533 -0.3011 0.2167 -0.0344 -0.1178
 320 Q  -0.2556 -0.1222 -0.0222 -0.5156 -0.3067 0.5867 -0.4122
 321 F  0.4033 0.4144 0.4578 0.7178 -0.3022 0.1722 0.3533
 322 G  -1.0000 -1.0000 -1.0000 -0.3800 -0.1989 -1.0000 -1.0000
 323 V  0.7522 -0.3167 -0.2578 0.3678 -0.2122 -0.0344 1.0000
 324 D  -0.2367 -0.4633 -0.3122 -0.8522 -1.0000 -0.1722 -0.7056
 325 Q  -0.2556 -0.1222 -0.0222 -0.5156 -0.3067 0.5867 -0.4122
 326 A  -0.3889 -0.7556 -0.7522 -0.1900 -0.1889 1.0000 -0.5289
 327 S  -0.3744 -0.7078 -0.6044 -0.4044 -0.2944 -0.5178 -0.2356
 328 H  0.4267 0.1222 0.1533 -0.3011 0.2167 -0.0344 -0.1178
 329 A  -0.3889 -0.7556 -0.7522 -0.1900 -0.1889 1.0000 -0.5289
 330 I  1.0000 -0.0733 -0.0100 0.7244 -0.2067 0.1722 0.7644
 331 E  -0.2556 -0.2678 -0.0644 -0.7733 -0.9644 1.0000 -0.6467
 332 N  -0.2367 -0.3656 -0.2700 -0.7489 -0.0833 -0.4478 -0.5878
 333 T  0.4467 -0.4633 -0.3567 -0.2211 -0.3200 -0.4478 0.2356
 334 F  0.4033 0.4144 0.4578 0.7178 -0.3022 0.1722 0.3533
 335 A  -0.3889 -0.7556 -0.7522 -0.1900 -0.1889 1.0000 -0.5289
 336 K  -0.0978 0.0733 0.1811 -0.9878 0.8078 0.3100 -0.2944
 337 L  0.2367 -0.0733 -0.0100 0.6622 -0.2067 0.7933 -0.0589
 338 A  -0.3889 -0.7556 -0.7522 -0.1900 -0.1889 1.0000 -0.5289
 339 A  -0.3889 -0.7556 -0.7522 -0.1900 -0.1889 1.0000 -0.5289
 340 K  -0.0978 0.0733 0.1811 -0.9878 0.8078 0.3100 -0.2944
 341 L  0.2367 -0.0733 -0.0100 0.6622 -0.2067 0.7933 -0.0589
 342 K  -0.0978 0.0733 0.1811 -0.9878 0.8078 0.3100 -0.2944
 343 Q  -0.2556 -0.1222 -0.0222 -0.5156 -0.3067 0.5867 -0.4122
 344 Y  0.4033 0.4633 0.6011 0.2089 -0.3044 -0.1722 0.5289
 345 G  -1.0000 -1.0000 -1.0000 -0.3800 -0.1989 -1.0000 -1.0000
 346 V  0.7522 -0.3167 -0.2578 0.3678 -0.2122 -0.0344 1.0000
 347 T  0.4467 -0.4633 -0.3567 -0.2211 -0.3200 -0.4478 0.2356
 348 N  -0.2367 -0.3656 -0.2700 -0.7489 -0.0833 -0.4478 -0.5878
 349 F  0.4033 0.4144 0.4578 0.7178 -0.3022 0.1722 0.3533
 350 I  1.0000 -0.0733 -0.0100 0.7244 -0.2067 0.1722 0.7644
 351 T  0.4467 -0.4633 -0.3567 -0.2211 -0.3200 -0.4478 0.2356
 352 A  -0.3889 -0.7556 -0.7522 -0.1900 -0.1889 1.0000 -0.5289
 353 G  -1.0000 -1.0000 -1.0000 -0.3800 -0.1989 -1.0000 -1.0000
 354 G  -1.0000 -1.0000 -1.0000 -0.3800 -0.1989 -1.0000 -1.0000
 355 E  -0.2556 -0.2678 -0.0644 -0.7733 -0.9644 1.0000 -0.6467
 356 T  0.4467 -0.4633 -0.3567 -0.2211 -0.3200 -0.4478 0.2356
 357 S  -0.3744 -0.7078 -0.6044 -0.4044 -0.2944 -0.5178 -0.2356
 358 S  -0.3744 -0.7078 -0.6044 -0.4044 -0.2944 -0.5178 -0.2356
 359 I  1.0000 -0.0733 -0.0100 0.7244 -0.2067 0.1722 0.7644
 360 V  0.7522 -0.3167 -0.2578 0.3678 -0.2122 -0.0344 1.0000
 361 V  0.7522 -0.3167 -0.2578 0.3678 -0.2122 -0.0344 1.0000
 362 Q  -0.2556 -0.1222 -0.0222 -0.5156 -0.3067 0.5867 -0.4122
 363 E  -0.2556 -0.2678 -0.0644 -0.7733 -0.9644 1.0000 -0.6467
 364 L  0.2367 -0.0733 -0.0100 0.6622 -0.2067 0.7933 -0.0589
 365 G  -1.0000 -1.0000 -1.0000 -0.3800 -0.1989 -1.0000 -1.0000
 366 F  0.4033 0.4144 0.4578 0.7178 -0.3022 0.1722 0.3533
 367 T  0.4467 -0.4633 -0.3567 -0.2211 -0.3200 -0.4478 0.2356
 368 G  -1.0000 -1.0000 -1.0000 -0.3800 -0.1989 -1.0000 -1.0000
 369 F  0.4033 0.4144 0.4578 0.7178 -0.3022 0.1722 0.3533
 370 H  0.4267 0.1222 0.1533 -0.3011 0.2167 -0.0344 -0.1178
 371 I  1.0000 -0.0733 -0.0100 0.7244 -0.2067 0.1722 0.7644
 372 G  -1.0000 -1.0000 -1.0000 -0.3800 -0.1989 -1.0000 -1.0000
 373 K  -0.0978 0.0733 0.1811 -0.9878 0.8078 0.3100 -0.2944
 374 Q  -0.2556 -0.1222 -0.0222 -0.5156 -0.3067 0.5867 -0.4122
 375 I  1.0000 -0.0733 -0.0100 0.7244 -0.2067 0.1722 0.7644
 376 A  -0.3889 -0.7556 -0.7522 -0.1900 -0.1889 1.0000 -0.5289
 377 P  0.2744 -1.0000 -0.3267 0.0611 -0.0111 -1.0000 0.1178
 378 G  -1.0000 -1.0000 -1.0000 -0.3800 -0.1989 -1.0000 -1.0000
 379 V  0.7522 -0.3167 -0.2578 0.3678 -0.2122 -0.0344 1.0000
 380 P  0.2744 -1.0000 -0.3267 0.0611 -0.0111 -1.0000 0.1178
 381 W  0.5322 1.0000 1.0000 1.0000 -0.2322 0.3100 0.5878
 382 L  0.2367 -0.0733 -0.0100 0.6622 -0.2067 0.7933 -0.0589
 383 K  -0.0978 0.0733 0.1811 -0.9878 0.8078 0.3100 -0.2944
 384 A  -0.3889 -0.7556 -0.7522 -0.1900 -0.1889 1.0000 -0.5289
 385 V  0.7522 -0.3167 -0.2578 0.3678 -0.2122 -0.0344 1.0000
 386 E  -0.2556 -0.2678 -0.0644 -0.7733 -0.9644 1.0000 -0.6467
 387 E  -0.2556 -0.2678 -0.0644 -0.7733 -0.9644 1.0000 -0.6467
 388 D  -0.2367 -0.4633 -0.3122 -0.8522 -1.0000 -0.1722 -0.7056
 389 I  1.0000 -0.0733 -0.0100 0.7244 -0.2067 0.1722 0.7644
 390 F  0.4033 0.4144 0.4578 0.7178 -0.3022 0.1722 0.3533
 391 L  0.2367 -0.0733 -0.0100 0.6622 -0.2067 0.7933 -0.0589
 392 A  -0.3889 -0.7556 -0.7522 -0.1900 -0.1889 1.0000 -0.5289
 393 L  0.2367 -0.0733 -0.0100 0.6622 -0.2067 0.7933 -0.0589
 394 K  -0.0978 0.0733 0.1811 -0.9878 0.8078 0.3100 -0.2944
 395 S  -0.3744 -0.7078 -0.6044 -0.4044 -0.2944 -0.5178 -0.2356
 396 G  -1.0000 -1.0000 -1.0000 -0.3800 -0.1989 -1.0000 -1.0000
 397 N  -0.2367 -0.3656 -0.2700 -0.7489 -0.0833 -0.4478 -0.5878
 398 F  0.4033 0.4144 0.4578 0.7178 -0.3022 0.1722 0.3533
 399 G  -1.0000 -1.0000 -1.0000 -0.3800 -0.1989 -1.0000 -1.0000
 400 K  -0.0978 0.0733 0.1811 -0.9878 0.8078 0.3100 -0.2944
 401 E  -0.2556 -0.2678 -0.0644 -0.7733 -0.9644 1.0000 -0.6467
 402 D  -0.2367 -0.4633 -0.3122 -0.8522 -1.0000 -0.1722 -0.7056
 403 F  0.4033 0.4144 0.4578 0.7178 -0.3022 0.1722 0.3533
 404 F  0.4033 0.4144 0.4578 0.7178 -0.3022 0.1722 0.3533
 405 E  -0.2556 -0.2678 -0.0644 -0.7733 -0.9644 1.0000 -0.6467
 406 Y  0.4033 0.4633 0.6011 0.2089 -0.3044 -0.1722 0.5289
 407 A  -0.3889 -0.7556 -0.7522 -0.1900 -0.1889 1.0000 -0.5289
 408 Q  -0.2556 -0.1222 -0.0222 -0.5156 -0.3067 0.5867 -0.4122
 409 G  -1.0000 -1.0000 -1.0000 -0.3800 -0.1989 -1.0000 -1.0000
 410 M  0.1222 0.0733 0.0967 0.3744 -0.2911 0.7244 -0.0011
 411 F  0.4033 0.4144 0.4578 0.7178 -0.3022 0.1722 0.3533
 412 L  0.2367 -0.0733 -0.0100 0.6622 -0.2067 0.7933 -0.0589
