 216 K  -0.0978 0.0733 0.1811 -0.9878 0.8078 0.3100 -0.2944
 217 N  -0.2367 -0.3656 -0.2700 -0.7489 -0.0833 -0.4478 -0.5878
 218 S  -0.3744 -0.7078 -0.6044 -0.4044 -0.2944 -0.5178 -0.2356
 219 K  -0.0978 0.0733 0.1811 -0.9878 0.8078 0.3100 -0.2944
 220 F  0.4033 0.4144 0.4578 0.7178 -0.3022 0.1722 0.3533
 221 K  -0.0978 0.0733 0.1811 -0.9878 0.8078 0.3100 -0.2944
 222 N  -0.2367 -0.3656 -0.2700 -0.7489 -0.0833 -0.4478 -0.5878
 223 F  0.4033 0.4144 0.4578 0.7178 -0.3022 0.1722 0.3533
 224 R  0.1167 0.4144 0.5178 -1.0000 1.0000 0.5867 -0.4122
 225 V  0.7522 -0.3167 -0.2578 0.3678 -0.2122 -0.0344 1.0000
 226 Y  0.4033 0.4633 0.6011 0.2089 -0.3044 -0.1722 0.5289
 227 Y  0.4033 0.4633 0.6011 0.2089 -0.3044 -0.1722 0.5289
 228 R  0.1167 0.4144 0.5178 -1.0000 1.0000 0.5867 -0.4122
 229 E  -0.2556 -0.2678 -0.0644 -0.7733 -0.9644 1.0000 -0.6467
 230 G  -1.0000 -1.0000 -1.0000 -0.3800 -0.1989 -1.0000 -1.0000
 231 R  0.1167 0.4144 0.5178 -1.0000 1.0000 0.5867 -0.4122
 232 D  -0.2367 -0.4633 -0.3122 -0.8522 -1.0000 -0.1722 -0.7056
 233 Q  -0.2556 -0.1222 -0.0222 -0.5156 -0.3067 0.5867 -0.4122
 234 L  0.2367 -0.0733 -0.0100 0.6622 -0.2067 0.7933 -0.0589
 235 W  0.5322 1.0000 1.0000 1.0000 -0.2322 0.3100 0.5878
 236 K  -0.0978 0.0733 0.1811 -0.9878 0.8078 0.3100 -0.2944
 237 G  -1.0000 -1.0000 -1.0000 -0.3800 -0.1989 -1.0000 -1.0000
 238 P  0.2744 -1.0000 -0.3267 0.0611 -0.0111 -1.0000 0.1178
 239 G  -1.0000 -1.0000 -1.0000 -0.3800 -0.1989 -1.0000 -1.0000
 240 E  -0.2556 -0.2678 -0.0644 -0.7733 -0.9644 1.0000 -0.6467
 241 L  0.2367 -0.0733 -0.0100 0.6622 -0.2067 0.7933 -0.0589
 242 L  0.2367 -0.0733 -0.0100 0.6622 -0.2067 0.7933 -0.0589
 243 W  0.5322 1.0000 1.0000 1.0000 -0.2322 0.3100 0.5878
 244 K  -0.0978 0.0733 0.1811 -0.9878 0.8078 0.3100 -0.2944
 245 G  -1.0000 -1.0000 -1.0000 -0.3800 -0.1989 -1.0000 -1.0000
 246 E  -0.2556 -0.2678 -0.0644 -0.7733 -0.9644 1.0000 -0.6467
 247 G  -1.0000 -1.0000 -1.0000 -0.3800 -0.1989 -1.0000 -1.0000
 248 A  -0.3889 -0.7556 -0.7522 -0.1900 -0.1889 1.0000 -0.5289
 249 V  0.7522 -0.3167 -0.2578 0.3678 -0.2122 -0.0344 1.0000
 250 L  0.2367 -0.0733 -0.0100 0.6622 -0.2067 0.7933 -0.0589
 251 L  0.2367 -0.0733 -0.0100 0.6622 -0.2067 0.7933 -0.0589
 252 K  -0.0978 0.0733 0.1811 -0.9878 0.8078 0.3100 -0.2944
 253 V  0.7522 -0.3167 -0.2578 0.3678 -0.2122 -0.0344 1.0000
 254 G  -1.0000 -1.0000 -1.0000 -0.3800 -0.1989 -1.0000 -1.0000
 255 T  0.4467 -0.4633 -0.3567 -0.2211 -0.3200 -0.4478 0.2356
 256 D  -0.2367 -0.4633 -0.3122 -0.8522 -1.0000 -0.1722 -0.7056
 257 I  1.0000 -0.0733 -0.0100 0.7244 -0.2067 0.1722 0.7644
 258 K  -0.0978 0.0733 0.1811 -0.9878 0.8078 0.3100 -0.2944
 259 V  0.7522 -0.3167 -0.2578 0.3678 -0.2122 -0.0344 1.0000
 260 V  0.7522 -0.3167 -0.2578 0.3678 -0.2122 -0.0344 1.0000
 261 P  0.2744 -1.0000 -0.3267 0.0611 -0.0111 -1.0000 0.1178
 262 R  0.1167 0.4144 0.5178 -1.0000 1.0000 0.5867 -0.4122
 263 R  0.1167 0.4144 0.5178 -1.0000 1.0000 0.5867 -0.4122
 264 K  -0.0978 0.0733 0.1811 -0.9878 0.8078 0.3100 -0.2944
 265 A  -0.3889 -0.7556 -0.7522 -0.1900 -0.1889 1.0000 -0.5289
 266 K  -0.0978 0.0733 0.1811 -0.9878 0.8078 0.3100 -0.2944
 267 I  1.0000 -0.0733 -0.0100 0.7244 -0.2067 0.1722 0.7644
 268 I  1.0000 -0.0733 -0.0100 0.7244 -0.2067 0.1722 0.7644
 269 K  -0.0978 0.0733 0.1811 -0.9878 0.8078 0.3100 -0.2944
 270 D  -0.2367 -0.4633 -0.3122 -0.8522 -1.0000 -0.1722 -0.7056
