 1 G    0.0000 -0.2727 -0.0909 -0.1818 -0.3636 -0.1818 -0.2727  0.5455 -0.2727 -0.4545 -0.3636 -0.1818 -0.3636 -0.3636 -0.2727 -0.0909 -0.1818 -0.3636 -0.3636 -0.3636 -0.0909 -0.4545 -0.2727 -0.0909 -0.5455
 2 H   -0.1818  0.0000  0.0000 -0.1818 -0.3636  0.0909  0.0000 -0.2727  0.7273 -0.3636 -0.2727 -0.0909 -0.1818 -0.1818 -0.2727 -0.0909 -0.1818 -0.2727  0.1818 -0.3636 -0.0909 -0.3636  0.0000 -0.0909 -0.5455
 ! !    0.0000  0.0000  0.0000  0.0000  0.0000  0.0000  0.0000  0.0000  0.0000  0.0000  0.0000  0.0000  0.0000  0.0000  0.0000  0.0000  0.0000  0.0000  0.0000  0.0000  0.0000  0.0000  0.0000  0.0000  0.0000
 4 I   -0.1818 -0.2727 -0.3636 -0.3636 -0.1818 -0.2727 -0.3636 -0.4545 -0.3636  0.4545  0.0909 -0.2727  0.0909 -0.0909 -0.3636 -0.2727 -0.0909 -0.2727 -0.1818  0.2727 -0.3636  0.2727 -0.3636 -0.0909 -0.5455
 ! !    0.0000  0.0000  0.0000  0.0000  0.0000  0.0000  0.0000  0.0000  0.0000  0.0000  0.0000  0.0000  0.0000  0.0000  0.0000  0.0000  0.0000  0.0000  0.0000  0.0000  0.0000  0.0000  0.0000  0.0000  0.0000
 6 A    0.4545 -0.1818 -0.1818 -0.1818 -0.0909 -0.0909 -0.0909  0.0000 -0.1818 -0.1818 -0.1818 -0.0909 -0.0909 -0.2727 -0.0909  0.0909  0.0000 -0.2727 -0.1818  0.0000 -0.1818 -0.1818 -0.0909 -0.0909 -0.5455
 7 N   -0.1818 -0.0909  0.5455  0.0909 -0.2727  0.0000 -0.0909 -0.0909  0.0000 -0.3636 -0.3636  0.0000 -0.2727 -0.3636 -0.2727  0.0000  0.0000 -0.3636 -0.2727 -0.3636  0.4545 -0.3636  0.0000 -0.0909 -0.5455
 8 W   -0.2727 -0.3636 -0.3636 -0.5455 -0.2727 -0.2727 -0.3636 -0.3636 -0.2727 -0.2727 -0.1818 -0.3636 -0.1818  0.0000 -0.4545 -0.3636 -0.3636  1.0000  0.1818 -0.2727 -0.4545 -0.2727 -0.2727 -0.0909 -0.5455
 9 Q   -0.0909  0.0909  0.0000 -0.0909 -0.3636  0.5455  0.1818 -0.1818  0.0909 -0.2727 -0.2727  0.0909  0.0000 -0.3636 -0.1818  0.0000 -0.0909 -0.2727 -0.1818 -0.2727  0.0000 -0.2727  0.3636 -0.0909 -0.5455
 10 S    0.0909 -0.0909  0.0000 -0.0909 -0.1818  0.0000  0.0000 -0.0909 -0.0909 -0.2727 -0.2727 -0.0909 -0.1818 -0.2727 -0.0909  0.4545  0.0909 -0.3636 -0.1818 -0.1818  0.0000 -0.2727  0.0000 -0.0909 -0.5455
 11 I   -0.1818 -0.2727 -0.3636 -0.3636 -0.1818 -0.2727 -0.3636 -0.4545 -0.3636  0.4545  0.0909 -0.2727  0.0909 -0.0909 -0.3636 -0.2727 -0.0909 -0.2727 -0.1818  0.2727 -0.3636  0.2727 -0.3636 -0.0909 -0.5455
 12 D   -0.1818 -0.1818  0.0909  0.5455 -0.3636 -0.0909  0.0909 -0.1818 -0.1818 -0.3636 -0.4545 -0.0909 -0.3636 -0.3636 -0.1818 -0.0909 -0.0909 -0.5455 -0.3636 -0.3636  0.4545 -0.4545  0.0909 -0.0909 -0.5455
 13 E   -0.0909 -0.0909 -0.0909  0.0909 -0.4545  0.1818  0.5455 -0.2727  0.0000 -0.3636 -0.3636  0.0909 -0.1818 -0.3636 -0.1818  0.0000 -0.0909 -0.3636 -0.2727 -0.2727  0.0909 -0.3636  0.4545 -0.0909 -0.5455
 14 L   -0.1818 -0.2727 -0.3636 -0.4545 -0.1818 -0.2727 -0.3636 -0.3636 -0.2727  0.0909  0.3636 -0.2727  0.1818  0.0000 -0.2727 -0.2727 -0.1818 -0.1818 -0.1818  0.0909 -0.3636  0.2727 -0.2727 -0.0909 -0.5455
 15 Q   -0.0909  0.0909  0.0000 -0.0909 -0.3636  0.5455  0.1818 -0.1818  0.0909 -0.2727 -0.2727  0.0909  0.0000 -0.3636 -0.1818  0.0000 -0.0909 -0.2727 -0.1818 -0.2727  0.0000 -0.2727  0.3636 -0.0909 -0.5455
 16 D   -0.1818 -0.1818  0.0909  0.5455 -0.3636 -0.0909  0.0909 -0.1818 -0.1818 -0.3636 -0.4545 -0.0909 -0.3636 -0.3636 -0.1818 -0.0909 -0.0909 -0.5455 -0.3636 -0.3636  0.4545 -0.4545  0.0909 -0.0909 -0.5455
 17 I   -0.1818 -0.2727 -0.3636 -0.3636 -0.1818 -0.2727 -0.3636 -0.4545 -0.3636  0.4545  0.0909 -0.2727  0.0909 -0.0909 -0.3636 -0.2727 -0.0909 -0.2727 -0.1818  0.2727 -0.3636  0.2727 -0.3636 -0.0909 -0.5455
 18 A    0.4545 -0.1818 -0.1818 -0.1818 -0.0909 -0.0909 -0.0909  0.0000 -0.1818 -0.1818 -0.1818 -0.0909 -0.0909 -0.2727 -0.0909  0.0909  0.0000 -0.2727 -0.1818  0.0000 -0.1818 -0.1818 -0.0909 -0.0909 -0.5455
 19 S    0.0909 -0.0909  0.0000 -0.0909 -0.1818  0.0000  0.0000 -0.0909 -0.0909 -0.2727 -0.2727 -0.0909 -0.1818 -0.2727 -0.0909  0.4545  0.0909 -0.3636 -0.1818 -0.1818  0.0000 -0.2727  0.0000 -0.0909 -0.5455
 20 D   -0.1818 -0.1818  0.0909  0.5455 -0.3636 -0.0909  0.0909 -0.1818 -0.1818 -0.3636 -0.4545 -0.0909 -0.3636 -0.3636 -0.1818 -0.0909 -0.0909 -0.5455 -0.3636 -0.3636  0.4545 -0.4545  0.0909 -0.0909 -0.5455
 21 L   -0.1818 -0.2727 -0.3636 -0.4545 -0.1818 -0.2727 -0.3636 -0.3636 -0.2727  0.0909  0.3636 -0.2727  0.1818  0.0000 -0.2727 -0.2727 -0.1818 -0.1818 -0.1818  0.0909 -0.3636  0.2727 -0.2727 -0.0909 -0.5455
 22 P   -0.0909 -0.1818 -0.2727 -0.1818 -0.3636 -0.1818 -0.1818 -0.2727 -0.2727 -0.3636 -0.2727 -0.0909 -0.2727 -0.3636  0.7273 -0.0909 -0.1818 -0.4545 -0.3636 -0.2727 -0.1818 -0.3636 -0.1818 -0.0909 -0.5455
 23 R   -0.1818  0.5455 -0.0909 -0.1818 -0.3636  0.0909 -0.0909 -0.2727  0.0000 -0.2727 -0.2727  0.1818 -0.1818 -0.3636 -0.1818 -0.0909 -0.0909 -0.3636 -0.2727 -0.2727 -0.0909 -0.2727  0.0000 -0.0909 -0.5455
 24 F   -0.2727 -0.3636 -0.3636 -0.3636 -0.2727 -0.3636 -0.3636 -0.3636 -0.1818 -0.0909  0.0000 -0.3636  0.0000  0.5455 -0.3636 -0.2727 -0.1818  0.0000  0.2727 -0.0909 -0.3636  0.0000 -0.3636 -0.0909 -0.5455
 25 I   -0.1818 -0.2727 -0.3636 -0.3636 -0.1818 -0.2727 -0.3636 -0.4545 -0.3636  0.4545  0.0909 -0.2727  0.0909 -0.0909 -0.3636 -0.2727 -0.0909 -0.2727 -0.1818  0.2727 -0.3636  0.2727 -0.3636 -0.0909 -0.5455
 26 H   -0.1818  0.0000  0.0000 -0.1818 -0.3636  0.0909  0.0000 -0.2727  0.7273 -0.3636 -0.2727 -0.0909 -0.1818 -0.1818 -0.2727 -0.0909 -0.1818 -0.2727  0.1818 -0.3636 -0.0909 -0.3636  0.0000 -0.0909 -0.5455
 27 A    0.4545 -0.1818 -0.1818 -0.1818 -0.0909 -0.0909 -0.0909  0.0000 -0.1818 -0.1818 -0.1818 -0.0909 -0.0909 -0.2727 -0.0909  0.0909  0.0000 -0.2727 -0.1818  0.0000 -0.1818 -0.1818 -0.0909 -0.0909 -0.5455
 28 L   -0.1818 -0.2727 -0.3636 -0.4545 -0.1818 -0.2727 -0.3636 -0.3636 -0.2727  0.0909  0.3636 -0.2727  0.1818  0.0000 -0.2727 -0.2727 -0.1818 -0.1818 -0.1818  0.0909 -0.3636  0.2727 -0.2727 -0.0909 -0.5455
 29 D   -0.1818 -0.1818  0.0909  0.5455 -0.3636 -0.0909  0.0909 -0.1818 -0.1818 -0.3636 -0.4545 -0.0909 -0.3636 -0.3636 -0.1818 -0.0909 -0.0909 -0.5455 -0.3636 -0.3636  0.4545 -0.4545  0.0909 -0.0909 -0.5455
 30 E   -0.0909 -0.0909 -0.0909  0.0909 -0.4545  0.1818  0.5455 -0.2727  0.0000 -0.3636 -0.3636  0.0909 -0.1818 -0.3636 -0.1818  0.0000 -0.0909 -0.3636 -0.2727 -0.2727  0.0909 -0.3636  0.4545 -0.0909 -0.5455
 31 L   -0.1818 -0.2727 -0.3636 -0.4545 -0.1818 -0.2727 -0.3636 -0.3636 -0.2727  0.0909  0.3636 -0.2727  0.1818  0.0000 -0.2727 -0.2727 -0.1818 -0.1818 -0.1818  0.0909 -0.3636  0.2727 -0.2727 -0.0909 -0.5455
 32 S    0.0909 -0.0909  0.0000 -0.0909 -0.1818  0.0000  0.0000 -0.0909 -0.0909 -0.2727 -0.2727 -0.0909 -0.1818 -0.2727 -0.0909  0.4545  0.0909 -0.3636 -0.1818 -0.1818  0.0000 -0.2727  0.0000 -0.0909 -0.5455
 33 R   -0.1818  0.5455 -0.0909 -0.1818 -0.3636  0.0909 -0.0909 -0.2727  0.0000 -0.2727 -0.2727  0.1818 -0.1818 -0.3636 -0.1818 -0.0909 -0.0909 -0.3636 -0.2727 -0.2727 -0.0909 -0.2727  0.0000 -0.0909 -0.5455
 34 R   -0.1818  0.5455 -0.0909 -0.1818 -0.3636  0.0909 -0.0909 -0.2727  0.0000 -0.2727 -0.2727  0.1818 -0.1818 -0.3636 -0.1818 -0.0909 -0.0909 -0.3636 -0.2727 -0.2727 -0.0909 -0.2727  0.0000 -0.0909 -0.5455
 35 L   -0.1818 -0.2727 -0.3636 -0.4545 -0.1818 -0.2727 -0.3636 -0.3636 -0.2727  0.0909  0.3636 -0.2727  0.1818  0.0000 -0.2727 -0.2727 -0.1818 -0.1818 -0.1818  0.0909 -0.3636  0.2727 -0.2727 -0.0909 -0.5455
 36 G    0.0000 -0.2727 -0.0909 -0.1818 -0.3636 -0.1818 -0.2727  0.5455 -0.2727 -0.4545 -0.3636 -0.1818 -0.3636 -0.3636 -0.2727 -0.0909 -0.1818 -0.3636 -0.3636 -0.3636 -0.0909 -0.4545 -0.2727 -0.0909 -0.5455
 37 L   -0.1818 -0.2727 -0.3636 -0.4545 -0.1818 -0.2727 -0.3636 -0.3636 -0.2727  0.0909  0.3636 -0.2727  0.1818  0.0000 -0.2727 -0.2727 -0.1818 -0.1818 -0.1818  0.0909 -0.3636  0.2727 -0.2727 -0.0909 -0.5455
 38 N   -0.1818 -0.0909  0.5455  0.0909 -0.2727  0.0000 -0.0909 -0.0909  0.0000 -0.3636 -0.3636  0.0000 -0.2727 -0.3636 -0.2727  0.0000  0.0000 -0.3636 -0.2727 -0.3636  0.4545 -0.3636  0.0000 -0.0909 -0.5455
 39 I   -0.1818 -0.2727 -0.3636 -0.3636 -0.1818 -0.2727 -0.3636 -0.4545 -0.3636  0.4545  0.0909 -0.2727  0.0909 -0.0909 -0.3636 -0.2727 -0.0909 -0.2727 -0.1818  0.2727 -0.3636  0.2727 -0.3636 -0.0909 -0.5455
 40 T    0.0000 -0.0909  0.0000 -0.0909 -0.0909 -0.0909 -0.0909 -0.1818 -0.1818 -0.0909 -0.1818 -0.0909 -0.0909 -0.1818 -0.1818  0.0909  0.4545 -0.3636 -0.1818  0.0000 -0.0909 -0.0909 -0.0909 -0.0909 -0.5455
 41 P   -0.0909 -0.1818 -0.2727 -0.1818 -0.3636 -0.1818 -0.1818 -0.2727 -0.2727 -0.3636 -0.2727 -0.0909 -0.2727 -0.3636  0.7273 -0.0909 -0.1818 -0.4545 -0.3636 -0.2727 -0.1818 -0.3636 -0.1818 -0.0909 -0.5455
 42 L   -0.1818 -0.2727 -0.3636 -0.4545 -0.1818 -0.2727 -0.3636 -0.3636 -0.2727  0.0909  0.3636 -0.2727  0.1818  0.0000 -0.2727 -0.2727 -0.1818 -0.1818 -0.1818  0.0909 -0.3636  0.2727 -0.2727 -0.0909 -0.5455
 43 T    0.0000 -0.0909  0.0000 -0.0909 -0.0909 -0.0909 -0.0909 -0.1818 -0.1818 -0.0909 -0.1818 -0.0909 -0.0909 -0.1818 -0.1818  0.0909  0.4545 -0.3636 -0.1818  0.0000 -0.0909 -0.0909 -0.0909 -0.0909 -0.5455
 44 A    0.4545 -0.1818 -0.1818 -0.1818 -0.0909 -0.0909 -0.0909  0.0000 -0.1818 -0.1818 -0.1818 -0.0909 -0.0909 -0.2727 -0.0909  0.0909  0.0000 -0.2727 -0.1818  0.0000 -0.1818 -0.1818 -0.0909 -0.0909 -0.5455
 45 D   -0.1818 -0.1818  0.0909  0.5455 -0.3636 -0.0909  0.0909 -0.1818 -0.1818 -0.3636 -0.4545 -0.0909 -0.3636 -0.3636 -0.1818 -0.0909 -0.0909 -0.5455 -0.3636 -0.3636  0.4545 -0.4545  0.0909 -0.0909 -0.5455
 46 H   -0.1818  0.0000  0.0000 -0.1818 -0.3636  0.0909  0.0000 -0.2727  0.7273 -0.3636 -0.2727 -0.0909 -0.1818 -0.1818 -0.2727 -0.0909 -0.1818 -0.2727  0.1818 -0.3636 -0.0909 -0.3636  0.0000 -0.0909 -0.5455
 47 I   -0.1818 -0.2727 -0.3636 -0.3636 -0.1818 -0.2727 -0.3636 -0.4545 -0.3636  0.4545  0.0909 -0.2727  0.0909 -0.0909 -0.3636 -0.2727 -0.0909 -0.2727 -0.1818  0.2727 -0.3636  0.2727 -0.3636 -0.0909 -0.5455
 48 S    0.0909 -0.0909  0.0000 -0.0909 -0.1818  0.0000  0.0000 -0.0909 -0.0909 -0.2727 -0.2727 -0.0909 -0.1818 -0.2727 -0.0909  0.4545  0.0909 -0.3636 -0.1818 -0.1818  0.0000 -0.2727  0.0000 -0.0909 -0.5455
 49 L   -0.1818 -0.2727 -0.3636 -0.4545 -0.1818 -0.2727 -0.3636 -0.3636 -0.2727  0.0909  0.3636 -0.2727  0.1818  0.0000 -0.2727 -0.2727 -0.1818 -0.1818 -0.1818  0.0909 -0.3636  0.2727 -0.2727 -0.0909 -0.5455
 50 R   -0.1818  0.5455 -0.0909 -0.1818 -0.3636  0.0909 -0.0909 -0.2727  0.0000 -0.2727 -0.2727  0.1818 -0.1818 -0.3636 -0.1818 -0.0909 -0.0909 -0.3636 -0.2727 -0.2727 -0.0909 -0.2727  0.0000 -0.0909 -0.5455
 51 C   -0.0909 -0.3636 -0.2727 -0.3636  0.8182 -0.3636 -0.4545 -0.3636 -0.3636 -0.1818 -0.1818 -0.3636 -0.1818 -0.2727 -0.3636 -0.1818 -0.0909 -0.2727 -0.2727 -0.0909 -0.3636 -0.1818 -0.3636 -0.0909 -0.5455
 52 H   -0.1818  0.0000  0.0000 -0.1818 -0.3636  0.0909  0.0000 -0.2727  0.7273 -0.3636 -0.2727 -0.0909 -0.1818 -0.1818 -0.2727 -0.0909 -0.1818 -0.2727  0.1818 -0.3636 -0.0909 -0.3636  0.0000 -0.0909 -0.5455
 53 Q   -0.0909  0.0909  0.0000 -0.0909 -0.3636  0.5455  0.1818 -0.1818  0.0909 -0.2727 -0.2727  0.0909  0.0000 -0.3636 -0.1818  0.0000 -0.0909 -0.2727 -0.1818 -0.2727  0.0000 -0.2727  0.3636 -0.0909 -0.5455
 54 N   -0.1818 -0.0909  0.5455  0.0909 -0.2727  0.0000 -0.0909 -0.0909  0.0000 -0.3636 -0.3636  0.0000 -0.2727 -0.3636 -0.2727  0.0000  0.0000 -0.3636 -0.2727 -0.3636  0.4545 -0.3636  0.0000 -0.0909 -0.5455
 55 A    0.4545 -0.1818 -0.1818 -0.1818 -0.0909 -0.0909 -0.0909  0.0000 -0.1818 -0.1818 -0.1818 -0.0909 -0.0909 -0.2727 -0.0909  0.0909  0.0000 -0.2727 -0.1818  0.0000 -0.1818 -0.1818 -0.0909 -0.0909 -0.5455
 56 T    0.0000 -0.0909  0.0000 -0.0909 -0.0909 -0.0909 -0.0909 -0.1818 -0.1818 -0.0909 -0.1818 -0.0909 -0.0909 -0.1818 -0.1818  0.0909  0.4545 -0.3636 -0.1818  0.0000 -0.0909 -0.0909 -0.0909 -0.0909 -0.5455
 57 A    0.4545 -0.1818 -0.1818 -0.1818 -0.0909 -0.0909 -0.0909  0.0000 -0.1818 -0.1818 -0.1818 -0.0909 -0.0909 -0.2727 -0.0909  0.0909  0.0000 -0.2727 -0.1818  0.0000 -0.1818 -0.1818 -0.0909 -0.0909 -0.5455
 58 E   -0.0909 -0.0909 -0.0909  0.0909 -0.4545  0.1818  0.5455 -0.2727  0.0000 -0.3636 -0.3636  0.0909 -0.1818 -0.3636 -0.1818  0.0000 -0.0909 -0.3636 -0.2727 -0.2727  0.0909 -0.3636  0.4545 -0.0909 -0.5455
 59 R   -0.1818  0.5455 -0.0909 -0.1818 -0.3636  0.0909 -0.0909 -0.2727  0.0000 -0.2727 -0.2727  0.1818 -0.1818 -0.3636 -0.1818 -0.0909 -0.0909 -0.3636 -0.2727 -0.2727 -0.0909 -0.2727  0.0000 -0.0909 -0.5455
 60 W   -0.2727 -0.3636 -0.3636 -0.5455 -0.2727 -0.2727 -0.3636 -0.3636 -0.2727 -0.2727 -0.1818 -0.3636 -0.1818  0.0000 -0.4545 -0.3636 -0.3636  1.0000  0.1818 -0.2727 -0.4545 -0.2727 -0.2727 -0.0909 -0.5455
 61 R   -0.1818  0.5455 -0.0909 -0.1818 -0.3636  0.0909 -0.0909 -0.2727  0.0000 -0.2727 -0.2727  0.1818 -0.1818 -0.3636 -0.1818 -0.0909 -0.0909 -0.3636 -0.2727 -0.2727 -0.0909 -0.2727  0.0000 -0.0909 -0.5455
 62 R   -0.1818  0.5455 -0.0909 -0.1818 -0.3636  0.0909 -0.0909 -0.2727  0.0000 -0.2727 -0.2727  0.1818 -0.1818 -0.3636 -0.1818 -0.0909 -0.0909 -0.3636 -0.2727 -0.2727 -0.0909 -0.2727  0.0000 -0.0909 -0.5455
 63 G    0.0000 -0.2727 -0.0909 -0.1818 -0.3636 -0.1818 -0.2727  0.5455 -0.2727 -0.4545 -0.3636 -0.1818 -0.3636 -0.3636 -0.2727 -0.0909 -0.1818 -0.3636 -0.3636 -0.3636 -0.0909 -0.4545 -0.2727 -0.0909 -0.5455
 64 F   -0.2727 -0.3636 -0.3636 -0.3636 -0.2727 -0.3636 -0.3636 -0.3636 -0.1818 -0.0909  0.0000 -0.3636  0.0000  0.5455 -0.3636 -0.2727 -0.1818  0.0000  0.2727 -0.0909 -0.3636  0.0000 -0.3636 -0.0909 -0.5455
 65 E   -0.0909 -0.0909 -0.0909  0.0909 -0.4545  0.1818  0.5455 -0.2727  0.0000 -0.3636 -0.3636  0.0909 -0.1818 -0.3636 -0.1818  0.0000 -0.0909 -0.3636 -0.2727 -0.2727  0.0909 -0.3636  0.4545 -0.0909 -0.5455
 66 Q   -0.0909  0.0909  0.0000 -0.0909 -0.3636  0.5455  0.1818 -0.1818  0.0909 -0.2727 -0.2727  0.0909  0.0000 -0.3636 -0.1818  0.0000 -0.0909 -0.2727 -0.1818 -0.2727  0.0000 -0.2727  0.3636 -0.0909 -0.5455
 67 C   -0.0909 -0.3636 -0.2727 -0.3636  0.8182 -0.3636 -0.4545 -0.3636 -0.3636 -0.1818 -0.1818 -0.3636 -0.1818 -0.2727 -0.3636 -0.1818 -0.0909 -0.2727 -0.2727 -0.0909 -0.3636 -0.1818 -0.3636 -0.0909 -0.5455
 68 G    0.0000 -0.2727 -0.0909 -0.1818 -0.3636 -0.1818 -0.2727  0.5455 -0.2727 -0.4545 -0.3636 -0.1818 -0.3636 -0.3636 -0.2727 -0.0909 -0.1818 -0.3636 -0.3636 -0.3636 -0.0909 -0.4545 -0.2727 -0.0909 -0.5455
 69 E   -0.0909 -0.0909 -0.0909  0.0909 -0.4545  0.1818  0.5455 -0.2727  0.0000 -0.3636 -0.3636  0.0909 -0.1818 -0.3636 -0.1818  0.0000 -0.0909 -0.3636 -0.2727 -0.2727  0.0909 -0.3636  0.4545 -0.0909 -0.5455
 70 L   -0.1818 -0.2727 -0.3636 -0.4545 -0.1818 -0.2727 -0.3636 -0.3636 -0.2727  0.0909  0.3636 -0.2727  0.1818  0.0000 -0.2727 -0.2727 -0.1818 -0.1818 -0.1818  0.0909 -0.3636  0.2727 -0.2727 -0.0909 -0.5455
 71 L   -0.1818 -0.2727 -0.3636 -0.4545 -0.1818 -0.2727 -0.3636 -0.3636 -0.2727  0.0909  0.3636 -0.2727  0.1818  0.0000 -0.2727 -0.2727 -0.1818 -0.1818 -0.1818  0.0909 -0.3636  0.2727 -0.2727 -0.0909 -0.5455
 72 S    0.0909 -0.0909  0.0000 -0.0909 -0.1818  0.0000  0.0000 -0.0909 -0.0909 -0.2727 -0.2727 -0.0909 -0.1818 -0.2727 -0.0909  0.4545  0.0909 -0.3636 -0.1818 -0.1818  0.0000 -0.2727  0.0000 -0.0909 -0.5455
 73 E   -0.0909 -0.0909 -0.0909  0.0909 -0.4545  0.1818  0.5455 -0.2727  0.0000 -0.3636 -0.3636  0.0909 -0.1818 -0.3636 -0.1818  0.0000 -0.0909 -0.3636 -0.2727 -0.2727  0.0909 -0.3636  0.4545 -0.0909 -0.5455
 74 N   -0.1818 -0.0909  0.5455  0.0909 -0.2727  0.0000 -0.0909 -0.0909  0.0000 -0.3636 -0.3636  0.0000 -0.2727 -0.3636 -0.2727  0.0000  0.0000 -0.3636 -0.2727 -0.3636  0.4545 -0.3636  0.0000 -0.0909 -0.5455
 ! !    0.0000  0.0000  0.0000  0.0000  0.0000  0.0000  0.0000  0.0000  0.0000  0.0000  0.0000  0.0000  0.0000  0.0000  0.0000  0.0000  0.0000  0.0000  0.0000  0.0000  0.0000  0.0000  0.0000  0.0000  0.0000
 76 I   -0.1818 -0.2727 -0.3636 -0.3636 -0.1818 -0.2727 -0.3636 -0.4545 -0.3636  0.4545  0.0909 -0.2727  0.0909 -0.0909 -0.3636 -0.2727 -0.0909 -0.2727 -0.1818  0.2727 -0.3636  0.2727 -0.3636 -0.0909 -0.5455
 77 N   -0.1818 -0.0909  0.5455  0.0909 -0.2727  0.0000 -0.0909 -0.0909  0.0000 -0.3636 -0.3636  0.0000 -0.2727 -0.3636 -0.2727  0.0000  0.0000 -0.3636 -0.2727 -0.3636  0.4545 -0.3636  0.0000 -0.0909 -0.5455
 78 G    0.0000 -0.2727 -0.0909 -0.1818 -0.3636 -0.1818 -0.2727  0.5455 -0.2727 -0.4545 -0.3636 -0.1818 -0.3636 -0.3636 -0.2727 -0.0909 -0.1818 -0.3636 -0.3636 -0.3636 -0.0909 -0.4545 -0.2727 -0.0909 -0.5455
 79 R   -0.1818  0.5455 -0.0909 -0.1818 -0.3636  0.0909 -0.0909 -0.2727  0.0000 -0.2727 -0.2727  0.1818 -0.1818 -0.3636 -0.1818 -0.0909 -0.0909 -0.3636 -0.2727 -0.2727 -0.0909 -0.2727  0.0000 -0.0909 -0.5455
 80 P   -0.0909 -0.1818 -0.2727 -0.1818 -0.3636 -0.1818 -0.1818 -0.2727 -0.2727 -0.3636 -0.2727 -0.0909 -0.2727 -0.3636  0.7273 -0.0909 -0.1818 -0.4545 -0.3636 -0.2727 -0.1818 -0.3636 -0.1818 -0.0909 -0.5455
 81 I   -0.1818 -0.2727 -0.3636 -0.3636 -0.1818 -0.2727 -0.3636 -0.4545 -0.3636  0.4545  0.0909 -0.2727  0.0909 -0.0909 -0.3636 -0.2727 -0.0909 -0.2727 -0.1818  0.2727 -0.3636  0.2727 -0.3636 -0.0909 -0.5455
 82 C   -0.0909 -0.3636 -0.2727 -0.3636  0.8182 -0.3636 -0.4545 -0.3636 -0.3636 -0.1818 -0.1818 -0.3636 -0.1818 -0.2727 -0.3636 -0.1818 -0.0909 -0.2727 -0.2727 -0.0909 -0.3636 -0.1818 -0.3636 -0.0909 -0.5455
 83 L   -0.1818 -0.2727 -0.3636 -0.4545 -0.1818 -0.2727 -0.3636 -0.3636 -0.2727  0.0909  0.3636 -0.2727  0.1818  0.0000 -0.2727 -0.2727 -0.1818 -0.1818 -0.1818  0.0909 -0.3636  0.2727 -0.2727 -0.0909 -0.5455
 84 F   -0.2727 -0.3636 -0.3636 -0.3636 -0.2727 -0.3636 -0.3636 -0.3636 -0.1818 -0.0909  0.0000 -0.3636  0.0000  0.5455 -0.3636 -0.2727 -0.1818  0.0000  0.2727 -0.0909 -0.3636  0.0000 -0.3636 -0.0909 -0.5455
 85 K   -0.0909  0.1818  0.0000 -0.0909 -0.3636  0.0909  0.0909 -0.1818 -0.0909 -0.2727 -0.2727  0.4545 -0.1818 -0.3636 -0.0909 -0.0909 -0.0909 -0.3636 -0.2727 -0.2727 -0.0909 -0.2727  0.0909 -0.0909 -0.5455
 86 L   -0.1818 -0.2727 -0.3636 -0.4545 -0.1818 -0.2727 -0.3636 -0.3636 -0.2727  0.0909  0.3636 -0.2727  0.1818  0.0000 -0.2727 -0.2727 -0.1818 -0.1818 -0.1818  0.0909 -0.3636  0.2727 -0.2727 -0.0909 -0.5455
 87 H   -0.1818  0.0000  0.0000 -0.1818 -0.3636  0.0909  0.0000 -0.2727  0.7273 -0.3636 -0.2727 -0.0909 -0.1818 -0.1818 -0.2727 -0.0909 -0.1818 -0.2727  0.1818 -0.3636 -0.0909 -0.3636  0.0000 -0.0909 -0.5455
 88 E   -0.0909 -0.0909 -0.0909  0.0909 -0.4545  0.1818  0.5455 -0.2727  0.0000 -0.3636 -0.3636  0.0909 -0.1818 -0.3636 -0.1818  0.0000 -0.0909 -0.3636 -0.2727 -0.2727  0.0909 -0.3636  0.4545 -0.0909 -0.5455
 89 P   -0.0909 -0.1818 -0.2727 -0.1818 -0.3636 -0.1818 -0.1818 -0.2727 -0.2727 -0.3636 -0.2727 -0.0909 -0.2727 -0.3636  0.7273 -0.0909 -0.1818 -0.4545 -0.3636 -0.2727 -0.1818 -0.3636 -0.1818 -0.0909 -0.5455
 90 V    0.0000 -0.2727 -0.3636 -0.3636 -0.0909 -0.2727 -0.2727 -0.3636 -0.3636  0.2727  0.0909 -0.2727  0.0909 -0.0909 -0.2727 -0.1818  0.0000 -0.2727 -0.1818  0.3636 -0.3636  0.1818 -0.2727 -0.0909 -0.5455
 91 Q   -0.0909  0.0909  0.0000 -0.0909 -0.3636  0.5455  0.1818 -0.1818  0.0909 -0.2727 -0.2727  0.0909  0.0000 -0.3636 -0.1818  0.0000 -0.0909 -0.2727 -0.1818 -0.2727  0.0000 -0.2727  0.3636 -0.0909 -0.5455
 92 V    0.0000 -0.2727 -0.3636 -0.3636 -0.0909 -0.2727 -0.2727 -0.3636 -0.3636  0.2727  0.0909 -0.2727  0.0909 -0.0909 -0.2727 -0.1818  0.0000 -0.2727 -0.1818  0.3636 -0.3636  0.1818 -0.2727 -0.0909 -0.5455
 93 A    0.4545 -0.1818 -0.1818 -0.1818 -0.0909 -0.0909 -0.0909  0.0000 -0.1818 -0.1818 -0.1818 -0.0909 -0.0909 -0.2727 -0.0909  0.0909  0.0000 -0.2727 -0.1818  0.0000 -0.1818 -0.1818 -0.0909 -0.0909 -0.5455
 94 H   -0.1818  0.0000  0.0000 -0.1818 -0.3636  0.0909  0.0000 -0.2727  0.7273 -0.3636 -0.2727 -0.0909 -0.1818 -0.1818 -0.2727 -0.0909 -0.1818 -0.2727  0.1818 -0.3636 -0.0909 -0.3636  0.0000 -0.0909 -0.5455
 95 W   -0.2727 -0.3636 -0.3636 -0.5455 -0.2727 -0.2727 -0.3636 -0.3636 -0.2727 -0.2727 -0.1818 -0.3636 -0.1818  0.0000 -0.4545 -0.3636 -0.3636  1.0000  0.1818 -0.2727 -0.4545 -0.2727 -0.2727 -0.0909 -0.5455
 96 Q   -0.0909  0.0909  0.0000 -0.0909 -0.3636  0.5455  0.1818 -0.1818  0.0909 -0.2727 -0.2727  0.0909  0.0000 -0.3636 -0.1818  0.0000 -0.0909 -0.2727 -0.1818 -0.2727  0.0000 -0.2727  0.3636 -0.0909 -0.5455
 97 F   -0.2727 -0.3636 -0.3636 -0.3636 -0.2727 -0.3636 -0.3636 -0.3636 -0.1818 -0.0909  0.0000 -0.3636  0.0000  0.5455 -0.3636 -0.2727 -0.1818  0.0000  0.2727 -0.0909 -0.3636  0.0000 -0.3636 -0.0909 -0.5455
 98 S    0.0909 -0.0909  0.0000 -0.0909 -0.1818  0.0000  0.0000 -0.0909 -0.0909 -0.2727 -0.2727 -0.0909 -0.1818 -0.2727 -0.0909  0.4545  0.0909 -0.3636 -0.1818 -0.1818  0.0000 -0.2727  0.0000 -0.0909 -0.5455
 99 I   -0.1818 -0.2727 -0.3636 -0.3636 -0.1818 -0.2727 -0.3636 -0.4545 -0.3636  0.4545  0.0909 -0.2727  0.0909 -0.0909 -0.3636 -0.2727 -0.0909 -0.2727 -0.1818  0.2727 -0.3636  0.2727 -0.3636 -0.0909 -0.5455
 100 V    0.0000 -0.2727 -0.3636 -0.3636 -0.0909 -0.2727 -0.2727 -0.3636 -0.3636  0.2727  0.0909 -0.2727  0.0909 -0.0909 -0.2727 -0.1818  0.0000 -0.2727 -0.1818  0.3636 -0.3636  0.1818 -0.2727 -0.0909 -0.5455
 101 E   -0.0909 -0.0909 -0.0909  0.0909 -0.4545  0.1818  0.5455 -0.2727  0.0000 -0.3636 -0.3636  0.0909 -0.1818 -0.3636 -0.1818  0.0000 -0.0909 -0.3636 -0.2727 -0.2727  0.0909 -0.3636  0.4545 -0.0909 -0.5455
 102 L   -0.1818 -0.2727 -0.3636 -0.4545 -0.1818 -0.2727 -0.3636 -0.3636 -0.2727  0.0909  0.3636 -0.2727  0.1818  0.0000 -0.2727 -0.2727 -0.1818 -0.1818 -0.1818  0.0909 -0.3636  0.2727 -0.2727 -0.0909 -0.5455
 103 P   -0.0909 -0.1818 -0.2727 -0.1818 -0.3636 -0.1818 -0.1818 -0.2727 -0.2727 -0.3636 -0.2727 -0.0909 -0.2727 -0.3636  0.7273 -0.0909 -0.1818 -0.4545 -0.3636 -0.2727 -0.1818 -0.3636 -0.1818 -0.0909 -0.5455
 104 W   -0.2727 -0.3636 -0.3636 -0.5455 -0.2727 -0.2727 -0.3636 -0.3636 -0.2727 -0.2727 -0.1818 -0.3636 -0.1818  0.0000 -0.4545 -0.3636 -0.3636  1.0000  0.1818 -0.2727 -0.4545 -0.2727 -0.2727 -0.0909 -0.5455
 105 P   -0.0909 -0.1818 -0.2727 -0.1818 -0.3636 -0.1818 -0.1818 -0.2727 -0.2727 -0.3636 -0.2727 -0.0909 -0.2727 -0.3636  0.7273 -0.0909 -0.1818 -0.4545 -0.3636 -0.2727 -0.1818 -0.3636 -0.1818 -0.0909 -0.5455
 106 G    0.0000 -0.2727 -0.0909 -0.1818 -0.3636 -0.1818 -0.2727  0.5455 -0.2727 -0.4545 -0.3636 -0.1818 -0.3636 -0.3636 -0.2727 -0.0909 -0.1818 -0.3636 -0.3636 -0.3636 -0.0909 -0.4545 -0.2727 -0.0909 -0.5455
 107 E   -0.0909 -0.0909 -0.0909  0.0909 -0.4545  0.1818  0.5455 -0.2727  0.0000 -0.3636 -0.3636  0.0909 -0.1818 -0.3636 -0.1818  0.0000 -0.0909 -0.3636 -0.2727 -0.2727  0.0909 -0.3636  0.4545 -0.0909 -0.5455
 108 K   -0.0909  0.1818  0.0000 -0.0909 -0.3636  0.0909  0.0909 -0.1818 -0.0909 -0.2727 -0.2727  0.4545 -0.1818 -0.3636 -0.0909 -0.0909 -0.0909 -0.3636 -0.2727 -0.2727 -0.0909 -0.2727  0.0909 -0.0909 -0.5455
 109 R   -0.1818  0.5455 -0.0909 -0.1818 -0.3636  0.0909 -0.0909 -0.2727  0.0000 -0.2727 -0.2727  0.1818 -0.1818 -0.3636 -0.1818 -0.0909 -0.0909 -0.3636 -0.2727 -0.2727 -0.0909 -0.2727  0.0000 -0.0909 -0.5455
 110 Y   -0.1818 -0.2727 -0.2727 -0.3636 -0.2727 -0.1818 -0.2727 -0.3636  0.1818 -0.1818 -0.1818 -0.2727 -0.1818  0.2727 -0.3636 -0.1818 -0.1818  0.1818  0.6364 -0.1818 -0.2727 -0.1818 -0.2727 -0.0909 -0.5455
 111 P   -0.0909 -0.1818 -0.2727 -0.1818 -0.3636 -0.1818 -0.1818 -0.2727 -0.2727 -0.3636 -0.2727 -0.0909 -0.2727 -0.3636  0.7273 -0.0909 -0.1818 -0.4545 -0.3636 -0.2727 -0.1818 -0.3636 -0.1818 -0.0909 -0.5455
 112 H   -0.1818  0.0000  0.0000 -0.1818 -0.3636  0.0909  0.0000 -0.2727  0.7273 -0.3636 -0.2727 -0.0909 -0.1818 -0.1818 -0.2727 -0.0909 -0.1818 -0.2727  0.1818 -0.3636 -0.0909 -0.3636  0.0000 -0.0909 -0.5455
 113 E   -0.0909 -0.0909 -0.0909  0.0909 -0.4545  0.1818  0.5455 -0.2727  0.0000 -0.3636 -0.3636  0.0909 -0.1818 -0.3636 -0.1818  0.0000 -0.0909 -0.3636 -0.2727 -0.2727  0.0909 -0.3636  0.4545 -0.0909 -0.5455
 114 G    0.0000 -0.2727 -0.0909 -0.1818 -0.3636 -0.1818 -0.2727  0.5455 -0.2727 -0.4545 -0.3636 -0.1818 -0.3636 -0.3636 -0.2727 -0.0909 -0.1818 -0.3636 -0.3636 -0.3636 -0.0909 -0.4545 -0.2727 -0.0909 -0.5455
 115 W   -0.2727 -0.3636 -0.3636 -0.5455 -0.2727 -0.2727 -0.3636 -0.3636 -0.2727 -0.2727 -0.1818 -0.3636 -0.1818  0.0000 -0.4545 -0.3636 -0.3636  1.0000  0.1818 -0.2727 -0.4545 -0.2727 -0.2727 -0.0909 -0.5455
 116 E   -0.0909 -0.0909 -0.0909  0.0909 -0.4545  0.1818  0.5455 -0.2727  0.0000 -0.3636 -0.3636  0.0909 -0.1818 -0.3636 -0.1818  0.0000 -0.0909 -0.3636 -0.2727 -0.2727  0.0909 -0.3636  0.4545 -0.0909 -0.5455
 117 H   -0.1818  0.0000  0.0000 -0.1818 -0.3636  0.0909  0.0000 -0.2727  0.7273 -0.3636 -0.2727 -0.0909 -0.1818 -0.1818 -0.2727 -0.0909 -0.1818 -0.2727  0.1818 -0.3636 -0.0909 -0.3636  0.0000 -0.0909 -0.5455
 118 I   -0.1818 -0.2727 -0.3636 -0.3636 -0.1818 -0.2727 -0.3636 -0.4545 -0.3636  0.4545  0.0909 -0.2727  0.0909 -0.0909 -0.3636 -0.2727 -0.0909 -0.2727 -0.1818  0.2727 -0.3636  0.2727 -0.3636 -0.0909 -0.5455
 119 E   -0.0909 -0.0909 -0.0909  0.0909 -0.4545  0.1818  0.5455 -0.2727  0.0000 -0.3636 -0.3636  0.0909 -0.1818 -0.3636 -0.1818  0.0000 -0.0909 -0.3636 -0.2727 -0.2727  0.0909 -0.3636  0.4545 -0.0909 -0.5455
 120 I   -0.1818 -0.2727 -0.3636 -0.3636 -0.1818 -0.2727 -0.3636 -0.4545 -0.3636  0.4545  0.0909 -0.2727  0.0909 -0.0909 -0.3636 -0.2727 -0.0909 -0.2727 -0.1818  0.2727 -0.3636  0.2727 -0.3636 -0.0909 -0.5455
 121 V    0.0000 -0.2727 -0.3636 -0.3636 -0.0909 -0.2727 -0.2727 -0.3636 -0.3636  0.2727  0.0909 -0.2727  0.0909 -0.0909 -0.2727 -0.1818  0.0000 -0.2727 -0.1818  0.3636 -0.3636  0.1818 -0.2727 -0.0909 -0.5455
 122 L   -0.1818 -0.2727 -0.3636 -0.4545 -0.1818 -0.2727 -0.3636 -0.3636 -0.2727  0.0909  0.3636 -0.2727  0.1818  0.0000 -0.2727 -0.2727 -0.1818 -0.1818 -0.1818  0.0909 -0.3636  0.2727 -0.2727 -0.0909 -0.5455
 123 P   -0.0909 -0.1818 -0.2727 -0.1818 -0.3636 -0.1818 -0.1818 -0.2727 -0.2727 -0.3636 -0.2727 -0.0909 -0.2727 -0.3636  0.7273 -0.0909 -0.1818 -0.4545 -0.3636 -0.2727 -0.1818 -0.3636 -0.1818 -0.0909 -0.5455
 124 G    0.0000 -0.2727 -0.0909 -0.1818 -0.3636 -0.1818 -0.2727  0.5455 -0.2727 -0.4545 -0.3636 -0.1818 -0.3636 -0.3636 -0.2727 -0.0909 -0.1818 -0.3636 -0.3636 -0.3636 -0.0909 -0.4545 -0.2727 -0.0909 -0.5455
 125 D   -0.1818 -0.1818  0.0909  0.5455 -0.3636 -0.0909  0.0909 -0.1818 -0.1818 -0.3636 -0.4545 -0.0909 -0.3636 -0.3636 -0.1818 -0.0909 -0.0909 -0.5455 -0.3636 -0.3636  0.4545 -0.4545  0.0909 -0.0909 -0.5455
 126 P   -0.0909 -0.1818 -0.2727 -0.1818 -0.3636 -0.1818 -0.1818 -0.2727 -0.2727 -0.3636 -0.2727 -0.0909 -0.2727 -0.3636  0.7273 -0.0909 -0.1818 -0.4545 -0.3636 -0.2727 -0.1818 -0.3636 -0.1818 -0.0909 -0.5455
 127 E   -0.0909 -0.0909 -0.0909  0.0909 -0.4545  0.1818  0.5455 -0.2727  0.0000 -0.3636 -0.3636  0.0909 -0.1818 -0.3636 -0.1818  0.0000 -0.0909 -0.3636 -0.2727 -0.2727  0.0909 -0.3636  0.4545 -0.0909 -0.5455
 128 T    0.0000 -0.0909  0.0000 -0.0909 -0.0909 -0.0909 -0.0909 -0.1818 -0.1818 -0.0909 -0.1818 -0.0909 -0.0909 -0.1818 -0.1818  0.0909  0.4545 -0.3636 -0.1818  0.0000 -0.0909 -0.0909 -0.0909 -0.0909 -0.5455
 129 L   -0.1818 -0.2727 -0.3636 -0.4545 -0.1818 -0.2727 -0.3636 -0.3636 -0.2727  0.0909  0.3636 -0.2727  0.1818  0.0000 -0.2727 -0.2727 -0.1818 -0.1818 -0.1818  0.0909 -0.3636  0.2727 -0.2727 -0.0909 -0.5455
 130 N   -0.1818 -0.0909  0.5455  0.0909 -0.2727  0.0000 -0.0909 -0.0909  0.0000 -0.3636 -0.3636  0.0000 -0.2727 -0.3636 -0.2727  0.0000  0.0000 -0.3636 -0.2727 -0.3636  0.4545 -0.3636  0.0000 -0.0909 -0.5455
 131 A    0.4545 -0.1818 -0.1818 -0.1818 -0.0909 -0.0909 -0.0909  0.0000 -0.1818 -0.1818 -0.1818 -0.0909 -0.0909 -0.2727 -0.0909  0.0909  0.0000 -0.2727 -0.1818  0.0000 -0.1818 -0.1818 -0.0909 -0.0909 -0.5455
 132 R   -0.1818  0.5455 -0.0909 -0.1818 -0.3636  0.0909 -0.0909 -0.2727  0.0000 -0.2727 -0.2727  0.1818 -0.1818 -0.3636 -0.1818 -0.0909 -0.0909 -0.3636 -0.2727 -0.2727 -0.0909 -0.2727  0.0000 -0.0909 -0.5455
 133 A    0.4545 -0.1818 -0.1818 -0.1818 -0.0909 -0.0909 -0.0909  0.0000 -0.1818 -0.1818 -0.1818 -0.0909 -0.0909 -0.2727 -0.0909  0.0909  0.0000 -0.2727 -0.1818  0.0000 -0.1818 -0.1818 -0.0909 -0.0909 -0.5455
 134 L   -0.1818 -0.2727 -0.3636 -0.4545 -0.1818 -0.2727 -0.3636 -0.3636 -0.2727  0.0909  0.3636 -0.2727  0.1818  0.0000 -0.2727 -0.2727 -0.1818 -0.1818 -0.1818  0.0909 -0.3636  0.2727 -0.2727 -0.0909 -0.5455
 135 A    0.4545 -0.1818 -0.1818 -0.1818 -0.0909 -0.0909 -0.0909  0.0000 -0.1818 -0.1818 -0.1818 -0.0909 -0.0909 -0.2727 -0.0909  0.0909  0.0000 -0.2727 -0.1818  0.0000 -0.1818 -0.1818 -0.0909 -0.0909 -0.5455
 136 L   -0.1818 -0.2727 -0.3636 -0.4545 -0.1818 -0.2727 -0.3636 -0.3636 -0.2727  0.0909  0.3636 -0.2727  0.1818  0.0000 -0.2727 -0.2727 -0.1818 -0.1818 -0.1818  0.0909 -0.3636  0.2727 -0.2727 -0.0909 -0.5455
 137 L   -0.1818 -0.2727 -0.3636 -0.4545 -0.1818 -0.2727 -0.3636 -0.3636 -0.2727  0.0909  0.3636 -0.2727  0.1818  0.0000 -0.2727 -0.2727 -0.1818 -0.1818 -0.1818  0.0909 -0.3636  0.2727 -0.2727 -0.0909 -0.5455
 138 S    0.0909 -0.0909  0.0000 -0.0909 -0.1818  0.0000  0.0000 -0.0909 -0.0909 -0.2727 -0.2727 -0.0909 -0.1818 -0.2727 -0.0909  0.4545  0.0909 -0.3636 -0.1818 -0.1818  0.0000 -0.2727  0.0000 -0.0909 -0.5455
 139 D   -0.1818 -0.1818  0.0909  0.5455 -0.3636 -0.0909  0.0909 -0.1818 -0.1818 -0.3636 -0.4545 -0.0909 -0.3636 -0.3636 -0.1818 -0.0909 -0.0909 -0.5455 -0.3636 -0.3636  0.4545 -0.4545  0.0909 -0.0909 -0.5455
 140 E   -0.0909 -0.0909 -0.0909  0.0909 -0.4545  0.1818  0.5455 -0.2727  0.0000 -0.3636 -0.3636  0.0909 -0.1818 -0.3636 -0.1818  0.0000 -0.0909 -0.3636 -0.2727 -0.2727  0.0909 -0.3636  0.4545 -0.0909 -0.5455
 141 G    0.0000 -0.2727 -0.0909 -0.1818 -0.3636 -0.1818 -0.2727  0.5455 -0.2727 -0.4545 -0.3636 -0.1818 -0.3636 -0.3636 -0.2727 -0.0909 -0.1818 -0.3636 -0.3636 -0.3636 -0.0909 -0.4545 -0.2727 -0.0909 -0.5455
 142 L   -0.1818 -0.2727 -0.3636 -0.4545 -0.1818 -0.2727 -0.3636 -0.3636 -0.2727  0.0909  0.3636 -0.2727  0.1818  0.0000 -0.2727 -0.2727 -0.1818 -0.1818 -0.1818  0.0909 -0.3636  0.2727 -0.2727 -0.0909 -0.5455
 143 S    0.0909 -0.0909  0.0000 -0.0909 -0.1818  0.0000  0.0000 -0.0909 -0.0909 -0.2727 -0.2727 -0.0909 -0.1818 -0.2727 -0.0909  0.4545  0.0909 -0.3636 -0.1818 -0.1818  0.0000 -0.2727  0.0000 -0.0909 -0.5455
 144 L   -0.1818 -0.2727 -0.3636 -0.4545 -0.1818 -0.2727 -0.3636 -0.3636 -0.2727  0.0909  0.3636 -0.2727  0.1818  0.0000 -0.2727 -0.2727 -0.1818 -0.1818 -0.1818  0.0909 -0.3636  0.2727 -0.2727 -0.0909 -0.5455
 145 P   -0.0909 -0.1818 -0.2727 -0.1818 -0.3636 -0.1818 -0.1818 -0.2727 -0.2727 -0.3636 -0.2727 -0.0909 -0.2727 -0.3636  0.7273 -0.0909 -0.1818 -0.4545 -0.3636 -0.2727 -0.1818 -0.3636 -0.1818 -0.0909 -0.5455
 146 G    0.0000 -0.2727 -0.0909 -0.1818 -0.3636 -0.1818 -0.2727  0.5455 -0.2727 -0.4545 -0.3636 -0.1818 -0.3636 -0.3636 -0.2727 -0.0909 -0.1818 -0.3636 -0.3636 -0.3636 -0.0909 -0.4545 -0.2727 -0.0909 -0.5455
 147 I   -0.1818 -0.2727 -0.3636 -0.3636 -0.1818 -0.2727 -0.3636 -0.4545 -0.3636  0.4545  0.0909 -0.2727  0.0909 -0.0909 -0.3636 -0.2727 -0.0909 -0.2727 -0.1818  0.2727 -0.3636  0.2727 -0.3636 -0.0909 -0.5455
 148 S    0.0909 -0.0909  0.0000 -0.0909 -0.1818  0.0000  0.0000 -0.0909 -0.0909 -0.2727 -0.2727 -0.0909 -0.1818 -0.2727 -0.0909  0.4545  0.0909 -0.3636 -0.1818 -0.1818  0.0000 -0.2727  0.0000 -0.0909 -0.5455
 149 V    0.0000 -0.2727 -0.3636 -0.3636 -0.0909 -0.2727 -0.2727 -0.3636 -0.3636  0.2727  0.0909 -0.2727  0.0909 -0.0909 -0.2727 -0.1818  0.0000 -0.2727 -0.1818  0.3636 -0.3636  0.1818 -0.2727 -0.0909 -0.5455
 150 K   -0.0909  0.1818  0.0000 -0.0909 -0.3636  0.0909  0.0909 -0.1818 -0.0909 -0.2727 -0.2727  0.4545 -0.1818 -0.3636 -0.0909 -0.0909 -0.0909 -0.3636 -0.2727 -0.2727 -0.0909 -0.2727  0.0909 -0.0909 -0.5455
 151 T    0.0000 -0.0909  0.0000 -0.0909 -0.0909 -0.0909 -0.0909 -0.1818 -0.1818 -0.0909 -0.1818 -0.0909 -0.0909 -0.1818 -0.1818  0.0909  0.4545 -0.3636 -0.1818  0.0000 -0.0909 -0.0909 -0.0909 -0.0909 -0.5455
 152 S    0.0909 -0.0909  0.0000 -0.0909 -0.1818  0.0000  0.0000 -0.0909 -0.0909 -0.2727 -0.2727 -0.0909 -0.1818 -0.2727 -0.0909  0.4545  0.0909 -0.3636 -0.1818 -0.1818  0.0000 -0.2727  0.0000 -0.0909 -0.5455
 ! !    0.0000  0.0000  0.0000  0.0000  0.0000  0.0000  0.0000  0.0000  0.0000  0.0000  0.0000  0.0000  0.0000  0.0000  0.0000  0.0000  0.0000  0.0000  0.0000  0.0000  0.0000  0.0000  0.0000  0.0000  0.0000
 160 R   -0.1818  0.5455 -0.0909 -0.1818 -0.3636  0.0909 -0.0909 -0.2727  0.0000 -0.2727 -0.2727  0.1818 -0.1818 -0.3636 -0.1818 -0.0909 -0.0909 -0.3636 -0.2727 -0.2727 -0.0909 -0.2727  0.0000 -0.0909 -0.5455
 161 L   -0.1818 -0.2727 -0.3636 -0.4545 -0.1818 -0.2727 -0.3636 -0.3636 -0.2727  0.0909  0.3636 -0.2727  0.1818  0.0000 -0.2727 -0.2727 -0.1818 -0.1818 -0.1818  0.0909 -0.3636  0.2727 -0.2727 -0.0909 -0.5455
 162 P   -0.0909 -0.1818 -0.2727 -0.1818 -0.3636 -0.1818 -0.1818 -0.2727 -0.2727 -0.3636 -0.2727 -0.0909 -0.2727 -0.3636  0.7273 -0.0909 -0.1818 -0.4545 -0.3636 -0.2727 -0.1818 -0.3636 -0.1818 -0.0909 -0.5455
 163 N   -0.1818 -0.0909  0.5455  0.0909 -0.2727  0.0000 -0.0909 -0.0909  0.0000 -0.3636 -0.3636  0.0000 -0.2727 -0.3636 -0.2727  0.0000  0.0000 -0.3636 -0.2727 -0.3636  0.4545 -0.3636  0.0000 -0.0909 -0.5455
 164 P   -0.0909 -0.1818 -0.2727 -0.1818 -0.3636 -0.1818 -0.1818 -0.2727 -0.2727 -0.3636 -0.2727 -0.0909 -0.2727 -0.3636  0.7273 -0.0909 -0.1818 -0.4545 -0.3636 -0.2727 -0.1818 -0.3636 -0.1818 -0.0909 -0.5455
 165 T    0.0000 -0.0909  0.0000 -0.0909 -0.0909 -0.0909 -0.0909 -0.1818 -0.1818 -0.0909 -0.1818 -0.0909 -0.0909 -0.1818 -0.1818  0.0909  0.4545 -0.3636 -0.1818  0.0000 -0.0909 -0.0909 -0.0909 -0.0909 -0.5455
 166 L   -0.1818 -0.2727 -0.3636 -0.4545 -0.1818 -0.2727 -0.3636 -0.3636 -0.2727  0.0909  0.3636 -0.2727  0.1818  0.0000 -0.2727 -0.2727 -0.1818 -0.1818 -0.1818  0.0909 -0.3636  0.2727 -0.2727 -0.0909 -0.5455
 167 A    0.4545 -0.1818 -0.1818 -0.1818 -0.0909 -0.0909 -0.0909  0.0000 -0.1818 -0.1818 -0.1818 -0.0909 -0.0909 -0.2727 -0.0909  0.0909  0.0000 -0.2727 -0.1818  0.0000 -0.1818 -0.1818 -0.0909 -0.0909 -0.5455
 168 V    0.0000 -0.2727 -0.3636 -0.3636 -0.0909 -0.2727 -0.2727 -0.3636 -0.3636  0.2727  0.0909 -0.2727  0.0909 -0.0909 -0.2727 -0.1818  0.0000 -0.2727 -0.1818  0.3636 -0.3636  0.1818 -0.2727 -0.0909 -0.5455
 169 T    0.0000 -0.0909  0.0000 -0.0909 -0.0909 -0.0909 -0.0909 -0.1818 -0.1818 -0.0909 -0.1818 -0.0909 -0.0909 -0.1818 -0.1818  0.0909  0.4545 -0.3636 -0.1818  0.0000 -0.0909 -0.0909 -0.0909 -0.0909 -0.5455
 170 D   -0.1818 -0.1818  0.0909  0.5455 -0.3636 -0.0909  0.0909 -0.1818 -0.1818 -0.3636 -0.4545 -0.0909 -0.3636 -0.3636 -0.1818 -0.0909 -0.0909 -0.5455 -0.3636 -0.3636  0.4545 -0.4545  0.0909 -0.0909 -0.5455
 171 G    0.0000 -0.2727 -0.0909 -0.1818 -0.3636 -0.1818 -0.2727  0.5455 -0.2727 -0.4545 -0.3636 -0.1818 -0.3636 -0.3636 -0.2727 -0.0909 -0.1818 -0.3636 -0.3636 -0.3636 -0.0909 -0.4545 -0.2727 -0.0909 -0.5455
 172 K   -0.0909  0.1818  0.0000 -0.0909 -0.3636  0.0909  0.0909 -0.1818 -0.0909 -0.2727 -0.2727  0.4545 -0.1818 -0.3636 -0.0909 -0.0909 -0.0909 -0.3636 -0.2727 -0.2727 -0.0909 -0.2727  0.0909 -0.0909 -0.5455
 173 T    0.0000 -0.0909  0.0000 -0.0909 -0.0909 -0.0909 -0.0909 -0.1818 -0.1818 -0.0909 -0.1818 -0.0909 -0.0909 -0.1818 -0.1818  0.0909  0.4545 -0.3636 -0.1818  0.0000 -0.0909 -0.0909 -0.0909 -0.0909 -0.5455
 174 T    0.0000 -0.0909  0.0000 -0.0909 -0.0909 -0.0909 -0.0909 -0.1818 -0.1818 -0.0909 -0.1818 -0.0909 -0.0909 -0.1818 -0.1818  0.0909  0.4545 -0.3636 -0.1818  0.0000 -0.0909 -0.0909 -0.0909 -0.0909 -0.5455
 175 I   -0.1818 -0.2727 -0.3636 -0.3636 -0.1818 -0.2727 -0.3636 -0.4545 -0.3636  0.4545  0.0909 -0.2727  0.0909 -0.0909 -0.3636 -0.2727 -0.0909 -0.2727 -0.1818  0.2727 -0.3636  0.2727 -0.3636 -0.0909 -0.5455
 176 K   -0.0909  0.1818  0.0000 -0.0909 -0.3636  0.0909  0.0909 -0.1818 -0.0909 -0.2727 -0.2727  0.4545 -0.1818 -0.3636 -0.0909 -0.0909 -0.0909 -0.3636 -0.2727 -0.2727 -0.0909 -0.2727  0.0909 -0.0909 -0.5455
 177 F   -0.2727 -0.3636 -0.3636 -0.3636 -0.2727 -0.3636 -0.3636 -0.3636 -0.1818 -0.0909  0.0000 -0.3636  0.0000  0.5455 -0.3636 -0.2727 -0.1818  0.0000  0.2727 -0.0909 -0.3636  0.0000 -0.3636 -0.0909 -0.5455
 178 H   -0.1818  0.0000  0.0000 -0.1818 -0.3636  0.0909  0.0000 -0.2727  0.7273 -0.3636 -0.2727 -0.0909 -0.1818 -0.1818 -0.2727 -0.0909 -0.1818 -0.2727  0.1818 -0.3636 -0.0909 -0.3636  0.0000 -0.0909 -0.5455
 179 P   -0.0909 -0.1818 -0.2727 -0.1818 -0.3636 -0.1818 -0.1818 -0.2727 -0.2727 -0.3636 -0.2727 -0.0909 -0.2727 -0.3636  0.7273 -0.0909 -0.1818 -0.4545 -0.3636 -0.2727 -0.1818 -0.3636 -0.1818 -0.0909 -0.5455
 180 W   -0.2727 -0.3636 -0.3636 -0.5455 -0.2727 -0.2727 -0.3636 -0.3636 -0.2727 -0.2727 -0.1818 -0.3636 -0.1818  0.0000 -0.4545 -0.3636 -0.3636  1.0000  0.1818 -0.2727 -0.4545 -0.2727 -0.2727 -0.0909 -0.5455
 181 S    0.0909 -0.0909  0.0000 -0.0909 -0.1818  0.0000  0.0000 -0.0909 -0.0909 -0.2727 -0.2727 -0.0909 -0.1818 -0.2727 -0.0909  0.4545  0.0909 -0.3636 -0.1818 -0.1818  0.0000 -0.2727  0.0000 -0.0909 -0.5455
 182 I   -0.1818 -0.2727 -0.3636 -0.3636 -0.1818 -0.2727 -0.3636 -0.4545 -0.3636  0.4545  0.0909 -0.2727  0.0909 -0.0909 -0.3636 -0.2727 -0.0909 -0.2727 -0.1818  0.2727 -0.3636  0.2727 -0.3636 -0.0909 -0.5455
 183 E   -0.0909 -0.0909 -0.0909  0.0909 -0.4545  0.1818  0.5455 -0.2727  0.0000 -0.3636 -0.3636  0.0909 -0.1818 -0.3636 -0.1818  0.0000 -0.0909 -0.3636 -0.2727 -0.2727  0.0909 -0.3636  0.4545 -0.0909 -0.5455
 184 E   -0.0909 -0.0909 -0.0909  0.0909 -0.4545  0.1818  0.5455 -0.2727  0.0000 -0.3636 -0.3636  0.0909 -0.1818 -0.3636 -0.1818  0.0000 -0.0909 -0.3636 -0.2727 -0.2727  0.0909 -0.3636  0.4545 -0.0909 -0.5455
 185 I   -0.1818 -0.2727 -0.3636 -0.3636 -0.1818 -0.2727 -0.3636 -0.4545 -0.3636  0.4545  0.0909 -0.2727  0.0909 -0.0909 -0.3636 -0.2727 -0.0909 -0.2727 -0.1818  0.2727 -0.3636  0.2727 -0.3636 -0.0909 -0.5455
 186 V    0.0000 -0.2727 -0.3636 -0.3636 -0.0909 -0.2727 -0.2727 -0.3636 -0.3636  0.2727  0.0909 -0.2727  0.0909 -0.0909 -0.2727 -0.1818  0.0000 -0.2727 -0.1818  0.3636 -0.3636  0.1818 -0.2727 -0.0909 -0.5455
 187 A    0.4545 -0.1818 -0.1818 -0.1818 -0.0909 -0.0909 -0.0909  0.0000 -0.1818 -0.1818 -0.1818 -0.0909 -0.0909 -0.2727 -0.0909  0.0909  0.0000 -0.2727 -0.1818  0.0000 -0.1818 -0.1818 -0.0909 -0.0909 -0.5455
 188 S    0.0909 -0.0909  0.0000 -0.0909 -0.1818  0.0000  0.0000 -0.0909 -0.0909 -0.2727 -0.2727 -0.0909 -0.1818 -0.2727 -0.0909  0.4545  0.0909 -0.3636 -0.1818 -0.1818  0.0000 -0.2727  0.0000 -0.0909 -0.5455
 189 E   -0.0909 -0.0909 -0.0909  0.0909 -0.4545  0.1818  0.5455 -0.2727  0.0000 -0.3636 -0.3636  0.0909 -0.1818 -0.3636 -0.1818  0.0000 -0.0909 -0.3636 -0.2727 -0.2727  0.0909 -0.3636  0.4545 -0.0909 -0.5455
 190 Q   -0.0909  0.0909  0.0000 -0.0909 -0.3636  0.5455  0.1818 -0.1818  0.0909 -0.2727 -0.2727  0.0909  0.0000 -0.3636 -0.1818  0.0000 -0.0909 -0.2727 -0.1818 -0.2727  0.0000 -0.2727  0.3636 -0.0909 -0.5455
