 1 G  -1.0000 -1.0000 -1.0000 -0.3800 -0.1989 -1.0000 -1.0000
 2 H  0.4267 0.1222 0.1533 -0.3011 0.2167 -0.0344 -0.1178
 ! !  -1.0000 -1.0000 -1.0000 -1.0000 -1.0000 -1.0000 -1.0000
 4 I  1.0000 -0.0733 -0.0100 0.7244 -0.2067 0.1722 0.7644
 ! !  -1.0000 -1.0000 -1.0000 -1.0000 -1.0000 -1.0000 -1.0000
 6 A  -0.3889 -0.7556 -0.7522 -0.1900 -0.1889 1.0000 -0.5289
 7 N  -0.2367 -0.3656 -0.2700 -0.7489 -0.0833 -0.4478 -0.5878
 8 W  0.5322 1.0000 1.0000 1.0000 -0.2322 0.3100 0.5878
 9 Q  -0.2556 -0.1222 -0.0222 -0.5156 -0.3067 0.5867 -0.4122
 10 S  -0.3744 -0.7078 -0.6044 -0.4044 -0.2944 -0.5178 -0.2356
 11 I  1.0000 -0.0733 -0.0100 0.7244 -0.2067 0.1722 0.7644
 12 D  -0.2367 -0.4633 -0.3122 -0.8522 -1.0000 -0.1722 -0.7056
 13 E  -0.2556 -0.2678 -0.0644 -0.7733 -0.9644 1.0000 -0.6467
 14 L  0.2367 -0.0733 -0.0100 0.6622 -0.2067 0.7933 -0.0589
 15 Q  -0.2556 -0.1222 -0.0222 -0.5156 -0.3067 0.5867 -0.4122
 16 D  -0.2367 -0.4633 -0.3122 -0.8522 -1.0000 -0.1722 -0.7056
 17 I  1.0000 -0.0733 -0.0100 0.7244 -0.2067 0.1722 0.7644
 18 A  -0.3889 -0.7556 -0.7522 -0.1900 -0.1889 1.0000 -0.5289
 19 S  -0.3744 -0.7078 -0.6044 -0.4044 -0.2944 -0.5178 -0.2356
 20 D  -0.2367 -0.4633 -0.3122 -0.8522 -1.0000 -0.1722 -0.7056
 21 L  0.2367 -0.0733 -0.0100 0.6622 -0.2067 0.7933 -0.0589
 22 P  0.2744 -1.0000 -0.3267 0.0611 -0.0111 -1.0000 0.1178
 23 R  0.1167 0.4144 0.5178 -1.0000 1.0000 0.5867 -0.4122
 24 F  0.4033 0.4144 0.4578 0.7178 -0.3022 0.1722 0.3533
 25 I  1.0000 -0.0733 -0.0100 0.7244 -0.2067 0.1722 0.7644
 26 H  0.4267 0.1222 0.1533 -0.3011 0.2167 -0.0344 -0.1178
 27 A  -0.3889 -0.7556 -0.7522 -0.1900 -0.1889 1.0000 -0.5289
 28 L  0.2367 -0.0733 -0.0100 0.6622 -0.2067 0.7933 -0.0589
 29 D  -0.2367 -0.4633 -0.3122 -0.8522 -1.0000 -0.1722 -0.7056
 30 E  -0.2556 -0.2678 -0.0644 -0.7733 -0.9644 1.0000 -0.6467
 31 L  0.2367 -0.0733 -0.0100 0.6622 -0.2067 0.7933 -0.0589
 32 S  -0.3744 -0.7078 -0.6044 -0.4044 -0.2944 -0.5178 -0.2356
 33 R  0.1167 0.4144 0.5178 -1.0000 1.0000 0.5867 -0.4122
 34 R  0.1167 0.4144 0.5178 -1.0000 1.0000 0.5867 -0.4122
 35 L  0.2367 -0.0733 -0.0100 0.6622 -0.2067 0.7933 -0.0589
 36 G  -1.0000 -1.0000 -1.0000 -0.3800 -0.1989 -1.0000 -1.0000
 37 L  0.2367 -0.0733 -0.0100 0.6622 -0.2067 0.7933 -0.0589
 38 N  -0.2367 -0.3656 -0.2700 -0.7489 -0.0833 -0.4478 -0.5878
 39 I  1.0000 -0.0733 -0.0100 0.7244 -0.2067 0.1722 0.7644
 40 T  0.4467 -0.4633 -0.3567 -0.2211 -0.3200 -0.4478 0.2356
 41 P  0.2744 -1.0000 -0.3267 0.0611 -0.0111 -1.0000 0.1178
 42 L  0.2367 -0.0733 -0.0100 0.6622 -0.2067 0.7933 -0.0589
 43 T  0.4467 -0.4633 -0.3567 -0.2211 -0.3200 -0.4478 0.2356
 44 A  -0.3889 -0.7556 -0.7522 -0.1900 -0.1889 1.0000 -0.5289
 45 D  -0.2367 -0.4633 -0.3122 -0.8522 -1.0000 -0.1722 -0.7056
 46 H  0.4267 0.1222 0.1533 -0.3011 0.2167 -0.0344 -0.1178
 47 I  1.0000 -0.0733 -0.0100 0.7244 -0.2067 0.1722 0.7644
 48 S  -0.3744 -0.7078 -0.6044 -0.4044 -0.2944 -0.5178 -0.2356
 49 L  0.2367 -0.0733 -0.0100 0.6622 -0.2067 0.7933 -0.0589
 50 R  0.1167 0.4144 0.5178 -1.0000 1.0000 0.5867 -0.4122
 51 C  -0.1556 -0.3656 -0.3989 0.5644 -0.1267 -0.7244 0.5289
 52 H  0.4267 0.1222 0.1533 -0.3011 0.2167 -0.0344 -0.1178
 53 Q  -0.2556 -0.1222 -0.0222 -0.5156 -0.3067 0.5867 -0.4122
 54 N  -0.2367 -0.3656 -0.2700 -0.7489 -0.0833 -0.4478 -0.5878
 55 A  -0.3889 -0.7556 -0.7522 -0.1900 -0.1889 1.0000 -0.5289
 56 T  0.4467 -0.4633 -0.3567 -0.2211 -0.3200 -0.4478 0.2356
 57 A  -0.3889 -0.7556 -0.7522 -0.1900 -0.1889 1.0000 -0.5289
 58 E  -0.2556 -0.2678 -0.0644 -0.7733 -0.9644 1.0000 -0.6467
 59 R  0.1167 0.4144 0.5178 -1.0000 1.0000 0.5867 -0.4122
 60 W  0.5322 1.0000 1.0000 1.0000 -0.2322 0.3100 0.5878
 61 R  0.1167 0.4144 0.5178 -1.0000 1.0000 0.5867 -0.4122
 62 R  0.1167 0.4144 0.5178 -1.0000 1.0000 0.5867 -0.4122
 63 G  -1.0000 -1.0000 -1.0000 -0.3800 -0.1989 -1.0000 -1.0000
 64 F  0.4033 0.4144 0.4578 0.7178 -0.3022 0.1722 0.3533
 65 E  -0.2556 -0.2678 -0.0644 -0.7733 -0.9644 1.0000 -0.6467
 66 Q  -0.2556 -0.1222 -0.0222 -0.5156 -0.3067 0.5867 -0.4122
 67 C  -0.1556 -0.3656 -0.3989 0.5644 -0.1267 -0.7244 0.5289
 68 G  -1.0000 -1.0000 -1.0000 -0.3800 -0.1989 -1.0000 -1.0000
 69 E  -0.2556 -0.2678 -0.0644 -0.7733 -0.9644 1.0000 -0.6467
 70 L  0.2367 -0.0733 -0.0100 0.6622 -0.2067 0.7933 -0.0589
 71 L  0.2367 -0.0733 -0.0100 0.6622 -0.2067 0.7933 -0.0589
 72 S  -0.3744 -0.7078 -0.6044 -0.4044 -0.2944 -0.5178 -0.2356
 73 E  -0.2556 -0.2678 -0.0644 -0.7733 -0.9644 1.0000 -0.6467
 74 N  -0.2367 -0.3656 -0.2700 -0.7489 -0.0833 -0.4478 -0.5878
 ! !  -1.0000 -1.0000 -1.0000 -1.0000 -1.0000 -1.0000 -1.0000
 76 I  1.0000 -0.0733 -0.0100 0.7244 -0.2067 0.1722 0.7644
 77 N  -0.2367 -0.3656 -0.2700 -0.7489 -0.0833 -0.4478 -0.5878
 78 G  -1.0000 -1.0000 -1.0000 -0.3800 -0.1989 -1.0000 -1.0000
 79 R  0.1167 0.4144 0.5178 -1.0000 1.0000 0.5867 -0.4122
 80 P  0.2744 -1.0000 -0.3267 0.0611 -0.0111 -1.0000 0.1178
 81 I  1.0000 -0.0733 -0.0100 0.7244 -0.2067 0.1722 0.7644
 82 C  -0.1556 -0.3656 -0.3989 0.5644 -0.1267 -0.7244 0.5289
 83 L  0.2367 -0.0733 -0.0100 0.6622 -0.2067 0.7933 -0.0589
 84 F  0.4033 0.4144 0.4578 0.7178 -0.3022 0.1722 0.3533
 85 K  -0.0978 0.0733 0.1811 -0.9878 0.8078 0.3100 -0.2944
 86 L  0.2367 -0.0733 -0.0100 0.6622 -0.2067 0.7933 -0.0589
 87 H  0.4267 0.1222 0.1533 -0.3011 0.2167 -0.0344 -0.1178
 88 E  -0.2556 -0.2678 -0.0644 -0.7733 -0.9644 1.0000 -0.6467
 89 P  0.2744 -1.0000 -0.3267 0.0611 -0.0111 -1.0000 0.1178
 90 V  0.7522 -0.3167 -0.2578 0.3678 -0.2122 -0.0344 1.0000
 91 Q  -0.2556 -0.1222 -0.0222 -0.5156 -0.3067 0.5867 -0.4122
 92 V  0.7522 -0.3167 -0.2578 0.3678 -0.2122 -0.0344 1.0000
 93 A  -0.3889 -0.7556 -0.7522 -0.1900 -0.1889 1.0000 -0.5289
 94 H  0.4267 0.1222 0.1533 -0.3011 0.2167 -0.0344 -0.1178
 95 W  0.5322 1.0000 1.0000 1.0000 -0.2322 0.3100 0.5878
 96 Q  -0.2556 -0.1222 -0.0222 -0.5156 -0.3067 0.5867 -0.4122
 97 F  0.4033 0.4144 0.4578 0.7178 -0.3022 0.1722 0.3533
 98 S  -0.3744 -0.7078 -0.6044 -0.4044 -0.2944 -0.5178 -0.2356
 99 I  1.0000 -0.0733 -0.0100 0.7244 -0.2067 0.1722 0.7644
 100 V  0.7522 -0.3167 -0.2578 0.3678 -0.2122 -0.0344 1.0000
 101 E  -0.2556 -0.2678 -0.0644 -0.7733 -0.9644 1.0000 -0.6467
 102 L  0.2367 -0.0733 -0.0100 0.6622 -0.2067 0.7933 -0.0589
 103 P  0.2744 -1.0000 -0.3267 0.0611 -0.0111 -1.0000 0.1178
 104 W  0.5322 1.0000 1.0000 1.0000 -0.2322 0.3100 0.5878
 105 P  0.2744 -1.0000 -0.3267 0.0611 -0.0111 -1.0000 0.1178
 106 G  -1.0000 -1.0000 -1.0000 -0.3800 -0.1989 -1.0000 -1.0000
 107 E  -0.2556 -0.2678 -0.0644 -0.7733 -0.9644 1.0000 -0.6467
 108 K  -0.0978 0.0733 0.1811 -0.9878 0.8078 0.3100 -0.2944
 109 R  0.1167 0.4144 0.5178 -1.0000 1.0000 0.5867 -0.4122
 110 Y  0.4033 0.4633 0.6011 0.2089 -0.3044 -0.1722 0.5289
 111 P  0.2744 -1.0000 -0.3267 0.0611 -0.0111 -1.0000 0.1178
 112 H  0.4267 0.1222 0.1533 -0.3011 0.2167 -0.0344 -0.1178
 113 E  -0.2556 -0.2678 -0.0644 -0.7733 -0.9644 1.0000 -0.6467
 114 G  -1.0000 -1.0000 -1.0000 -0.3800 -0.1989 -1.0000 -1.0000
 115 W  0.5322 1.0000 1.0000 1.0000 -0.2322 0.3100 0.5878
 116 E  -0.2556 -0.2678 -0.0644 -0.7733 -0.9644 1.0000 -0.6467
 117 H  0.4267 0.1222 0.1533 -0.3011 0.2167 -0.0344 -0.1178
 118 I  1.0000 -0.0733 -0.0100 0.7244 -0.2067 0.1722 0.7644
 119 E  -0.2556 -0.2678 -0.0644 -0.7733 -0.9644 1.0000 -0.6467
 120 I  1.0000 -0.0733 -0.0100 0.7244 -0.2067 0.1722 0.7644
 121 V  0.7522 -0.3167 -0.2578 0.3678 -0.2122 -0.0344 1.0000
 122 L  0.2367 -0.0733 -0.0100 0.6622 -0.2067 0.7933 -0.0589
 123 P  0.2744 -1.0000 -0.3267 0.0611 -0.0111 -1.0000 0.1178
 124 G  -1.0000 -1.0000 -1.0000 -0.3800 -0.1989 -1.0000 -1.0000
 125 D  -0.2367 -0.4633 -0.3122 -0.8522 -1.0000 -0.1722 -0.7056
 126 P  0.2744 -1.0000 -0.3267 0.0611 -0.0111 -1.0000 0.1178
 127 E  -0.2556 -0.2678 -0.0644 -0.7733 -0.9644 1.0000 -0.6467
 128 T  0.4467 -0.4633 -0.3567 -0.2211 -0.3200 -0.4478 0.2356
 129 L  0.2367 -0.0733 -0.0100 0.6622 -0.2067 0.7933 -0.0589
 130 N  -0.2367 -0.3656 -0.2700 -0.7489 -0.0833 -0.4478 -0.5878
 131 A  -0.3889 -0.7556 -0.7522 -0.1900 -0.1889 1.0000 -0.5289
 132 R  0.1167 0.4144 0.5178 -1.0000 1.0000 0.5867 -0.4122
 133 A  -0.3889 -0.7556 -0.7522 -0.1900 -0.1889 1.0000 -0.5289
 134 L  0.2367 -0.0733 -0.0100 0.6622 -0.2067 0.7933 -0.0589
 135 A  -0.3889 -0.7556 -0.7522 -0.1900 -0.1889 1.0000 -0.5289
 136 L  0.2367 -0.0733 -0.0100 0.6622 -0.2067 0.7933 -0.0589
 137 L  0.2367 -0.0733 -0.0100 0.6622 -0.2067 0.7933 -0.0589
 138 S  -0.3744 -0.7078 -0.6044 -0.4044 -0.2944 -0.5178 -0.2356
 139 D  -0.2367 -0.4633 -0.3122 -0.8522 -1.0000 -0.1722 -0.7056
 140 E  -0.2556 -0.2678 -0.0644 -0.7733 -0.9644 1.0000 -0.6467
 141 G  -1.0000 -1.0000 -1.0000 -0.3800 -0.1989 -1.0000 -1.0000
 142 L  0.2367 -0.0733 -0.0100 0.6622 -0.2067 0.7933 -0.0589
 143 S  -0.3744 -0.7078 -0.6044 -0.4044 -0.2944 -0.5178 -0.2356
 144 L  0.2367 -0.0733 -0.0100 0.6622 -0.2067 0.7933 -0.0589
 145 P  0.2744 -1.0000 -0.3267 0.0611 -0.0111 -1.0000 0.1178
 146 G  -1.0000 -1.0000 -1.0000 -0.3800 -0.1989 -1.0000 -1.0000
 147 I  1.0000 -0.0733 -0.0100 0.7244 -0.2067 0.1722 0.7644
 148 S  -0.3744 -0.7078 -0.6044 -0.4044 -0.2944 -0.5178 -0.2356
 149 V  0.7522 -0.3167 -0.2578 0.3678 -0.2122 -0.0344 1.0000
 150 K  -0.0978 0.0733 0.1811 -0.9878 0.8078 0.3100 -0.2944
 151 T  0.4467 -0.4633 -0.3567 -0.2211 -0.3200 -0.4478 0.2356
 152 S  -0.3744 -0.7078 -0.6044 -0.4044 -0.2944 -0.5178 -0.2356
 ! !  -1.0000 -1.0000 -1.0000 -1.0000 -1.0000 -1.0000 -1.0000
 160 R  0.1167 0.4144 0.5178 -1.0000 1.0000 0.5867 -0.4122
 161 L  0.2367 -0.0733 -0.0100 0.6622 -0.2067 0.7933 -0.0589
 162 P  0.2744 -1.0000 -0.3267 0.0611 -0.0111 -1.0000 0.1178
 163 N  -0.2367 -0.3656 -0.2700 -0.7489 -0.0833 -0.4478 -0.5878
 164 P  0.2744 -1.0000 -0.3267 0.0611 -0.0111 -1.0000 0.1178
 165 T  0.4467 -0.4633 -0.3567 -0.2211 -0.3200 -0.4478 0.2356
 166 L  0.2367 -0.0733 -0.0100 0.6622 -0.2067 0.7933 -0.0589
 167 A  -0.3889 -0.7556 -0.7522 -0.1900 -0.1889 1.0000 -0.5289
 168 V  0.7522 -0.3167 -0.2578 0.3678 -0.2122 -0.0344 1.0000
 169 T  0.4467 -0.4633 -0.3567 -0.2211 -0.3200 -0.4478 0.2356
 170 D  -0.2367 -0.4633 -0.3122 -0.8522 -1.0000 -0.1722 -0.7056
 171 G  -1.0000 -1.0000 -1.0000 -0.3800 -0.1989 -1.0000 -1.0000
 172 K  -0.0978 0.0733 0.1811 -0.9878 0.8078 0.3100 -0.2944
 173 T  0.4467 -0.4633 -0.3567 -0.2211 -0.3200 -0.4478 0.2356
 174 T  0.4467 -0.4633 -0.3567 -0.2211 -0.3200 -0.4478 0.2356
 175 I  1.0000 -0.0733 -0.0100 0.7244 -0.2067 0.1722 0.7644
 176 K  -0.0978 0.0733 0.1811 -0.9878 0.8078 0.3100 -0.2944
 177 F  0.4033 0.4144 0.4578 0.7178 -0.3022 0.1722 0.3533
 178 H  0.4267 0.1222 0.1533 -0.3011 0.2167 -0.0344 -0.1178
 179 P  0.2744 -1.0000 -0.3267 0.0611 -0.0111 -1.0000 0.1178
 180 W  0.5322 1.0000 1.0000 1.0000 -0.2322 0.3100 0.5878
 181 S  -0.3744 -0.7078 -0.6044 -0.4044 -0.2944 -0.5178 -0.2356
 182 I  1.0000 -0.0733 -0.0100 0.7244 -0.2067 0.1722 0.7644
 183 E  -0.2556 -0.2678 -0.0644 -0.7733 -0.9644 1.0000 -0.6467
 184 E  -0.2556 -0.2678 -0.0644 -0.7733 -0.9644 1.0000 -0.6467
 185 I  1.0000 -0.0733 -0.0100 0.7244 -0.2067 0.1722 0.7644
 186 V  0.7522 -0.3167 -0.2578 0.3678 -0.2122 -0.0344 1.0000
 187 A  -0.3889 -0.7556 -0.7522 -0.1900 -0.1889 1.0000 -0.5289
 188 S  -0.3744 -0.7078 -0.6044 -0.4044 -0.2944 -0.5178 -0.2356
 189 E  -0.2556 -0.2678 -0.0644 -0.7733 -0.9644 1.0000 -0.6467
 190 Q  -0.2556 -0.1222 -0.0222 -0.5156 -0.3067 0.5867 -0.4122
