 1 P   -0.0909 -0.1818 -0.2727 -0.1818 -0.3636 -0.1818 -0.1818 -0.2727 -0.2727 -0.3636 -0.2727 -0.0909 -0.2727 -0.3636  0.7273 -0.0909 -0.1818 -0.4545 -0.3636 -0.2727 -0.1818 -0.3636 -0.1818 -0.0909 -0.5455
 2 S    0.0909 -0.0909  0.0000 -0.0909 -0.1818  0.0000  0.0000 -0.0909 -0.0909 -0.2727 -0.2727 -0.0909 -0.1818 -0.2727 -0.0909  0.4545  0.0909 -0.3636 -0.1818 -0.1818  0.0000 -0.2727  0.0000 -0.0909 -0.5455
 3 Q   -0.0909  0.0909  0.0000 -0.0909 -0.3636  0.5455  0.1818 -0.1818  0.0909 -0.2727 -0.2727  0.0909  0.0000 -0.3636 -0.1818  0.0000 -0.0909 -0.2727 -0.1818 -0.2727  0.0000 -0.2727  0.3636 -0.0909 -0.5455
 4 M   -0.0909 -0.1818 -0.2727 -0.3636 -0.1818  0.0000 -0.1818 -0.3636 -0.1818  0.0909  0.1818 -0.1818  0.5455  0.0000 -0.2727 -0.1818 -0.0909 -0.1818 -0.1818  0.0909 -0.2727  0.1818 -0.0909 -0.0909 -0.5455
 5 E   -0.0909 -0.0909 -0.0909  0.0909 -0.4545  0.1818  0.5455 -0.2727  0.0000 -0.3636 -0.3636  0.0909 -0.1818 -0.3636 -0.1818  0.0000 -0.0909 -0.3636 -0.2727 -0.2727  0.0909 -0.3636  0.4545 -0.0909 -0.5455
 6 H   -0.1818  0.0000  0.0000 -0.1818 -0.3636  0.0909  0.0000 -0.2727  0.7273 -0.3636 -0.2727 -0.0909 -0.1818 -0.1818 -0.2727 -0.0909 -0.1818 -0.2727  0.1818 -0.3636 -0.0909 -0.3636  0.0000 -0.0909 -0.5455
 7 A    0.4545 -0.1818 -0.1818 -0.1818 -0.0909 -0.0909 -0.0909  0.0000 -0.1818 -0.1818 -0.1818 -0.0909 -0.0909 -0.2727 -0.0909  0.0909  0.0000 -0.2727 -0.1818  0.0000 -0.1818 -0.1818 -0.0909 -0.0909 -0.5455
 8 M   -0.0909 -0.1818 -0.2727 -0.3636 -0.1818  0.0000 -0.1818 -0.3636 -0.1818  0.0909  0.1818 -0.1818  0.5455  0.0000 -0.2727 -0.1818 -0.0909 -0.1818 -0.1818  0.0909 -0.2727  0.1818 -0.0909 -0.0909 -0.5455
 9 E   -0.0909 -0.0909 -0.0909  0.0909 -0.4545  0.1818  0.5455 -0.2727  0.0000 -0.3636 -0.3636  0.0909 -0.1818 -0.3636 -0.1818  0.0000 -0.0909 -0.3636 -0.2727 -0.2727  0.0909 -0.3636  0.4545 -0.0909 -0.5455
 10 T    0.0000 -0.0909  0.0000 -0.0909 -0.0909 -0.0909 -0.0909 -0.1818 -0.1818 -0.0909 -0.1818 -0.0909 -0.0909 -0.1818 -0.1818  0.0909  0.4545 -0.3636 -0.1818  0.0000 -0.0909 -0.0909 -0.0909 -0.0909 -0.5455
 11 M   -0.0909 -0.1818 -0.2727 -0.3636 -0.1818  0.0000 -0.1818 -0.3636 -0.1818  0.0909  0.1818 -0.1818  0.5455  0.0000 -0.2727 -0.1818 -0.0909 -0.1818 -0.1818  0.0909 -0.2727  0.1818 -0.0909 -0.0909 -0.5455
 12 M   -0.0909 -0.1818 -0.2727 -0.3636 -0.1818  0.0000 -0.1818 -0.3636 -0.1818  0.0909  0.1818 -0.1818  0.5455  0.0000 -0.2727 -0.1818 -0.0909 -0.1818 -0.1818  0.0909 -0.2727  0.1818 -0.0909 -0.0909 -0.5455
 13 F   -0.2727 -0.3636 -0.3636 -0.3636 -0.2727 -0.3636 -0.3636 -0.3636 -0.1818 -0.0909  0.0000 -0.3636  0.0000  0.5455 -0.3636 -0.2727 -0.1818  0.0000  0.2727 -0.0909 -0.3636  0.0000 -0.3636 -0.0909 -0.5455
 14 T    0.0000 -0.0909  0.0000 -0.0909 -0.0909 -0.0909 -0.0909 -0.1818 -0.1818 -0.0909 -0.1818 -0.0909 -0.0909 -0.1818 -0.1818  0.0909  0.4545 -0.3636 -0.1818  0.0000 -0.0909 -0.0909 -0.0909 -0.0909 -0.5455
 15 F   -0.2727 -0.3636 -0.3636 -0.3636 -0.2727 -0.3636 -0.3636 -0.3636 -0.1818 -0.0909  0.0000 -0.3636  0.0000  0.5455 -0.3636 -0.2727 -0.1818  0.0000  0.2727 -0.0909 -0.3636  0.0000 -0.3636 -0.0909 -0.5455
 16 H   -0.1818  0.0000  0.0000 -0.1818 -0.3636  0.0909  0.0000 -0.2727  0.7273 -0.3636 -0.2727 -0.0909 -0.1818 -0.1818 -0.2727 -0.0909 -0.1818 -0.2727  0.1818 -0.3636 -0.0909 -0.3636  0.0000 -0.0909 -0.5455
 17 K   -0.0909  0.1818  0.0000 -0.0909 -0.3636  0.0909  0.0909 -0.1818 -0.0909 -0.2727 -0.2727  0.4545 -0.1818 -0.3636 -0.0909 -0.0909 -0.0909 -0.3636 -0.2727 -0.2727 -0.0909 -0.2727  0.0909 -0.0909 -0.5455
 18 F   -0.2727 -0.3636 -0.3636 -0.3636 -0.2727 -0.3636 -0.3636 -0.3636 -0.1818 -0.0909  0.0000 -0.3636  0.0000  0.5455 -0.3636 -0.2727 -0.1818  0.0000  0.2727 -0.0909 -0.3636  0.0000 -0.3636 -0.0909 -0.5455
 19 A    0.4545 -0.1818 -0.1818 -0.1818 -0.0909 -0.0909 -0.0909  0.0000 -0.1818 -0.1818 -0.1818 -0.0909 -0.0909 -0.2727 -0.0909  0.0909  0.0000 -0.2727 -0.1818  0.0000 -0.1818 -0.1818 -0.0909 -0.0909 -0.5455
 20 G    0.0000 -0.2727 -0.0909 -0.1818 -0.3636 -0.1818 -0.2727  0.5455 -0.2727 -0.4545 -0.3636 -0.1818 -0.3636 -0.3636 -0.2727 -0.0909 -0.1818 -0.3636 -0.3636 -0.3636 -0.0909 -0.4545 -0.2727 -0.0909 -0.5455
 21 D   -0.1818 -0.1818  0.0909  0.5455 -0.3636 -0.0909  0.0909 -0.1818 -0.1818 -0.3636 -0.4545 -0.0909 -0.3636 -0.3636 -0.1818 -0.0909 -0.0909 -0.5455 -0.3636 -0.3636  0.4545 -0.4545  0.0909 -0.0909 -0.5455
 22 K   -0.0909  0.1818  0.0000 -0.0909 -0.3636  0.0909  0.0909 -0.1818 -0.0909 -0.2727 -0.2727  0.4545 -0.1818 -0.3636 -0.0909 -0.0909 -0.0909 -0.3636 -0.2727 -0.2727 -0.0909 -0.2727  0.0909 -0.0909 -0.5455
 23 G    0.0000 -0.2727 -0.0909 -0.1818 -0.3636 -0.1818 -0.2727  0.5455 -0.2727 -0.4545 -0.3636 -0.1818 -0.3636 -0.3636 -0.2727 -0.0909 -0.1818 -0.3636 -0.3636 -0.3636 -0.0909 -0.4545 -0.2727 -0.0909 -0.5455
 24 Y   -0.1818 -0.2727 -0.2727 -0.3636 -0.2727 -0.1818 -0.2727 -0.3636  0.1818 -0.1818 -0.1818 -0.2727 -0.1818  0.2727 -0.3636 -0.1818 -0.1818  0.1818  0.6364 -0.1818 -0.2727 -0.1818 -0.2727 -0.0909 -0.5455
 25 L   -0.1818 -0.2727 -0.3636 -0.4545 -0.1818 -0.2727 -0.3636 -0.3636 -0.2727  0.0909  0.3636 -0.2727  0.1818  0.0000 -0.2727 -0.2727 -0.1818 -0.1818 -0.1818  0.0909 -0.3636  0.2727 -0.2727 -0.0909 -0.5455
 26 T    0.0000 -0.0909  0.0000 -0.0909 -0.0909 -0.0909 -0.0909 -0.1818 -0.1818 -0.0909 -0.1818 -0.0909 -0.0909 -0.1818 -0.1818  0.0909  0.4545 -0.3636 -0.1818  0.0000 -0.0909 -0.0909 -0.0909 -0.0909 -0.5455
 27 K   -0.0909  0.1818  0.0000 -0.0909 -0.3636  0.0909  0.0909 -0.1818 -0.0909 -0.2727 -0.2727  0.4545 -0.1818 -0.3636 -0.0909 -0.0909 -0.0909 -0.3636 -0.2727 -0.2727 -0.0909 -0.2727  0.0909 -0.0909 -0.5455
 28 E   -0.0909 -0.0909 -0.0909  0.0909 -0.4545  0.1818  0.5455 -0.2727  0.0000 -0.3636 -0.3636  0.0909 -0.1818 -0.3636 -0.1818  0.0000 -0.0909 -0.3636 -0.2727 -0.2727  0.0909 -0.3636  0.4545 -0.0909 -0.5455
 29 D   -0.1818 -0.1818  0.0909  0.5455 -0.3636 -0.0909  0.0909 -0.1818 -0.1818 -0.3636 -0.4545 -0.0909 -0.3636 -0.3636 -0.1818 -0.0909 -0.0909 -0.5455 -0.3636 -0.3636  0.4545 -0.4545  0.0909 -0.0909 -0.5455
 30 L   -0.1818 -0.2727 -0.3636 -0.4545 -0.1818 -0.2727 -0.3636 -0.3636 -0.2727  0.0909  0.3636 -0.2727  0.1818  0.0000 -0.2727 -0.2727 -0.1818 -0.1818 -0.1818  0.0909 -0.3636  0.2727 -0.2727 -0.0909 -0.5455
 31 R   -0.1818  0.5455 -0.0909 -0.1818 -0.3636  0.0909 -0.0909 -0.2727  0.0000 -0.2727 -0.2727  0.1818 -0.1818 -0.3636 -0.1818 -0.0909 -0.0909 -0.3636 -0.2727 -0.2727 -0.0909 -0.2727  0.0000 -0.0909 -0.5455
 32 V    0.0000 -0.2727 -0.3636 -0.3636 -0.0909 -0.2727 -0.2727 -0.3636 -0.3636  0.2727  0.0909 -0.2727  0.0909 -0.0909 -0.2727 -0.1818  0.0000 -0.2727 -0.1818  0.3636 -0.3636  0.1818 -0.2727 -0.0909 -0.5455
 33 L   -0.1818 -0.2727 -0.3636 -0.4545 -0.1818 -0.2727 -0.3636 -0.3636 -0.2727  0.0909  0.3636 -0.2727  0.1818  0.0000 -0.2727 -0.2727 -0.1818 -0.1818 -0.1818  0.0909 -0.3636  0.2727 -0.2727 -0.0909 -0.5455
 34 M   -0.0909 -0.1818 -0.2727 -0.3636 -0.1818  0.0000 -0.1818 -0.3636 -0.1818  0.0909  0.1818 -0.1818  0.5455  0.0000 -0.2727 -0.1818 -0.0909 -0.1818 -0.1818  0.0909 -0.2727  0.1818 -0.0909 -0.0909 -0.5455
 35 E   -0.0909 -0.0909 -0.0909  0.0909 -0.4545  0.1818  0.5455 -0.2727  0.0000 -0.3636 -0.3636  0.0909 -0.1818 -0.3636 -0.1818  0.0000 -0.0909 -0.3636 -0.2727 -0.2727  0.0909 -0.3636  0.4545 -0.0909 -0.5455
 36 K   -0.0909  0.1818  0.0000 -0.0909 -0.3636  0.0909  0.0909 -0.1818 -0.0909 -0.2727 -0.2727  0.4545 -0.1818 -0.3636 -0.0909 -0.0909 -0.0909 -0.3636 -0.2727 -0.2727 -0.0909 -0.2727  0.0909 -0.0909 -0.5455
 37 E   -0.0909 -0.0909 -0.0909  0.0909 -0.4545  0.1818  0.5455 -0.2727  0.0000 -0.3636 -0.3636  0.0909 -0.1818 -0.3636 -0.1818  0.0000 -0.0909 -0.3636 -0.2727 -0.2727  0.0909 -0.3636  0.4545 -0.0909 -0.5455
 38 F   -0.2727 -0.3636 -0.3636 -0.3636 -0.2727 -0.3636 -0.3636 -0.3636 -0.1818 -0.0909  0.0000 -0.3636  0.0000  0.5455 -0.3636 -0.2727 -0.1818  0.0000  0.2727 -0.0909 -0.3636  0.0000 -0.3636 -0.0909 -0.5455
 39 P   -0.0909 -0.1818 -0.2727 -0.1818 -0.3636 -0.1818 -0.1818 -0.2727 -0.2727 -0.3636 -0.2727 -0.0909 -0.2727 -0.3636  0.7273 -0.0909 -0.1818 -0.4545 -0.3636 -0.2727 -0.1818 -0.3636 -0.1818 -0.0909 -0.5455
 40 G    0.0000 -0.2727 -0.0909 -0.1818 -0.3636 -0.1818 -0.2727  0.5455 -0.2727 -0.4545 -0.3636 -0.1818 -0.3636 -0.3636 -0.2727 -0.0909 -0.1818 -0.3636 -0.3636 -0.3636 -0.0909 -0.4545 -0.2727 -0.0909 -0.5455
 41 F   -0.2727 -0.3636 -0.3636 -0.3636 -0.2727 -0.3636 -0.3636 -0.3636 -0.1818 -0.0909  0.0000 -0.3636  0.0000  0.5455 -0.3636 -0.2727 -0.1818  0.0000  0.2727 -0.0909 -0.3636  0.0000 -0.3636 -0.0909 -0.5455
 42 L   -0.1818 -0.2727 -0.3636 -0.4545 -0.1818 -0.2727 -0.3636 -0.3636 -0.2727  0.0909  0.3636 -0.2727  0.1818  0.0000 -0.2727 -0.2727 -0.1818 -0.1818 -0.1818  0.0909 -0.3636  0.2727 -0.2727 -0.0909 -0.5455
 43 E   -0.0909 -0.0909 -0.0909  0.0909 -0.4545  0.1818  0.5455 -0.2727  0.0000 -0.3636 -0.3636  0.0909 -0.1818 -0.3636 -0.1818  0.0000 -0.0909 -0.3636 -0.2727 -0.2727  0.0909 -0.3636  0.4545 -0.0909 -0.5455
 44 N   -0.1818 -0.0909  0.5455  0.0909 -0.2727  0.0000 -0.0909 -0.0909  0.0000 -0.3636 -0.3636  0.0000 -0.2727 -0.3636 -0.2727  0.0000  0.0000 -0.3636 -0.2727 -0.3636  0.4545 -0.3636  0.0000 -0.0909 -0.5455
 45 Q   -0.0909  0.0909  0.0000 -0.0909 -0.3636  0.5455  0.1818 -0.1818  0.0909 -0.2727 -0.2727  0.0909  0.0000 -0.3636 -0.1818  0.0000 -0.0909 -0.2727 -0.1818 -0.2727  0.0000 -0.2727  0.3636 -0.0909 -0.5455
 46 K   -0.0909  0.1818  0.0000 -0.0909 -0.3636  0.0909  0.0909 -0.1818 -0.0909 -0.2727 -0.2727  0.4545 -0.1818 -0.3636 -0.0909 -0.0909 -0.0909 -0.3636 -0.2727 -0.2727 -0.0909 -0.2727  0.0909 -0.0909 -0.5455
 47 D   -0.1818 -0.1818  0.0909  0.5455 -0.3636 -0.0909  0.0909 -0.1818 -0.1818 -0.3636 -0.4545 -0.0909 -0.3636 -0.3636 -0.1818 -0.0909 -0.0909 -0.5455 -0.3636 -0.3636  0.4545 -0.4545  0.0909 -0.0909 -0.5455
 48 P   -0.0909 -0.1818 -0.2727 -0.1818 -0.3636 -0.1818 -0.1818 -0.2727 -0.2727 -0.3636 -0.2727 -0.0909 -0.2727 -0.3636  0.7273 -0.0909 -0.1818 -0.4545 -0.3636 -0.2727 -0.1818 -0.3636 -0.1818 -0.0909 -0.5455
 49 L   -0.1818 -0.2727 -0.3636 -0.4545 -0.1818 -0.2727 -0.3636 -0.3636 -0.2727  0.0909  0.3636 -0.2727  0.1818  0.0000 -0.2727 -0.2727 -0.1818 -0.1818 -0.1818  0.0909 -0.3636  0.2727 -0.2727 -0.0909 -0.5455
 50 A    0.4545 -0.1818 -0.1818 -0.1818 -0.0909 -0.0909 -0.0909  0.0000 -0.1818 -0.1818 -0.1818 -0.0909 -0.0909 -0.2727 -0.0909  0.0909  0.0000 -0.2727 -0.1818  0.0000 -0.1818 -0.1818 -0.0909 -0.0909 -0.5455
 51 V    0.0000 -0.2727 -0.3636 -0.3636 -0.0909 -0.2727 -0.2727 -0.3636 -0.3636  0.2727  0.0909 -0.2727  0.0909 -0.0909 -0.2727 -0.1818  0.0000 -0.2727 -0.1818  0.3636 -0.3636  0.1818 -0.2727 -0.0909 -0.5455
 52 D   -0.1818 -0.1818  0.0909  0.5455 -0.3636 -0.0909  0.0909 -0.1818 -0.1818 -0.3636 -0.4545 -0.0909 -0.3636 -0.3636 -0.1818 -0.0909 -0.0909 -0.5455 -0.3636 -0.3636  0.4545 -0.4545  0.0909 -0.0909 -0.5455
 53 K   -0.0909  0.1818  0.0000 -0.0909 -0.3636  0.0909  0.0909 -0.1818 -0.0909 -0.2727 -0.2727  0.4545 -0.1818 -0.3636 -0.0909 -0.0909 -0.0909 -0.3636 -0.2727 -0.2727 -0.0909 -0.2727  0.0909 -0.0909 -0.5455
 54 I   -0.1818 -0.2727 -0.3636 -0.3636 -0.1818 -0.2727 -0.3636 -0.4545 -0.3636  0.4545  0.0909 -0.2727  0.0909 -0.0909 -0.3636 -0.2727 -0.0909 -0.2727 -0.1818  0.2727 -0.3636  0.2727 -0.3636 -0.0909 -0.5455
 55 M   -0.0909 -0.1818 -0.2727 -0.3636 -0.1818  0.0000 -0.1818 -0.3636 -0.1818  0.0909  0.1818 -0.1818  0.5455  0.0000 -0.2727 -0.1818 -0.0909 -0.1818 -0.1818  0.0909 -0.2727  0.1818 -0.0909 -0.0909 -0.5455
 56 K   -0.0909  0.1818  0.0000 -0.0909 -0.3636  0.0909  0.0909 -0.1818 -0.0909 -0.2727 -0.2727  0.4545 -0.1818 -0.3636 -0.0909 -0.0909 -0.0909 -0.3636 -0.2727 -0.2727 -0.0909 -0.2727  0.0909 -0.0909 -0.5455
 57 D   -0.1818 -0.1818  0.0909  0.5455 -0.3636 -0.0909  0.0909 -0.1818 -0.1818 -0.3636 -0.4545 -0.0909 -0.3636 -0.3636 -0.1818 -0.0909 -0.0909 -0.5455 -0.3636 -0.3636  0.4545 -0.4545  0.0909 -0.0909 -0.5455
 58 L   -0.1818 -0.2727 -0.3636 -0.4545 -0.1818 -0.2727 -0.3636 -0.3636 -0.2727  0.0909  0.3636 -0.2727  0.1818  0.0000 -0.2727 -0.2727 -0.1818 -0.1818 -0.1818  0.0909 -0.3636  0.2727 -0.2727 -0.0909 -0.5455
 59 D   -0.1818 -0.1818  0.0909  0.5455 -0.3636 -0.0909  0.0909 -0.1818 -0.1818 -0.3636 -0.4545 -0.0909 -0.3636 -0.3636 -0.1818 -0.0909 -0.0909 -0.5455 -0.3636 -0.3636  0.4545 -0.4545  0.0909 -0.0909 -0.5455
 60 Q   -0.0909  0.0909  0.0000 -0.0909 -0.3636  0.5455  0.1818 -0.1818  0.0909 -0.2727 -0.2727  0.0909  0.0000 -0.3636 -0.1818  0.0000 -0.0909 -0.2727 -0.1818 -0.2727  0.0000 -0.2727  0.3636 -0.0909 -0.5455
 61 C   -0.0909 -0.3636 -0.2727 -0.3636  0.8182 -0.3636 -0.4545 -0.3636 -0.3636 -0.1818 -0.1818 -0.3636 -0.1818 -0.2727 -0.3636 -0.1818 -0.0909 -0.2727 -0.2727 -0.0909 -0.3636 -0.1818 -0.3636 -0.0909 -0.5455
 62 R   -0.1818  0.5455 -0.0909 -0.1818 -0.3636  0.0909 -0.0909 -0.2727  0.0000 -0.2727 -0.2727  0.1818 -0.1818 -0.3636 -0.1818 -0.0909 -0.0909 -0.3636 -0.2727 -0.2727 -0.0909 -0.2727  0.0000 -0.0909 -0.5455
 63 D   -0.1818 -0.1818  0.0909  0.5455 -0.3636 -0.0909  0.0909 -0.1818 -0.1818 -0.3636 -0.4545 -0.0909 -0.3636 -0.3636 -0.1818 -0.0909 -0.0909 -0.5455 -0.3636 -0.3636  0.4545 -0.4545  0.0909 -0.0909 -0.5455
 64 G    0.0000 -0.2727 -0.0909 -0.1818 -0.3636 -0.1818 -0.2727  0.5455 -0.2727 -0.4545 -0.3636 -0.1818 -0.3636 -0.3636 -0.2727 -0.0909 -0.1818 -0.3636 -0.3636 -0.3636 -0.0909 -0.4545 -0.2727 -0.0909 -0.5455
 65 K   -0.0909  0.1818  0.0000 -0.0909 -0.3636  0.0909  0.0909 -0.1818 -0.0909 -0.2727 -0.2727  0.4545 -0.1818 -0.3636 -0.0909 -0.0909 -0.0909 -0.3636 -0.2727 -0.2727 -0.0909 -0.2727  0.0909 -0.0909 -0.5455
 66 V    0.0000 -0.2727 -0.3636 -0.3636 -0.0909 -0.2727 -0.2727 -0.3636 -0.3636  0.2727  0.0909 -0.2727  0.0909 -0.0909 -0.2727 -0.1818  0.0000 -0.2727 -0.1818  0.3636 -0.3636  0.1818 -0.2727 -0.0909 -0.5455
 67 G    0.0000 -0.2727 -0.0909 -0.1818 -0.3636 -0.1818 -0.2727  0.5455 -0.2727 -0.4545 -0.3636 -0.1818 -0.3636 -0.3636 -0.2727 -0.0909 -0.1818 -0.3636 -0.3636 -0.3636 -0.0909 -0.4545 -0.2727 -0.0909 -0.5455
 68 F   -0.2727 -0.3636 -0.3636 -0.3636 -0.2727 -0.3636 -0.3636 -0.3636 -0.1818 -0.0909  0.0000 -0.3636  0.0000  0.5455 -0.3636 -0.2727 -0.1818  0.0000  0.2727 -0.0909 -0.3636  0.0000 -0.3636 -0.0909 -0.5455
 69 Q   -0.0909  0.0909  0.0000 -0.0909 -0.3636  0.5455  0.1818 -0.1818  0.0909 -0.2727 -0.2727  0.0909  0.0000 -0.3636 -0.1818  0.0000 -0.0909 -0.2727 -0.1818 -0.2727  0.0000 -0.2727  0.3636 -0.0909 -0.5455
 70 S    0.0909 -0.0909  0.0000 -0.0909 -0.1818  0.0000  0.0000 -0.0909 -0.0909 -0.2727 -0.2727 -0.0909 -0.1818 -0.2727 -0.0909  0.4545  0.0909 -0.3636 -0.1818 -0.1818  0.0000 -0.2727  0.0000 -0.0909 -0.5455
 71 F   -0.2727 -0.3636 -0.3636 -0.3636 -0.2727 -0.3636 -0.3636 -0.3636 -0.1818 -0.0909  0.0000 -0.3636  0.0000  0.5455 -0.3636 -0.2727 -0.1818  0.0000  0.2727 -0.0909 -0.3636  0.0000 -0.3636 -0.0909 -0.5455
 72 F   -0.2727 -0.3636 -0.3636 -0.3636 -0.2727 -0.3636 -0.3636 -0.3636 -0.1818 -0.0909  0.0000 -0.3636  0.0000  0.5455 -0.3636 -0.2727 -0.1818  0.0000  0.2727 -0.0909 -0.3636  0.0000 -0.3636 -0.0909 -0.5455
 73 S    0.0909 -0.0909  0.0000 -0.0909 -0.1818  0.0000  0.0000 -0.0909 -0.0909 -0.2727 -0.2727 -0.0909 -0.1818 -0.2727 -0.0909  0.4545  0.0909 -0.3636 -0.1818 -0.1818  0.0000 -0.2727  0.0000 -0.0909 -0.5455
 74 L   -0.1818 -0.2727 -0.3636 -0.4545 -0.1818 -0.2727 -0.3636 -0.3636 -0.2727  0.0909  0.3636 -0.2727  0.1818  0.0000 -0.2727 -0.2727 -0.1818 -0.1818 -0.1818  0.0909 -0.3636  0.2727 -0.2727 -0.0909 -0.5455
 75 I   -0.1818 -0.2727 -0.3636 -0.3636 -0.1818 -0.2727 -0.3636 -0.4545 -0.3636  0.4545  0.0909 -0.2727  0.0909 -0.0909 -0.3636 -0.2727 -0.0909 -0.2727 -0.1818  0.2727 -0.3636  0.2727 -0.3636 -0.0909 -0.5455
 76 A    0.4545 -0.1818 -0.1818 -0.1818 -0.0909 -0.0909 -0.0909  0.0000 -0.1818 -0.1818 -0.1818 -0.0909 -0.0909 -0.2727 -0.0909  0.0909  0.0000 -0.2727 -0.1818  0.0000 -0.1818 -0.1818 -0.0909 -0.0909 -0.5455
 77 G    0.0000 -0.2727 -0.0909 -0.1818 -0.3636 -0.1818 -0.2727  0.5455 -0.2727 -0.4545 -0.3636 -0.1818 -0.3636 -0.3636 -0.2727 -0.0909 -0.1818 -0.3636 -0.3636 -0.3636 -0.0909 -0.4545 -0.2727 -0.0909 -0.5455
 78 L   -0.1818 -0.2727 -0.3636 -0.4545 -0.1818 -0.2727 -0.3636 -0.3636 -0.2727  0.0909  0.3636 -0.2727  0.1818  0.0000 -0.2727 -0.2727 -0.1818 -0.1818 -0.1818  0.0909 -0.3636  0.2727 -0.2727 -0.0909 -0.5455
 79 T    0.0000 -0.0909  0.0000 -0.0909 -0.0909 -0.0909 -0.0909 -0.1818 -0.1818 -0.0909 -0.1818 -0.0909 -0.0909 -0.1818 -0.1818  0.0909  0.4545 -0.3636 -0.1818  0.0000 -0.0909 -0.0909 -0.0909 -0.0909 -0.5455
 80 I   -0.1818 -0.2727 -0.3636 -0.3636 -0.1818 -0.2727 -0.3636 -0.4545 -0.3636  0.4545  0.0909 -0.2727  0.0909 -0.0909 -0.3636 -0.2727 -0.0909 -0.2727 -0.1818  0.2727 -0.3636  0.2727 -0.3636 -0.0909 -0.5455
 81 A    0.4545 -0.1818 -0.1818 -0.1818 -0.0909 -0.0909 -0.0909  0.0000 -0.1818 -0.1818 -0.1818 -0.0909 -0.0909 -0.2727 -0.0909  0.0909  0.0000 -0.2727 -0.1818  0.0000 -0.1818 -0.1818 -0.0909 -0.0909 -0.5455
 82 C   -0.0909 -0.3636 -0.2727 -0.3636  0.8182 -0.3636 -0.4545 -0.3636 -0.3636 -0.1818 -0.1818 -0.3636 -0.1818 -0.2727 -0.3636 -0.1818 -0.0909 -0.2727 -0.2727 -0.0909 -0.3636 -0.1818 -0.3636 -0.0909 -0.5455
 83 N   -0.1818 -0.0909  0.5455  0.0909 -0.2727  0.0000 -0.0909 -0.0909  0.0000 -0.3636 -0.3636  0.0000 -0.2727 -0.3636 -0.2727  0.0000  0.0000 -0.3636 -0.2727 -0.3636  0.4545 -0.3636  0.0000 -0.0909 -0.5455
 84 D   -0.1818 -0.1818  0.0909  0.5455 -0.3636 -0.0909  0.0909 -0.1818 -0.1818 -0.3636 -0.4545 -0.0909 -0.3636 -0.3636 -0.1818 -0.0909 -0.0909 -0.5455 -0.3636 -0.3636  0.4545 -0.4545  0.0909 -0.0909 -0.5455
 85 Y   -0.1818 -0.2727 -0.2727 -0.3636 -0.2727 -0.1818 -0.2727 -0.3636  0.1818 -0.1818 -0.1818 -0.2727 -0.1818  0.2727 -0.3636 -0.1818 -0.1818  0.1818  0.6364 -0.1818 -0.2727 -0.1818 -0.2727 -0.0909 -0.5455
 86 F   -0.2727 -0.3636 -0.3636 -0.3636 -0.2727 -0.3636 -0.3636 -0.3636 -0.1818 -0.0909  0.0000 -0.3636  0.0000  0.5455 -0.3636 -0.2727 -0.1818  0.0000  0.2727 -0.0909 -0.3636  0.0000 -0.3636 -0.0909 -0.5455
 87 V    0.0000 -0.2727 -0.3636 -0.3636 -0.0909 -0.2727 -0.2727 -0.3636 -0.3636  0.2727  0.0909 -0.2727  0.0909 -0.0909 -0.2727 -0.1818  0.0000 -0.2727 -0.1818  0.3636 -0.3636  0.1818 -0.2727 -0.0909 -0.5455
 88 V    0.0000 -0.2727 -0.3636 -0.3636 -0.0909 -0.2727 -0.2727 -0.3636 -0.3636  0.2727  0.0909 -0.2727  0.0909 -0.0909 -0.2727 -0.1818  0.0000 -0.2727 -0.1818  0.3636 -0.3636  0.1818 -0.2727 -0.0909 -0.5455
 89 H   -0.1818  0.0000  0.0000 -0.1818 -0.3636  0.0909  0.0000 -0.2727  0.7273 -0.3636 -0.2727 -0.0909 -0.1818 -0.1818 -0.2727 -0.0909 -0.1818 -0.2727  0.1818 -0.3636 -0.0909 -0.3636  0.0000 -0.0909 -0.5455
 90 M   -0.0909 -0.1818 -0.2727 -0.3636 -0.1818  0.0000 -0.1818 -0.3636 -0.1818  0.0909  0.1818 -0.1818  0.5455  0.0000 -0.2727 -0.1818 -0.0909 -0.1818 -0.1818  0.0909 -0.2727  0.1818 -0.0909 -0.0909 -0.5455
 91 K   -0.0909  0.1818  0.0000 -0.0909 -0.3636  0.0909  0.0909 -0.1818 -0.0909 -0.2727 -0.2727  0.4545 -0.1818 -0.3636 -0.0909 -0.0909 -0.0909 -0.3636 -0.2727 -0.2727 -0.0909 -0.2727  0.0909 -0.0909 -0.5455
 92 Q   -0.0909  0.0909  0.0000 -0.0909 -0.3636  0.5455  0.1818 -0.1818  0.0909 -0.2727 -0.2727  0.0909  0.0000 -0.3636 -0.1818  0.0000 -0.0909 -0.2727 -0.1818 -0.2727  0.0000 -0.2727  0.3636 -0.0909 -0.5455
