 1 T  0.4467 -0.4633 -0.3567 -0.2211 -0.3200 -0.4478 0.2356
 2 S  -0.3744 -0.7078 -0.6044 -0.4044 -0.2944 -0.5178 -0.2356
 3 F  0.4033 0.4144 0.4578 0.7178 -0.3022 0.1722 0.3533
 4 T  0.4467 -0.4633 -0.3567 -0.2211 -0.3200 -0.4478 0.2356
 5 R  0.1167 0.4144 0.5178 -1.0000 1.0000 0.5867 -0.4122
 6 N  -0.2367 -0.3656 -0.2700 -0.7489 -0.0833 -0.4478 -0.5878
 7 I  1.0000 -0.0733 -0.0100 0.7244 -0.2067 0.1722 0.7644
 8 V  0.7522 -0.3167 -0.2578 0.3678 -0.2122 -0.0344 1.0000
 9 G  -1.0000 -1.0000 -1.0000 -0.3800 -0.1989 -1.0000 -1.0000
 10 R  0.1167 0.4144 0.5178 -1.0000 1.0000 0.5867 -0.4122
 11 D  -0.2367 -0.4633 -0.3122 -0.8522 -1.0000 -0.1722 -0.7056
 12 G  -1.0000 -1.0000 -1.0000 -0.3800 -0.1989 -1.0000 -1.0000
 13 L  0.2367 -0.0733 -0.0100 0.6622 -0.2067 0.7933 -0.0589
 14 C  -0.1556 -0.3656 -0.3989 0.5644 -0.1267 -0.7244 0.5289
 15 V  0.7522 -0.3167 -0.2578 0.3678 -0.2122 -0.0344 1.0000
 16 D  -0.2367 -0.4633 -0.3122 -0.8522 -1.0000 -0.1722 -0.7056
 17 V  0.7522 -0.3167 -0.2578 0.3678 -0.2122 -0.0344 1.0000
 18 R  0.1167 0.4144 0.5178 -1.0000 1.0000 0.5867 -0.4122
 19 N  -0.2367 -0.3656 -0.2700 -0.7489 -0.0833 -0.4478 -0.5878
 20 G  -1.0000 -1.0000 -1.0000 -0.3800 -0.1989 -1.0000 -1.0000
 21 Y  0.4033 0.4633 0.6011 0.2089 -0.3044 -0.1722 0.5289
 22 D  -0.2367 -0.4633 -0.3122 -0.8522 -1.0000 -0.1722 -0.7056
 23 T  0.4467 -0.4633 -0.3567 -0.2211 -0.3200 -0.4478 0.2356
 24 D  -0.2367 -0.4633 -0.3122 -0.8522 -1.0000 -0.1722 -0.7056
 25 G  -1.0000 -1.0000 -1.0000 -0.3800 -0.1989 -1.0000 -1.0000
 26 T  0.4467 -0.4633 -0.3567 -0.2211 -0.3200 -0.4478 0.2356
 27 P  0.2744 -1.0000 -0.3267 0.0611 -0.0111 -1.0000 0.1178
 28 L  0.2367 -0.0733 -0.0100 0.6622 -0.2067 0.7933 -0.0589
 29 Q  -0.2556 -0.1222 -0.0222 -0.5156 -0.3067 0.5867 -0.4122
 30 L  0.2367 -0.0733 -0.0100 0.6622 -0.2067 0.7933 -0.0589
 31 W  0.5322 1.0000 1.0000 1.0000 -0.2322 0.3100 0.5878
 32 P  0.2744 -1.0000 -0.3267 0.0611 -0.0111 -1.0000 0.1178
 33 C  -0.1556 -0.3656 -0.3989 0.5644 -0.1267 -0.7244 0.5289
 34 G  -1.0000 -1.0000 -1.0000 -0.3800 -0.1989 -1.0000 -1.0000
 35 T  0.4467 -0.4633 -0.3567 -0.2211 -0.3200 -0.4478 0.2356
 36 Q  -0.2556 -0.1222 -0.0222 -0.5156 -0.3067 0.5867 -0.4122
 37 R  0.1167 0.4144 0.5178 -1.0000 1.0000 0.5867 -0.4122
 38 N  -0.2367 -0.3656 -0.2700 -0.7489 -0.0833 -0.4478 -0.5878
 39 Q  -0.2556 -0.1222 -0.0222 -0.5156 -0.3067 0.5867 -0.4122
 40 R  0.1167 0.4144 0.5178 -1.0000 1.0000 0.5867 -0.4122
 41 W  0.5322 1.0000 1.0000 1.0000 -0.2322 0.3100 0.5878
 42 T  0.4467 -0.4633 -0.3567 -0.2211 -0.3200 -0.4478 0.2356
 43 F  0.4033 0.4144 0.4578 0.7178 -0.3022 0.1722 0.3533
 44 D  -0.2367 -0.4633 -0.3122 -0.8522 -1.0000 -0.1722 -0.7056
 45 S  -0.3744 -0.7078 -0.6044 -0.4044 -0.2944 -0.5178 -0.2356
 46 D  -0.2367 -0.4633 -0.3122 -0.8522 -1.0000 -0.1722 -0.7056
 47 D  -0.2367 -0.4633 -0.3122 -0.8522 -1.0000 -0.1722 -0.7056
 48 T  0.4467 -0.4633 -0.3567 -0.2211 -0.3200 -0.4478 0.2356
 49 I  1.0000 -0.0733 -0.0100 0.7244 -0.2067 0.1722 0.7644
 50 R  0.1167 0.4144 0.5178 -1.0000 1.0000 0.5867 -0.4122
 51 S  -0.3744 -0.7078 -0.6044 -0.4044 -0.2944 -0.5178 -0.2356
 52 M  0.1222 0.0733 0.0967 0.3744 -0.2911 0.7244 -0.0011
 53 G  -1.0000 -1.0000 -1.0000 -0.3800 -0.1989 -1.0000 -1.0000
 54 K  -0.0978 0.0733 0.1811 -0.9878 0.8078 0.3100 -0.2944
 55 C  -0.1556 -0.3656 -0.3989 0.5644 -0.1267 -0.7244 0.5289
 56 M  0.1222 0.0733 0.0967 0.3744 -0.2911 0.7244 -0.0011
 57 T  0.4467 -0.4633 -0.3567 -0.2211 -0.3200 -0.4478 0.2356
 58 A  -0.3889 -0.7556 -0.7522 -0.1900 -0.1889 1.0000 -0.5289
 59 N  -0.2367 -0.3656 -0.2700 -0.7489 -0.0833 -0.4478 -0.5878
 60 G  -1.0000 -1.0000 -1.0000 -0.3800 -0.1989 -1.0000 -1.0000
 61 L  0.2367 -0.0733 -0.0100 0.6622 -0.2067 0.7933 -0.0589
 62 N  -0.2367 -0.3656 -0.2700 -0.7489 -0.0833 -0.4478 -0.5878
 63 N  -0.2367 -0.3656 -0.2700 -0.7489 -0.0833 -0.4478 -0.5878
 64 G  -1.0000 -1.0000 -1.0000 -0.3800 -0.1989 -1.0000 -1.0000
 65 S  -0.3744 -0.7078 -0.6044 -0.4044 -0.2944 -0.5178 -0.2356
 66 N  -0.2367 -0.3656 -0.2700 -0.7489 -0.0833 -0.4478 -0.5878
 67 I  1.0000 -0.0733 -0.0100 0.7244 -0.2067 0.1722 0.7644
 68 V  0.7522 -0.3167 -0.2578 0.3678 -0.2122 -0.0344 1.0000
 69 I  1.0000 -0.0733 -0.0100 0.7244 -0.2067 0.1722 0.7644
 70 F  0.4033 0.4144 0.4578 0.7178 -0.3022 0.1722 0.3533
 71 N  -0.2367 -0.3656 -0.2700 -0.7489 -0.0833 -0.4478 -0.5878
 72 C  -0.1556 -0.3656 -0.3989 0.5644 -0.1267 -0.7244 0.5289
 73 S  -0.3744 -0.7078 -0.6044 -0.4044 -0.2944 -0.5178 -0.2356
 74 T  0.4467 -0.4633 -0.3567 -0.2211 -0.3200 -0.4478 0.2356
 75 A  -0.3889 -0.7556 -0.7522 -0.1900 -0.1889 1.0000 -0.5289
 76 A  -0.3889 -0.7556 -0.7522 -0.1900 -0.1889 1.0000 -0.5289
 77 E  -0.2556 -0.2678 -0.0644 -0.7733 -0.9644 1.0000 -0.6467
 78 N  -0.2367 -0.3656 -0.2700 -0.7489 -0.0833 -0.4478 -0.5878
 79 A  -0.3889 -0.7556 -0.7522 -0.1900 -0.1889 1.0000 -0.5289
 80 I  1.0000 -0.0733 -0.0100 0.7244 -0.2067 0.1722 0.7644
 81 K  -0.0978 0.0733 0.1811 -0.9878 0.8078 0.3100 -0.2944
 82 W  0.5322 1.0000 1.0000 1.0000 -0.2322 0.3100 0.5878
 83 E  -0.2556 -0.2678 -0.0644 -0.7733 -0.9644 1.0000 -0.6467
 84 V  0.7522 -0.3167 -0.2578 0.3678 -0.2122 -0.0344 1.0000
 85 P  0.2744 -1.0000 -0.3267 0.0611 -0.0111 -1.0000 0.1178
 86 I  1.0000 -0.0733 -0.0100 0.7244 -0.2067 0.1722 0.7644
 87 D  -0.2367 -0.4633 -0.3122 -0.8522 -1.0000 -0.1722 -0.7056
 88 G  -1.0000 -1.0000 -1.0000 -0.3800 -0.1989 -1.0000 -1.0000
 89 S  -0.3744 -0.7078 -0.6044 -0.4044 -0.2944 -0.5178 -0.2356
 90 I  1.0000 -0.0733 -0.0100 0.7244 -0.2067 0.1722 0.7644
 91 I  1.0000 -0.0733 -0.0100 0.7244 -0.2067 0.1722 0.7644
 92 N  -0.2367 -0.3656 -0.2700 -0.7489 -0.0833 -0.4478 -0.5878
 93 P  0.2744 -1.0000 -0.3267 0.0611 -0.0111 -1.0000 0.1178
 94 S  -0.3744 -0.7078 -0.6044 -0.4044 -0.2944 -0.5178 -0.2356
 95 S  -0.3744 -0.7078 -0.6044 -0.4044 -0.2944 -0.5178 -0.2356
 96 G  -1.0000 -1.0000 -1.0000 -0.3800 -0.1989 -1.0000 -1.0000
 97 L  0.2367 -0.0733 -0.0100 0.6622 -0.2067 0.7933 -0.0589
 98 V  0.7522 -0.3167 -0.2578 0.3678 -0.2122 -0.0344 1.0000
 99 M  0.1222 0.0733 0.0967 0.3744 -0.2911 0.7244 -0.0011
 100 T  0.4467 -0.4633 -0.3567 -0.2211 -0.3200 -0.4478 0.2356
 101 A  -0.3889 -0.7556 -0.7522 -0.1900 -0.1889 1.0000 -0.5289
 102 P  0.2744 -1.0000 -0.3267 0.0611 -0.0111 -1.0000 0.1178
 103 R  0.1167 0.4144 0.5178 -1.0000 1.0000 0.5867 -0.4122
 104 A  -0.3889 -0.7556 -0.7522 -0.1900 -0.1889 1.0000 -0.5289
 105 A  -0.3889 -0.7556 -0.7522 -0.1900 -0.1889 1.0000 -0.5289
 106 S  -0.3744 -0.7078 -0.6044 -0.4044 -0.2944 -0.5178 -0.2356
 107 R  0.1167 0.4144 0.5178 -1.0000 1.0000 0.5867 -0.4122
 108 T  0.4467 -0.4633 -0.3567 -0.2211 -0.3200 -0.4478 0.2356
 109 I  1.0000 -0.0733 -0.0100 0.7244 -0.2067 0.1722 0.7644
 110 L  0.2367 -0.0733 -0.0100 0.6622 -0.2067 0.7933 -0.0589
 111 L  0.2367 -0.0733 -0.0100 0.6622 -0.2067 0.7933 -0.0589
 112 L  0.2367 -0.0733 -0.0100 0.6622 -0.2067 0.7933 -0.0589
 113 E  -0.2556 -0.2678 -0.0644 -0.7733 -0.9644 1.0000 -0.6467
 114 D  -0.2367 -0.4633 -0.3122 -0.8522 -1.0000 -0.1722 -0.7056
 115 N  -0.2367 -0.3656 -0.2700 -0.7489 -0.0833 -0.4478 -0.5878
 116 I  1.0000 -0.0733 -0.0100 0.7244 -0.2067 0.1722 0.7644
 117 Y  0.4033 0.4633 0.6011 0.2089 -0.3044 -0.1722 0.5289
 118 A  -0.3889 -0.7556 -0.7522 -0.1900 -0.1889 1.0000 -0.5289
 119 A  -0.3889 -0.7556 -0.7522 -0.1900 -0.1889 1.0000 -0.5289
 120 S  -0.3744 -0.7078 -0.6044 -0.4044 -0.2944 -0.5178 -0.2356
 121 Q  -0.2556 -0.1222 -0.0222 -0.5156 -0.3067 0.5867 -0.4122
 122 G  -1.0000 -1.0000 -1.0000 -0.3800 -0.1989 -1.0000 -1.0000
 123 W  0.5322 1.0000 1.0000 1.0000 -0.2322 0.3100 0.5878
 124 T  0.4467 -0.4633 -0.3567 -0.2211 -0.3200 -0.4478 0.2356
 125 V  0.7522 -0.3167 -0.2578 0.3678 -0.2122 -0.0344 1.0000
 126 T  0.4467 -0.4633 -0.3567 -0.2211 -0.3200 -0.4478 0.2356
 127 N  -0.2367 -0.3656 -0.2700 -0.7489 -0.0833 -0.4478 -0.5878
 128 N  -0.2367 -0.3656 -0.2700 -0.7489 -0.0833 -0.4478 -0.5878
 129 V  0.7522 -0.3167 -0.2578 0.3678 -0.2122 -0.0344 1.0000
 130 K  -0.0978 0.0733 0.1811 -0.9878 0.8078 0.3100 -0.2944
 131 P  0.2744 -1.0000 -0.3267 0.0611 -0.0111 -1.0000 0.1178
 132 I  1.0000 -0.0733 -0.0100 0.7244 -0.2067 0.1722 0.7644
 133 V  0.7522 -0.3167 -0.2578 0.3678 -0.2122 -0.0344 1.0000
 134 A  -0.3889 -0.7556 -0.7522 -0.1900 -0.1889 1.0000 -0.5289
 135 S  -0.3744 -0.7078 -0.6044 -0.4044 -0.2944 -0.5178 -0.2356
 136 I  1.0000 -0.0733 -0.0100 0.7244 -0.2067 0.1722 0.7644
 137 V  0.7522 -0.3167 -0.2578 0.3678 -0.2122 -0.0344 1.0000
 138 G  -1.0000 -1.0000 -1.0000 -0.3800 -0.1989 -1.0000 -1.0000
 139 Y  0.4033 0.4633 0.6011 0.2089 -0.3044 -0.1722 0.5289
 140 K  -0.0978 0.0733 0.1811 -0.9878 0.8078 0.3100 -0.2944
 141 E  -0.2556 -0.2678 -0.0644 -0.7733 -0.9644 1.0000 -0.6467
 142 M  0.1222 0.0733 0.0967 0.3744 -0.2911 0.7244 -0.0011
 143 C  -0.1556 -0.3656 -0.3989 0.5644 -0.1267 -0.7244 0.5289
 144 L  0.2367 -0.0733 -0.0100 0.6622 -0.2067 0.7933 -0.0589
 145 Q  -0.2556 -0.1222 -0.0222 -0.5156 -0.3067 0.5867 -0.4122
 146 S  -0.3744 -0.7078 -0.6044 -0.4044 -0.2944 -0.5178 -0.2356
 147 N  -0.2367 -0.3656 -0.2700 -0.7489 -0.0833 -0.4478 -0.5878
 148 G  -1.0000 -1.0000 -1.0000 -0.3800 -0.1989 -1.0000 -1.0000
 149 E  -0.2556 -0.2678 -0.0644 -0.7733 -0.9644 1.0000 -0.6467
 150 N  -0.2367 -0.3656 -0.2700 -0.7489 -0.0833 -0.4478 -0.5878
 151 N  -0.2367 -0.3656 -0.2700 -0.7489 -0.0833 -0.4478 -0.5878
 152 G  -1.0000 -1.0000 -1.0000 -0.3800 -0.1989 -1.0000 -1.0000
 153 V  0.7522 -0.3167 -0.2578 0.3678 -0.2122 -0.0344 1.0000
 154 W  0.5322 1.0000 1.0000 1.0000 -0.2322 0.3100 0.5878
 155 M  0.1222 0.0733 0.0967 0.3744 -0.2911 0.7244 -0.0011
 156 E  -0.2556 -0.2678 -0.0644 -0.7733 -0.9644 1.0000 -0.6467
 157 D  -0.2367 -0.4633 -0.3122 -0.8522 -1.0000 -0.1722 -0.7056
 158 C  -0.1556 -0.3656 -0.3989 0.5644 -0.1267 -0.7244 0.5289
 159 E  -0.2556 -0.2678 -0.0644 -0.7733 -0.9644 1.0000 -0.6467
 160 A  -0.3889 -0.7556 -0.7522 -0.1900 -0.1889 1.0000 -0.5289
 161 T  0.4467 -0.4633 -0.3567 -0.2211 -0.3200 -0.4478 0.2356
 162 S  -0.3744 -0.7078 -0.6044 -0.4044 -0.2944 -0.5178 -0.2356
 163 L  0.2367 -0.0733 -0.0100 0.6622 -0.2067 0.7933 -0.0589
 164 Q  -0.2556 -0.1222 -0.0222 -0.5156 -0.3067 0.5867 -0.4122
 165 Q  -0.2556 -0.1222 -0.0222 -0.5156 -0.3067 0.5867 -0.4122
 166 Q  -0.2556 -0.1222 -0.0222 -0.5156 -0.3067 0.5867 -0.4122
 167 W  0.5322 1.0000 1.0000 1.0000 -0.2322 0.3100 0.5878
 168 A  -0.3889 -0.7556 -0.7522 -0.1900 -0.1889 1.0000 -0.5289
 169 L  0.2367 -0.0733 -0.0100 0.6622 -0.2067 0.7933 -0.0589
 170 Y  0.4033 0.4633 0.6011 0.2089 -0.3044 -0.1722 0.5289
 171 G  -1.0000 -1.0000 -1.0000 -0.3800 -0.1989 -1.0000 -1.0000
 172 D  -0.2367 -0.4633 -0.3122 -0.8522 -1.0000 -0.1722 -0.7056
 173 R  0.1167 0.4144 0.5178 -1.0000 1.0000 0.5867 -0.4122
 174 T  0.4467 -0.4633 -0.3567 -0.2211 -0.3200 -0.4478 0.2356
 175 I  1.0000 -0.0733 -0.0100 0.7244 -0.2067 0.1722 0.7644
 176 R  0.1167 0.4144 0.5178 -1.0000 1.0000 0.5867 -0.4122
 177 V  0.7522 -0.3167 -0.2578 0.3678 -0.2122 -0.0344 1.0000
 178 N  -0.2367 -0.3656 -0.2700 -0.7489 -0.0833 -0.4478 -0.5878
 179 S  -0.3744 -0.7078 -0.6044 -0.4044 -0.2944 -0.5178 -0.2356
 180 T  0.4467 -0.4633 -0.3567 -0.2211 -0.3200 -0.4478 0.2356
 181 R  0.1167 0.4144 0.5178 -1.0000 1.0000 0.5867 -0.4122
 182 G  -1.0000 -1.0000 -1.0000 -0.3800 -0.1989 -1.0000 -1.0000
 183 L  0.2367 -0.0733 -0.0100 0.6622 -0.2067 0.7933 -0.0589
 184 C  -0.1556 -0.3656 -0.3989 0.5644 -0.1267 -0.7244 0.5289
 185 V  0.7522 -0.3167 -0.2578 0.3678 -0.2122 -0.0344 1.0000
 186 T  0.4467 -0.4633 -0.3567 -0.2211 -0.3200 -0.4478 0.2356
 187 T  0.4467 -0.4633 -0.3567 -0.2211 -0.3200 -0.4478 0.2356
 188 N  -0.2367 -0.3656 -0.2700 -0.7489 -0.0833 -0.4478 -0.5878
 189 G  -1.0000 -1.0000 -1.0000 -0.3800 -0.1989 -1.0000 -1.0000
 190 Y  0.4033 0.4633 0.6011 0.2089 -0.3044 -0.1722 0.5289
 191 N  -0.2367 -0.3656 -0.2700 -0.7489 -0.0833 -0.4478 -0.5878
 192 S  -0.3744 -0.7078 -0.6044 -0.4044 -0.2944 -0.5178 -0.2356
 193 K  -0.0978 0.0733 0.1811 -0.9878 0.8078 0.3100 -0.2944
 194 D  -0.2367 -0.4633 -0.3122 -0.8522 -1.0000 -0.1722 -0.7056
 195 L  0.2367 -0.0733 -0.0100 0.6622 -0.2067 0.7933 -0.0589
 196 I  1.0000 -0.0733 -0.0100 0.7244 -0.2067 0.1722 0.7644
 197 I  1.0000 -0.0733 -0.0100 0.7244 -0.2067 0.1722 0.7644
 198 I  1.0000 -0.0733 -0.0100 0.7244 -0.2067 0.1722 0.7644
 199 L  0.2367 -0.0733 -0.0100 0.6622 -0.2067 0.7933 -0.0589
 200 K  -0.0978 0.0733 0.1811 -0.9878 0.8078 0.3100 -0.2944
 201 C  -0.1556 -0.3656 -0.3989 0.5644 -0.1267 -0.7244 0.5289
 202 Q  -0.2556 -0.1222 -0.0222 -0.5156 -0.3067 0.5867 -0.4122
 203 G  -1.0000 -1.0000 -1.0000 -0.3800 -0.1989 -1.0000 -1.0000
 204 L  0.2367 -0.0733 -0.0100 0.6622 -0.2067 0.7933 -0.0589
 205 P  0.2744 -1.0000 -0.3267 0.0611 -0.0111 -1.0000 0.1178
 206 S  -0.3744 -0.7078 -0.6044 -0.4044 -0.2944 -0.5178 -0.2356
 207 Q  -0.2556 -0.1222 -0.0222 -0.5156 -0.3067 0.5867 -0.4122
 208 R  0.1167 0.4144 0.5178 -1.0000 1.0000 0.5867 -0.4122
 209 W  0.5322 1.0000 1.0000 1.0000 -0.2322 0.3100 0.5878
 210 F  0.4033 0.4144 0.4578 0.7178 -0.3022 0.1722 0.3533
 211 F  0.4033 0.4144 0.4578 0.7178 -0.3022 0.1722 0.3533
 212 N  -0.2367 -0.3656 -0.2700 -0.7489 -0.0833 -0.4478 -0.5878
 213 S  -0.3744 -0.7078 -0.6044 -0.4044 -0.2944 -0.5178 -0.2356
 214 D  -0.2367 -0.4633 -0.3122 -0.8522 -1.0000 -0.1722 -0.7056
 215 G  -1.0000 -1.0000 -1.0000 -0.3800 -0.1989 -1.0000 -1.0000
 216 A  -0.3889 -0.7556 -0.7522 -0.1900 -0.1889 1.0000 -0.5289
 217 I  1.0000 -0.0733 -0.0100 0.7244 -0.2067 0.1722 0.7644
 218 V  0.7522 -0.3167 -0.2578 0.3678 -0.2122 -0.0344 1.0000
 219 N  -0.2367 -0.3656 -0.2700 -0.7489 -0.0833 -0.4478 -0.5878
 220 P  0.2744 -1.0000 -0.3267 0.0611 -0.0111 -1.0000 0.1178
 221 K  -0.0978 0.0733 0.1811 -0.9878 0.8078 0.3100 -0.2944
 222 S  -0.3744 -0.7078 -0.6044 -0.4044 -0.2944 -0.5178 -0.2356
 223 R  0.1167 0.4144 0.5178 -1.0000 1.0000 0.5867 -0.4122
 224 L  0.2367 -0.0733 -0.0100 0.6622 -0.2067 0.7933 -0.0589
 225 V  0.7522 -0.3167 -0.2578 0.3678 -0.2122 -0.0344 1.0000
 226 M  0.1222 0.0733 0.0967 0.3744 -0.2911 0.7244 -0.0011
 227 D  -0.2367 -0.4633 -0.3122 -0.8522 -1.0000 -0.1722 -0.7056
 228 V  0.7522 -0.3167 -0.2578 0.3678 -0.2122 -0.0344 1.0000
 229 R  0.1167 0.4144 0.5178 -1.0000 1.0000 0.5867 -0.4122
 230 A  -0.3889 -0.7556 -0.7522 -0.1900 -0.1889 1.0000 -0.5289
 231 S  -0.3744 -0.7078 -0.6044 -0.4044 -0.2944 -0.5178 -0.2356
 232 N  -0.2367 -0.3656 -0.2700 -0.7489 -0.0833 -0.4478 -0.5878
 233 V  0.7522 -0.3167 -0.2578 0.3678 -0.2122 -0.0344 1.0000
 234 S  -0.3744 -0.7078 -0.6044 -0.4044 -0.2944 -0.5178 -0.2356
 235 L  0.2367 -0.0733 -0.0100 0.6622 -0.2067 0.7933 -0.0589
 236 R  0.1167 0.4144 0.5178 -1.0000 1.0000 0.5867 -0.4122
 237 E  -0.2556 -0.2678 -0.0644 -0.7733 -0.9644 1.0000 -0.6467
 238 I  1.0000 -0.0733 -0.0100 0.7244 -0.2067 0.1722 0.7644
 239 I  1.0000 -0.0733 -0.0100 0.7244 -0.2067 0.1722 0.7644
 240 I  1.0000 -0.0733 -0.0100 0.7244 -0.2067 0.1722 0.7644
 241 F  0.4033 0.4144 0.4578 0.7178 -0.3022 0.1722 0.3533
 242 P  0.2744 -1.0000 -0.3267 0.0611 -0.0111 -1.0000 0.1178
 243 A  -0.3889 -0.7556 -0.7522 -0.1900 -0.1889 1.0000 -0.5289
 244 T  0.4467 -0.4633 -0.3567 -0.2211 -0.3200 -0.4478 0.2356
 245 G  -1.0000 -1.0000 -1.0000 -0.3800 -0.1989 -1.0000 -1.0000
 246 N  -0.2367 -0.3656 -0.2700 -0.7489 -0.0833 -0.4478 -0.5878
 247 P  0.2744 -1.0000 -0.3267 0.0611 -0.0111 -1.0000 0.1178
 248 N  -0.2367 -0.3656 -0.2700 -0.7489 -0.0833 -0.4478 -0.5878
 249 Q  -0.2556 -0.1222 -0.0222 -0.5156 -0.3067 0.5867 -0.4122
 250 Q  -0.2556 -0.1222 -0.0222 -0.5156 -0.3067 0.5867 -0.4122
 251 W  0.5322 1.0000 1.0000 1.0000 -0.2322 0.3100 0.5878
 252 V  0.7522 -0.3167 -0.2578 0.3678 -0.2122 -0.0344 1.0000
 253 T  0.4467 -0.4633 -0.3567 -0.2211 -0.3200 -0.4478 0.2356
 254 Q  -0.2556 -0.1222 -0.0222 -0.5156 -0.3067 0.5867 -0.4122
 255 V  0.7522 -0.3167 -0.2578 0.3678 -0.2122 -0.0344 1.0000
 256 L  0.2367 -0.0733 -0.0100 0.6622 -0.2067 0.7933 -0.0589
 257 P  0.2744 -1.0000 -0.3267 0.0611 -0.0111 -1.0000 0.1178
