 3 S  -0.3744 -0.7078 -0.6044 -0.4044 -0.2944 -0.5178 -0.2356
 4 P  0.2744 -1.0000 -0.3267 0.0611 -0.0111 -1.0000 0.1178
 5 S  -0.3744 -0.7078 -0.6044 -0.4044 -0.2944 -0.5178 -0.2356
 6 K  -0.0978 0.0733 0.1811 -0.9878 0.8078 0.3100 -0.2944
 7 A  -0.3889 -0.7556 -0.7522 -0.1900 -0.1889 1.0000 -0.5289
 8 V  0.7522 -0.3167 -0.2578 0.3678 -0.2122 -0.0344 1.0000
 9 I  1.0000 -0.0733 -0.0100 0.7244 -0.2067 0.1722 0.7644
 10 V  0.7522 -0.3167 -0.2578 0.3678 -0.2122 -0.0344 1.0000
 11 P  0.2744 -1.0000 -0.3267 0.0611 -0.0111 -1.0000 0.1178
 12 G  -1.0000 -1.0000 -1.0000 -0.3800 -0.1989 -1.0000 -1.0000
 13 N  -0.2367 -0.3656 -0.2700 -0.7489 -0.0833 -0.4478 -0.5878
 14 G  -1.0000 -1.0000 -1.0000 -0.3800 -0.1989 -1.0000 -1.0000
 15 G  -1.0000 -1.0000 -1.0000 -0.3800 -0.1989 -1.0000 -1.0000
 16 G  -1.0000 -1.0000 -1.0000 -0.3800 -0.1989 -1.0000 -1.0000
 17 D  -0.2367 -0.4633 -0.3122 -0.8522 -1.0000 -0.1722 -0.7056
 18 V  0.7522 -0.3167 -0.2578 0.3678 -0.2122 -0.0344 1.0000
 19 T  0.4467 -0.4633 -0.3567 -0.2211 -0.3200 -0.4478 0.2356
 20 T  0.4467 -0.4633 -0.3567 -0.2211 -0.3200 -0.4478 0.2356
 21 H  0.4267 0.1222 0.1533 -0.3011 0.2167 -0.0344 -0.1178
 22 G  -1.0000 -1.0000 -1.0000 -0.3800 -0.1989 -1.0000 -1.0000
 23 W  0.5322 1.0000 1.0000 1.0000 -0.2322 0.3100 0.5878
 24 Y  0.4033 0.4633 0.6011 0.2089 -0.3044 -0.1722 0.5289
 25 G  -1.0000 -1.0000 -1.0000 -0.3800 -0.1989 -1.0000 -1.0000
 26 W  0.5322 1.0000 1.0000 1.0000 -0.2322 0.3100 0.5878
 27 V  0.7522 -0.3167 -0.2578 0.3678 -0.2122 -0.0344 1.0000
 28 K  -0.0978 0.0733 0.1811 -0.9878 0.8078 0.3100 -0.2944
 29 K  -0.0978 0.0733 0.1811 -0.9878 0.8078 0.3100 -0.2944
 30 E  -0.2556 -0.2678 -0.0644 -0.7733 -0.9644 1.0000 -0.6467
 31 L  0.2367 -0.0733 -0.0100 0.6622 -0.2067 0.7933 -0.0589
 32 E  -0.2556 -0.2678 -0.0644 -0.7733 -0.9644 1.0000 -0.6467
 33 K  -0.0978 0.0733 0.1811 -0.9878 0.8078 0.3100 -0.2944
 34 I  1.0000 -0.0733 -0.0100 0.7244 -0.2067 0.1722 0.7644
 35 P  0.2744 -1.0000 -0.3267 0.0611 -0.0111 -1.0000 0.1178
 36 G  -1.0000 -1.0000 -1.0000 -0.3800 -0.1989 -1.0000 -1.0000
 37 F  0.4033 0.4144 0.4578 0.7178 -0.3022 0.1722 0.3533
 38 Q  -0.2556 -0.1222 -0.0222 -0.5156 -0.3067 0.5867 -0.4122
 39 C  -0.1556 -0.3656 -0.3989 0.5644 -0.1267 -0.7244 0.5289
 40 L  0.2367 -0.0733 -0.0100 0.6622 -0.2067 0.7933 -0.0589
 41 A  -0.3889 -0.7556 -0.7522 -0.1900 -0.1889 1.0000 -0.5289
 42 K  -0.0978 0.0733 0.1811 -0.9878 0.8078 0.3100 -0.2944
 43 N  -0.2367 -0.3656 -0.2700 -0.7489 -0.0833 -0.4478 -0.5878
 ! !  -1.0000 -1.0000 -1.0000 -1.0000 -1.0000 -1.0000 -1.0000
 45 P  0.2744 -1.0000 -0.3267 0.0611 -0.0111 -1.0000 0.1178
 46 D  -0.2367 -0.4633 -0.3122 -0.8522 -1.0000 -0.1722 -0.7056
 47 P  0.2744 -1.0000 -0.3267 0.0611 -0.0111 -1.0000 0.1178
 48 I  1.0000 -0.0733 -0.0100 0.7244 -0.2067 0.1722 0.7644
 49 T  0.4467 -0.4633 -0.3567 -0.2211 -0.3200 -0.4478 0.2356
 50 A  -0.3889 -0.7556 -0.7522 -0.1900 -0.1889 1.0000 -0.5289
 51 R  0.1167 0.4144 0.5178 -1.0000 1.0000 0.5867 -0.4122
 52 E  -0.2556 -0.2678 -0.0644 -0.7733 -0.9644 1.0000 -0.6467
 53 S  -0.3744 -0.7078 -0.6044 -0.4044 -0.2944 -0.5178 -0.2356
 54 I  1.0000 -0.0733 -0.0100 0.7244 -0.2067 0.1722 0.7644
 55 W  0.5322 1.0000 1.0000 1.0000 -0.2322 0.3100 0.5878
 56 L  0.2367 -0.0733 -0.0100 0.6622 -0.2067 0.7933 -0.0589
 57 P  0.2744 -1.0000 -0.3267 0.0611 -0.0111 -1.0000 0.1178
 58 F  0.4033 0.4144 0.4578 0.7178 -0.3022 0.1722 0.3533
 ! !  -1.0000 -1.0000 -1.0000 -1.0000 -1.0000 -1.0000 -1.0000
 60 E  -0.2556 -0.2678 -0.0644 -0.7733 -0.9644 1.0000 -0.6467
 61 T  0.4467 -0.4633 -0.3567 -0.2211 -0.3200 -0.4478 0.2356
 62 E  -0.2556 -0.2678 -0.0644 -0.7733 -0.9644 1.0000 -0.6467
 63 L  0.2367 -0.0733 -0.0100 0.6622 -0.2067 0.7933 -0.0589
 64 H  0.4267 0.1222 0.1533 -0.3011 0.2167 -0.0344 -0.1178
 65 C  -0.1556 -0.3656 -0.3989 0.5644 -0.1267 -0.7244 0.5289
 66 D  -0.2367 -0.4633 -0.3122 -0.8522 -1.0000 -0.1722 -0.7056
 67 E  -0.2556 -0.2678 -0.0644 -0.7733 -0.9644 1.0000 -0.6467
 68 K  -0.0978 0.0733 0.1811 -0.9878 0.8078 0.3100 -0.2944
 69 T  0.4467 -0.4633 -0.3567 -0.2211 -0.3200 -0.4478 0.2356
 70 I  1.0000 -0.0733 -0.0100 0.7244 -0.2067 0.1722 0.7644
 71 I  1.0000 -0.0733 -0.0100 0.7244 -0.2067 0.1722 0.7644
 72 I  1.0000 -0.0733 -0.0100 0.7244 -0.2067 0.1722 0.7644
 73 G  -1.0000 -1.0000 -1.0000 -0.3800 -0.1989 -1.0000 -1.0000
 74 H  0.4267 0.1222 0.1533 -0.3011 0.2167 -0.0344 -0.1178
 75 S  -0.3744 -0.7078 -0.6044 -0.4044 -0.2944 -0.5178 -0.2356
 76 S  -0.3744 -0.7078 -0.6044 -0.4044 -0.2944 -0.5178 -0.2356
 77 G  -1.0000 -1.0000 -1.0000 -0.3800 -0.1989 -1.0000 -1.0000
 78 A  -0.3889 -0.7556 -0.7522 -0.1900 -0.1889 1.0000 -0.5289
 79 I  1.0000 -0.0733 -0.0100 0.7244 -0.2067 0.1722 0.7644
 80 A  -0.3889 -0.7556 -0.7522 -0.1900 -0.1889 1.0000 -0.5289
 81 A  -0.3889 -0.7556 -0.7522 -0.1900 -0.1889 1.0000 -0.5289
 ! !  -1.0000 -1.0000 -1.0000 -1.0000 -1.0000 -1.0000 -1.0000
 83 R  0.1167 0.4144 0.5178 -1.0000 1.0000 0.5867 -0.4122
 84 Y  0.4033 0.4633 0.6011 0.2089 -0.3044 -0.1722 0.5289
 85 A  -0.3889 -0.7556 -0.7522 -0.1900 -0.1889 1.0000 -0.5289
 86 E  -0.2556 -0.2678 -0.0644 -0.7733 -0.9644 1.0000 -0.6467
 87 T  0.4467 -0.4633 -0.3567 -0.2211 -0.3200 -0.4478 0.2356
 88 H  0.4267 0.1222 0.1533 -0.3011 0.2167 -0.0344 -0.1178
 89 R  0.1167 0.4144 0.5178 -1.0000 1.0000 0.5867 -0.4122
 90 V  0.7522 -0.3167 -0.2578 0.3678 -0.2122 -0.0344 1.0000
 91 Y  0.4033 0.4633 0.6011 0.2089 -0.3044 -0.1722 0.5289
 92 A  -0.3889 -0.7556 -0.7522 -0.1900 -0.1889 1.0000 -0.5289
 93 I  1.0000 -0.0733 -0.0100 0.7244 -0.2067 0.1722 0.7644
 94 V  0.7522 -0.3167 -0.2578 0.3678 -0.2122 -0.0344 1.0000
 95 L  0.2367 -0.0733 -0.0100 0.6622 -0.2067 0.7933 -0.0589
 96 V  0.7522 -0.3167 -0.2578 0.3678 -0.2122 -0.0344 1.0000
 97 S  -0.3744 -0.7078 -0.6044 -0.4044 -0.2944 -0.5178 -0.2356
 98 A  -0.3889 -0.7556 -0.7522 -0.1900 -0.1889 1.0000 -0.5289
 99 Y  0.4033 0.4633 0.6011 0.2089 -0.3044 -0.1722 0.5289
 100 T  0.4467 -0.4633 -0.3567 -0.2211 -0.3200 -0.4478 0.2356
 101 S  -0.3744 -0.7078 -0.6044 -0.4044 -0.2944 -0.5178 -0.2356
 102 D  -0.2367 -0.4633 -0.3122 -0.8522 -1.0000 -0.1722 -0.7056
 103 L  0.2367 -0.0733 -0.0100 0.6622 -0.2067 0.7933 -0.0589
 104 G  -1.0000 -1.0000 -1.0000 -0.3800 -0.1989 -1.0000 -1.0000
 105 D  -0.2367 -0.4633 -0.3122 -0.8522 -1.0000 -0.1722 -0.7056
 106 E  -0.2556 -0.2678 -0.0644 -0.7733 -0.9644 1.0000 -0.6467
 107 N  -0.2367 -0.3656 -0.2700 -0.7489 -0.0833 -0.4478 -0.5878
 108 E  -0.2556 -0.2678 -0.0644 -0.7733 -0.9644 1.0000 -0.6467
 109 R  0.1167 0.4144 0.5178 -1.0000 1.0000 0.5867 -0.4122
 110 A  -0.3889 -0.7556 -0.7522 -0.1900 -0.1889 1.0000 -0.5289
 111 S  -0.3744 -0.7078 -0.6044 -0.4044 -0.2944 -0.5178 -0.2356
 112 G  -1.0000 -1.0000 -1.0000 -0.3800 -0.1989 -1.0000 -1.0000
 113 Y  0.4033 0.4633 0.6011 0.2089 -0.3044 -0.1722 0.5289
 114 F  0.4033 0.4144 0.4578 0.7178 -0.3022 0.1722 0.3533
 115 T  0.4467 -0.4633 -0.3567 -0.2211 -0.3200 -0.4478 0.2356
 116 R  0.1167 0.4144 0.5178 -1.0000 1.0000 0.5867 -0.4122
 117 P  0.2744 -1.0000 -0.3267 0.0611 -0.0111 -1.0000 0.1178
 118 W  0.5322 1.0000 1.0000 1.0000 -0.2322 0.3100 0.5878
 119 Q  -0.2556 -0.1222 -0.0222 -0.5156 -0.3067 0.5867 -0.4122
 120 W  0.5322 1.0000 1.0000 1.0000 -0.2322 0.3100 0.5878
 121 E  -0.2556 -0.2678 -0.0644 -0.7733 -0.9644 1.0000 -0.6467
 122 K  -0.0978 0.0733 0.1811 -0.9878 0.8078 0.3100 -0.2944
 123 I  1.0000 -0.0733 -0.0100 0.7244 -0.2067 0.1722 0.7644
 124 K  -0.0978 0.0733 0.1811 -0.9878 0.8078 0.3100 -0.2944
 125 A  -0.3889 -0.7556 -0.7522 -0.1900 -0.1889 1.0000 -0.5289
 126 N  -0.2367 -0.3656 -0.2700 -0.7489 -0.0833 -0.4478 -0.5878
 127 C  -0.1556 -0.3656 -0.3989 0.5644 -0.1267 -0.7244 0.5289
 128 P  0.2744 -1.0000 -0.3267 0.0611 -0.0111 -1.0000 0.1178
 129 Y  0.4033 0.4633 0.6011 0.2089 -0.3044 -0.1722 0.5289
 130 I  1.0000 -0.0733 -0.0100 0.7244 -0.2067 0.1722 0.7644
 131 V  0.7522 -0.3167 -0.2578 0.3678 -0.2122 -0.0344 1.0000
 132 Q  -0.2556 -0.1222 -0.0222 -0.5156 -0.3067 0.5867 -0.4122
 133 F  0.4033 0.4144 0.4578 0.7178 -0.3022 0.1722 0.3533
 134 G  -1.0000 -1.0000 -1.0000 -0.3800 -0.1989 -1.0000 -1.0000
 135 S  -0.3744 -0.7078 -0.6044 -0.4044 -0.2944 -0.5178 -0.2356
 136 T  0.4467 -0.4633 -0.3567 -0.2211 -0.3200 -0.4478 0.2356
 137 D  -0.2367 -0.4633 -0.3122 -0.8522 -1.0000 -0.1722 -0.7056
 138 D  -0.2367 -0.4633 -0.3122 -0.8522 -1.0000 -0.1722 -0.7056
 139 P  0.2744 -1.0000 -0.3267 0.0611 -0.0111 -1.0000 0.1178
 140 F  0.4033 0.4144 0.4578 0.7178 -0.3022 0.1722 0.3533
 141 L  0.2367 -0.0733 -0.0100 0.6622 -0.2067 0.7933 -0.0589
 142 P  0.2744 -1.0000 -0.3267 0.0611 -0.0111 -1.0000 0.1178
 143 W  0.5322 1.0000 1.0000 1.0000 -0.2322 0.3100 0.5878
 144 K  -0.0978 0.0733 0.1811 -0.9878 0.8078 0.3100 -0.2944
 145 E  -0.2556 -0.2678 -0.0644 -0.7733 -0.9644 1.0000 -0.6467
 146 Q  -0.2556 -0.1222 -0.0222 -0.5156 -0.3067 0.5867 -0.4122
 147 Q  -0.2556 -0.1222 -0.0222 -0.5156 -0.3067 0.5867 -0.4122
 148 E  -0.2556 -0.2678 -0.0644 -0.7733 -0.9644 1.0000 -0.6467
 149 V  0.7522 -0.3167 -0.2578 0.3678 -0.2122 -0.0344 1.0000
 150 A  -0.3889 -0.7556 -0.7522 -0.1900 -0.1889 1.0000 -0.5289
 151 D  -0.2367 -0.4633 -0.3122 -0.8522 -1.0000 -0.1722 -0.7056
 152 R  0.1167 0.4144 0.5178 -1.0000 1.0000 0.5867 -0.4122
 153 L  0.2367 -0.0733 -0.0100 0.6622 -0.2067 0.7933 -0.0589
 154 E  -0.2556 -0.2678 -0.0644 -0.7733 -0.9644 1.0000 -0.6467
 155 T  0.4467 -0.4633 -0.3567 -0.2211 -0.3200 -0.4478 0.2356
 156 K  -0.0978 0.0733 0.1811 -0.9878 0.8078 0.3100 -0.2944
 157 L  0.2367 -0.0733 -0.0100 0.6622 -0.2067 0.7933 -0.0589
 158 H  0.4267 0.1222 0.1533 -0.3011 0.2167 -0.0344 -0.1178
 159 K  -0.0978 0.0733 0.1811 -0.9878 0.8078 0.3100 -0.2944
 160 F  0.4033 0.4144 0.4578 0.7178 -0.3022 0.1722 0.3533
 161 T  0.4467 -0.4633 -0.3567 -0.2211 -0.3200 -0.4478 0.2356
 162 D  -0.2367 -0.4633 -0.3122 -0.8522 -1.0000 -0.1722 -0.7056
 163 C  -0.1556 -0.3656 -0.3989 0.5644 -0.1267 -0.7244 0.5289
 164 G  -1.0000 -1.0000 -1.0000 -0.3800 -0.1989 -1.0000 -1.0000
 165 H  0.4267 0.1222 0.1533 -0.3011 0.2167 -0.0344 -0.1178
 166 F  0.4033 0.4144 0.4578 0.7178 -0.3022 0.1722 0.3533
 167 Q  -0.2556 -0.1222 -0.0222 -0.5156 -0.3067 0.5867 -0.4122
 168 N  -0.2367 -0.3656 -0.2700 -0.7489 -0.0833 -0.4478 -0.5878
 169 T  0.4467 -0.4633 -0.3567 -0.2211 -0.3200 -0.4478 0.2356
 170 E  -0.2556 -0.2678 -0.0644 -0.7733 -0.9644 1.0000 -0.6467
 171 F  0.4033 0.4144 0.4578 0.7178 -0.3022 0.1722 0.3533
 172 H  0.4267 0.1222 0.1533 -0.3011 0.2167 -0.0344 -0.1178
 173 E  -0.2556 -0.2678 -0.0644 -0.7733 -0.9644 1.0000 -0.6467
 174 L  0.2367 -0.0733 -0.0100 0.6622 -0.2067 0.7933 -0.0589
 175 I  1.0000 -0.0733 -0.0100 0.7244 -0.2067 0.1722 0.7644
 176 T  0.4467 -0.4633 -0.3567 -0.2211 -0.3200 -0.4478 0.2356
 177 V  0.7522 -0.3167 -0.2578 0.3678 -0.2122 -0.0344 1.0000
 178 V  0.7522 -0.3167 -0.2578 0.3678 -0.2122 -0.0344 1.0000
 179 K  -0.0978 0.0733 0.1811 -0.9878 0.8078 0.3100 -0.2944
 180 S  -0.3744 -0.7078 -0.6044 -0.4044 -0.2944 -0.5178 -0.2356
 181 L  0.2367 -0.0733 -0.0100 0.6622 -0.2067 0.7933 -0.0589
 182 L  0.2367 -0.0733 -0.0100 0.6622 -0.2067 0.7933 -0.0589
 183 K  -0.0978 0.0733 0.1811 -0.9878 0.8078 0.3100 -0.2944
 184 V  0.7522 -0.3167 -0.2578 0.3678 -0.2122 -0.0344 1.0000
 185 P  0.2744 -1.0000 -0.3267 0.0611 -0.0111 -1.0000 0.1178
 186 A  -0.3889 -0.7556 -0.7522 -0.1900 -0.1889 1.0000 -0.5289
 187 L  0.2367 -0.0733 -0.0100 0.6622 -0.2067 0.7933 -0.0589
 188 E  -0.2556 -0.2678 -0.0644 -0.7733 -0.9644 1.0000 -0.6467
 189 H  0.4267 0.1222 0.1533 -0.3011 0.2167 -0.0344 -0.1178
 190 H  0.4267 0.1222 0.1533 -0.3011 0.2167 -0.0344 -0.1178
 191 H  0.4267 0.1222 0.1533 -0.3011 0.2167 -0.0344 -0.1178
 192 H  0.4267 0.1222 0.1533 -0.3011 0.2167 -0.0344 -0.1178
 193 H  0.4267 0.1222 0.1533 -0.3011 0.2167 -0.0344 -0.1178
 194 H  0.4267 0.1222 0.1533 -0.3011 0.2167 -0.0344 -0.1178
