 3 M   -0.0909 -0.1818 -0.2727 -0.3636 -0.1818  0.0000 -0.1818 -0.3636 -0.1818  0.0909  0.1818 -0.1818  0.5455  0.0000 -0.2727 -0.1818 -0.0909 -0.1818 -0.1818  0.0909 -0.2727  0.1818 -0.0909 -0.0909 -0.5455
 4 K   -0.0909  0.1818  0.0000 -0.0909 -0.3636  0.0909  0.0909 -0.1818 -0.0909 -0.2727 -0.2727  0.4545 -0.1818 -0.3636 -0.0909 -0.0909 -0.0909 -0.3636 -0.2727 -0.2727 -0.0909 -0.2727  0.0909 -0.0909 -0.5455
 5 K   -0.0909  0.1818  0.0000 -0.0909 -0.3636  0.0909  0.0909 -0.1818 -0.0909 -0.2727 -0.2727  0.4545 -0.1818 -0.3636 -0.0909 -0.0909 -0.0909 -0.3636 -0.2727 -0.2727 -0.0909 -0.2727  0.0909 -0.0909 -0.5455
 6 R   -0.1818  0.5455 -0.0909 -0.1818 -0.3636  0.0909 -0.0909 -0.2727  0.0000 -0.2727 -0.2727  0.1818 -0.1818 -0.3636 -0.1818 -0.0909 -0.0909 -0.3636 -0.2727 -0.2727 -0.0909 -0.2727  0.0000 -0.0909 -0.5455
 7 L   -0.1818 -0.2727 -0.3636 -0.4545 -0.1818 -0.2727 -0.3636 -0.3636 -0.2727  0.0909  0.3636 -0.2727  0.1818  0.0000 -0.2727 -0.2727 -0.1818 -0.1818 -0.1818  0.0909 -0.3636  0.2727 -0.2727 -0.0909 -0.5455
 8 A    0.4545 -0.1818 -0.1818 -0.1818 -0.0909 -0.0909 -0.0909  0.0000 -0.1818 -0.1818 -0.1818 -0.0909 -0.0909 -0.2727 -0.0909  0.0909  0.0000 -0.2727 -0.1818  0.0000 -0.1818 -0.1818 -0.0909 -0.0909 -0.5455
 9 Y   -0.1818 -0.2727 -0.2727 -0.3636 -0.2727 -0.1818 -0.2727 -0.3636  0.1818 -0.1818 -0.1818 -0.2727 -0.1818  0.2727 -0.3636 -0.1818 -0.1818  0.1818  0.6364 -0.1818 -0.2727 -0.1818 -0.2727 -0.0909 -0.5455
 10 A    0.4545 -0.1818 -0.1818 -0.1818 -0.0909 -0.0909 -0.0909  0.0000 -0.1818 -0.1818 -0.1818 -0.0909 -0.0909 -0.2727 -0.0909  0.0909  0.0000 -0.2727 -0.1818  0.0000 -0.1818 -0.1818 -0.0909 -0.0909 -0.5455
 11 I   -0.1818 -0.2727 -0.3636 -0.3636 -0.1818 -0.2727 -0.3636 -0.4545 -0.3636  0.4545  0.0909 -0.2727  0.0909 -0.0909 -0.3636 -0.2727 -0.0909 -0.2727 -0.1818  0.2727 -0.3636  0.2727 -0.3636 -0.0909 -0.5455
 12 I   -0.1818 -0.2727 -0.3636 -0.3636 -0.1818 -0.2727 -0.3636 -0.4545 -0.3636  0.4545  0.0909 -0.2727  0.0909 -0.0909 -0.3636 -0.2727 -0.0909 -0.2727 -0.1818  0.2727 -0.3636  0.2727 -0.3636 -0.0909 -0.5455
 13 Q   -0.0909  0.0909  0.0000 -0.0909 -0.3636  0.5455  0.1818 -0.1818  0.0909 -0.2727 -0.2727  0.0909  0.0000 -0.3636 -0.1818  0.0000 -0.0909 -0.2727 -0.1818 -0.2727  0.0000 -0.2727  0.3636 -0.0909 -0.5455
 14 F   -0.2727 -0.3636 -0.3636 -0.3636 -0.2727 -0.3636 -0.3636 -0.3636 -0.1818 -0.0909  0.0000 -0.3636  0.0000  0.5455 -0.3636 -0.2727 -0.1818  0.0000  0.2727 -0.0909 -0.3636  0.0000 -0.3636 -0.0909 -0.5455
 15 L   -0.1818 -0.2727 -0.3636 -0.4545 -0.1818 -0.2727 -0.3636 -0.3636 -0.2727  0.0909  0.3636 -0.2727  0.1818  0.0000 -0.2727 -0.2727 -0.1818 -0.1818 -0.1818  0.0909 -0.3636  0.2727 -0.2727 -0.0909 -0.5455
 16 H   -0.1818  0.0000  0.0000 -0.1818 -0.3636  0.0909  0.0000 -0.2727  0.7273 -0.3636 -0.2727 -0.0909 -0.1818 -0.1818 -0.2727 -0.0909 -0.1818 -0.2727  0.1818 -0.3636 -0.0909 -0.3636  0.0000 -0.0909 -0.5455
 17 D   -0.1818 -0.1818  0.0909  0.5455 -0.3636 -0.0909  0.0909 -0.1818 -0.1818 -0.3636 -0.4545 -0.0909 -0.3636 -0.3636 -0.1818 -0.0909 -0.0909 -0.5455 -0.3636 -0.3636  0.4545 -0.4545  0.0909 -0.0909 -0.5455
 18 Q   -0.0909  0.0909  0.0000 -0.0909 -0.3636  0.5455  0.1818 -0.1818  0.0909 -0.2727 -0.2727  0.0909  0.0000 -0.3636 -0.1818  0.0000 -0.0909 -0.2727 -0.1818 -0.2727  0.0000 -0.2727  0.3636 -0.0909 -0.5455
 19 L   -0.1818 -0.2727 -0.3636 -0.4545 -0.1818 -0.2727 -0.3636 -0.3636 -0.2727  0.0909  0.3636 -0.2727  0.1818  0.0000 -0.2727 -0.2727 -0.1818 -0.1818 -0.1818  0.0909 -0.3636  0.2727 -0.2727 -0.0909 -0.5455
 20 R   -0.1818  0.5455 -0.0909 -0.1818 -0.3636  0.0909 -0.0909 -0.2727  0.0000 -0.2727 -0.2727  0.1818 -0.1818 -0.3636 -0.1818 -0.0909 -0.0909 -0.3636 -0.2727 -0.2727 -0.0909 -0.2727  0.0000 -0.0909 -0.5455
 21 H   -0.1818  0.0000  0.0000 -0.1818 -0.3636  0.0909  0.0000 -0.2727  0.7273 -0.3636 -0.2727 -0.0909 -0.1818 -0.1818 -0.2727 -0.0909 -0.1818 -0.2727  0.1818 -0.3636 -0.0909 -0.3636  0.0000 -0.0909 -0.5455
 22 G    0.0000 -0.2727 -0.0909 -0.1818 -0.3636 -0.1818 -0.2727  0.5455 -0.2727 -0.4545 -0.3636 -0.1818 -0.3636 -0.3636 -0.2727 -0.0909 -0.1818 -0.3636 -0.3636 -0.3636 -0.0909 -0.4545 -0.2727 -0.0909 -0.5455
 23 G    0.0000 -0.2727 -0.0909 -0.1818 -0.3636 -0.1818 -0.2727  0.5455 -0.2727 -0.4545 -0.3636 -0.1818 -0.3636 -0.3636 -0.2727 -0.0909 -0.1818 -0.3636 -0.3636 -0.3636 -0.0909 -0.4545 -0.2727 -0.0909 -0.5455
 24 L   -0.1818 -0.2727 -0.3636 -0.4545 -0.1818 -0.2727 -0.3636 -0.3636 -0.2727  0.0909  0.3636 -0.2727  0.1818  0.0000 -0.2727 -0.2727 -0.1818 -0.1818 -0.1818  0.0909 -0.3636  0.2727 -0.2727 -0.0909 -0.5455
 25 S    0.0909 -0.0909  0.0000 -0.0909 -0.1818  0.0000  0.0000 -0.0909 -0.0909 -0.2727 -0.2727 -0.0909 -0.1818 -0.2727 -0.0909  0.4545  0.0909 -0.3636 -0.1818 -0.1818  0.0000 -0.2727  0.0000 -0.0909 -0.5455
 26 S    0.0909 -0.0909  0.0000 -0.0909 -0.1818  0.0000  0.0000 -0.0909 -0.0909 -0.2727 -0.2727 -0.0909 -0.1818 -0.2727 -0.0909  0.4545  0.0909 -0.3636 -0.1818 -0.1818  0.0000 -0.2727  0.0000 -0.0909 -0.5455
 27 D   -0.1818 -0.1818  0.0909  0.5455 -0.3636 -0.0909  0.0909 -0.1818 -0.1818 -0.3636 -0.4545 -0.0909 -0.3636 -0.3636 -0.1818 -0.0909 -0.0909 -0.5455 -0.3636 -0.3636  0.4545 -0.4545  0.0909 -0.0909 -0.5455
 28 A    0.4545 -0.1818 -0.1818 -0.1818 -0.0909 -0.0909 -0.0909  0.0000 -0.1818 -0.1818 -0.1818 -0.0909 -0.0909 -0.2727 -0.0909  0.0909  0.0000 -0.2727 -0.1818  0.0000 -0.1818 -0.1818 -0.0909 -0.0909 -0.5455
 29 Q   -0.0909  0.0909  0.0000 -0.0909 -0.3636  0.5455  0.1818 -0.1818  0.0909 -0.2727 -0.2727  0.0909  0.0000 -0.3636 -0.1818  0.0000 -0.0909 -0.2727 -0.1818 -0.2727  0.0000 -0.2727  0.3636 -0.0909 -0.5455
 30 E   -0.0909 -0.0909 -0.0909  0.0909 -0.4545  0.1818  0.5455 -0.2727  0.0000 -0.3636 -0.3636  0.0909 -0.1818 -0.3636 -0.1818  0.0000 -0.0909 -0.3636 -0.2727 -0.2727  0.0909 -0.3636  0.4545 -0.0909 -0.5455
 31 S    0.0909 -0.0909  0.0000 -0.0909 -0.1818  0.0000  0.0000 -0.0909 -0.0909 -0.2727 -0.2727 -0.0909 -0.1818 -0.2727 -0.0909  0.4545  0.0909 -0.3636 -0.1818 -0.1818  0.0000 -0.2727  0.0000 -0.0909 -0.5455
 32 L   -0.1818 -0.2727 -0.3636 -0.4545 -0.1818 -0.2727 -0.3636 -0.3636 -0.2727  0.0909  0.3636 -0.2727  0.1818  0.0000 -0.2727 -0.2727 -0.1818 -0.1818 -0.1818  0.0909 -0.3636  0.2727 -0.2727 -0.0909 -0.5455
 33 E   -0.0909 -0.0909 -0.0909  0.0909 -0.4545  0.1818  0.5455 -0.2727  0.0000 -0.3636 -0.3636  0.0909 -0.1818 -0.3636 -0.1818  0.0000 -0.0909 -0.3636 -0.2727 -0.2727  0.0909 -0.3636  0.4545 -0.0909 -0.5455
 34 V    0.0000 -0.2727 -0.3636 -0.3636 -0.0909 -0.2727 -0.2727 -0.3636 -0.3636  0.2727  0.0909 -0.2727  0.0909 -0.0909 -0.2727 -0.1818  0.0000 -0.2727 -0.1818  0.3636 -0.3636  0.1818 -0.2727 -0.0909 -0.5455
 35 A    0.4545 -0.1818 -0.1818 -0.1818 -0.0909 -0.0909 -0.0909  0.0000 -0.1818 -0.1818 -0.1818 -0.0909 -0.0909 -0.2727 -0.0909  0.0909  0.0000 -0.2727 -0.1818  0.0000 -0.1818 -0.1818 -0.0909 -0.0909 -0.5455
 36 I   -0.1818 -0.2727 -0.3636 -0.3636 -0.1818 -0.2727 -0.3636 -0.4545 -0.3636  0.4545  0.0909 -0.2727  0.0909 -0.0909 -0.3636 -0.2727 -0.0909 -0.2727 -0.1818  0.2727 -0.3636  0.2727 -0.3636 -0.0909 -0.5455
 37 Q   -0.0909  0.0909  0.0000 -0.0909 -0.3636  0.5455  0.1818 -0.1818  0.0909 -0.2727 -0.2727  0.0909  0.0000 -0.3636 -0.1818  0.0000 -0.0909 -0.2727 -0.1818 -0.2727  0.0000 -0.2727  0.3636 -0.0909 -0.5455
 38 C   -0.0909 -0.3636 -0.2727 -0.3636  0.8182 -0.3636 -0.4545 -0.3636 -0.3636 -0.1818 -0.1818 -0.3636 -0.1818 -0.2727 -0.3636 -0.1818 -0.0909 -0.2727 -0.2727 -0.0909 -0.3636 -0.1818 -0.3636 -0.0909 -0.5455
 39 L   -0.1818 -0.2727 -0.3636 -0.4545 -0.1818 -0.2727 -0.3636 -0.3636 -0.2727  0.0909  0.3636 -0.2727  0.1818  0.0000 -0.2727 -0.2727 -0.1818 -0.1818 -0.1818  0.0909 -0.3636  0.2727 -0.2727 -0.0909 -0.5455
 40 E   -0.0909 -0.0909 -0.0909  0.0909 -0.4545  0.1818  0.5455 -0.2727  0.0000 -0.3636 -0.3636  0.0909 -0.1818 -0.3636 -0.1818  0.0000 -0.0909 -0.3636 -0.2727 -0.2727  0.0909 -0.3636  0.4545 -0.0909 -0.5455
 41 T    0.0000 -0.0909  0.0000 -0.0909 -0.0909 -0.0909 -0.0909 -0.1818 -0.1818 -0.0909 -0.1818 -0.0909 -0.0909 -0.1818 -0.1818  0.0909  0.4545 -0.3636 -0.1818  0.0000 -0.0909 -0.0909 -0.0909 -0.0909 -0.5455
 42 A    0.4545 -0.1818 -0.1818 -0.1818 -0.0909 -0.0909 -0.0909  0.0000 -0.1818 -0.1818 -0.1818 -0.0909 -0.0909 -0.2727 -0.0909  0.0909  0.0000 -0.2727 -0.1818  0.0000 -0.1818 -0.1818 -0.0909 -0.0909 -0.5455
 43 F   -0.2727 -0.3636 -0.3636 -0.3636 -0.2727 -0.3636 -0.3636 -0.3636 -0.1818 -0.0909  0.0000 -0.3636  0.0000  0.5455 -0.3636 -0.2727 -0.1818  0.0000  0.2727 -0.0909 -0.3636  0.0000 -0.3636 -0.0909 -0.5455
 44 G    0.0000 -0.2727 -0.0909 -0.1818 -0.3636 -0.1818 -0.2727  0.5455 -0.2727 -0.4545 -0.3636 -0.1818 -0.3636 -0.3636 -0.2727 -0.0909 -0.1818 -0.3636 -0.3636 -0.3636 -0.0909 -0.4545 -0.2727 -0.0909 -0.5455
 45 V    0.0000 -0.2727 -0.3636 -0.3636 -0.0909 -0.2727 -0.2727 -0.3636 -0.3636  0.2727  0.0909 -0.2727  0.0909 -0.0909 -0.2727 -0.1818  0.0000 -0.2727 -0.1818  0.3636 -0.3636  0.1818 -0.2727 -0.0909 -0.5455
 46 T    0.0000 -0.0909  0.0000 -0.0909 -0.0909 -0.0909 -0.0909 -0.1818 -0.1818 -0.0909 -0.1818 -0.0909 -0.0909 -0.1818 -0.1818  0.0909  0.4545 -0.3636 -0.1818  0.0000 -0.0909 -0.0909 -0.0909 -0.0909 -0.5455
 47 V    0.0000 -0.2727 -0.3636 -0.3636 -0.0909 -0.2727 -0.2727 -0.3636 -0.3636  0.2727  0.0909 -0.2727  0.0909 -0.0909 -0.2727 -0.1818  0.0000 -0.2727 -0.1818  0.3636 -0.3636  0.1818 -0.2727 -0.0909 -0.5455
 48 E   -0.0909 -0.0909 -0.0909  0.0909 -0.4545  0.1818  0.5455 -0.2727  0.0000 -0.3636 -0.3636  0.0909 -0.1818 -0.3636 -0.1818  0.0000 -0.0909 -0.3636 -0.2727 -0.2727  0.0909 -0.3636  0.4545 -0.0909 -0.5455
 49 D   -0.1818 -0.1818  0.0909  0.5455 -0.3636 -0.0909  0.0909 -0.1818 -0.1818 -0.3636 -0.4545 -0.0909 -0.3636 -0.3636 -0.1818 -0.0909 -0.0909 -0.5455 -0.3636 -0.3636  0.4545 -0.4545  0.0909 -0.0909 -0.5455
 50 S    0.0909 -0.0909  0.0000 -0.0909 -0.1818  0.0000  0.0000 -0.0909 -0.0909 -0.2727 -0.2727 -0.0909 -0.1818 -0.2727 -0.0909  0.4545  0.0909 -0.3636 -0.1818 -0.1818  0.0000 -0.2727  0.0000 -0.0909 -0.5455
 51 D   -0.1818 -0.1818  0.0909  0.5455 -0.3636 -0.0909  0.0909 -0.1818 -0.1818 -0.3636 -0.4545 -0.0909 -0.3636 -0.3636 -0.1818 -0.0909 -0.0909 -0.5455 -0.3636 -0.3636  0.4545 -0.4545  0.0909 -0.0909 -0.5455
 52 L   -0.1818 -0.2727 -0.3636 -0.4545 -0.1818 -0.2727 -0.3636 -0.3636 -0.2727  0.0909  0.3636 -0.2727  0.1818  0.0000 -0.2727 -0.2727 -0.1818 -0.1818 -0.1818  0.0909 -0.3636  0.2727 -0.2727 -0.0909 -0.5455
 53 A    0.4545 -0.1818 -0.1818 -0.1818 -0.0909 -0.0909 -0.0909  0.0000 -0.1818 -0.1818 -0.1818 -0.0909 -0.0909 -0.2727 -0.0909  0.0909  0.0000 -0.2727 -0.1818  0.0000 -0.1818 -0.1818 -0.0909 -0.0909 -0.5455
 54 L   -0.1818 -0.2727 -0.3636 -0.4545 -0.1818 -0.2727 -0.3636 -0.3636 -0.2727  0.0909  0.3636 -0.2727  0.1818  0.0000 -0.2727 -0.2727 -0.1818 -0.1818 -0.1818  0.0909 -0.3636  0.2727 -0.2727 -0.0909 -0.5455
