 2 G  -1.0000 -1.0000 -1.0000 -0.3800 -0.1989 -1.0000 -1.0000
 3 G  -1.0000 -1.0000 -1.0000 -0.3800 -0.1989 -1.0000 -1.0000
 4 W  0.5322 1.0000 1.0000 1.0000 -0.2322 0.3100 0.5878
 5 S  -0.3744 -0.7078 -0.6044 -0.4044 -0.2944 -0.5178 -0.2356
 6 I  1.0000 -0.0733 -0.0100 0.7244 -0.2067 0.1722 0.7644
 7 A  -0.3889 -0.7556 -0.7522 -0.1900 -0.1889 1.0000 -0.5289
 8 L  0.2367 -0.0733 -0.0100 0.6622 -0.2067 0.7933 -0.0589
 9 H  0.4267 0.1222 0.1533 -0.3011 0.2167 -0.0344 -0.1178
 10 G  -1.0000 -1.0000 -1.0000 -0.3800 -0.1989 -1.0000 -1.0000
 11 G  -1.0000 -1.0000 -1.0000 -0.3800 -0.1989 -1.0000 -1.0000
 12 A  -0.3889 -0.7556 -0.7522 -0.1900 -0.1889 1.0000 -0.5289
 13 G  -1.0000 -1.0000 -1.0000 -0.3800 -0.1989 -1.0000 -1.0000
 14 D  -0.2367 -0.4633 -0.3122 -0.8522 -1.0000 -0.1722 -0.7056
 15 I  1.0000 -0.0733 -0.0100 0.7244 -0.2067 0.1722 0.7644
 16 P  0.2744 -1.0000 -0.3267 0.0611 -0.0111 -1.0000 0.1178
 17 F  0.4033 0.4144 0.4578 0.7178 -0.3022 0.1722 0.3533
 18 S  -0.3744 -0.7078 -0.6044 -0.4044 -0.2944 -0.5178 -0.2356
 19 L  0.2367 -0.0733 -0.0100 0.6622 -0.2067 0.7933 -0.0589
 20 P  0.2744 -1.0000 -0.3267 0.0611 -0.0111 -1.0000 0.1178
 21 P  0.2744 -1.0000 -0.3267 0.0611 -0.0111 -1.0000 0.1178
 22 E  -0.2556 -0.2678 -0.0644 -0.7733 -0.9644 1.0000 -0.6467
 23 R  0.1167 0.4144 0.5178 -1.0000 1.0000 0.5867 -0.4122
 24 R  0.1167 0.4144 0.5178 -1.0000 1.0000 0.5867 -0.4122
 25 K  -0.0978 0.0733 0.1811 -0.9878 0.8078 0.3100 -0.2944
 26 P  0.2744 -1.0000 -0.3267 0.0611 -0.0111 -1.0000 0.1178
 27 R  0.1167 0.4144 0.5178 -1.0000 1.0000 0.5867 -0.4122
 28 E  -0.2556 -0.2678 -0.0644 -0.7733 -0.9644 1.0000 -0.6467
 29 E  -0.2556 -0.2678 -0.0644 -0.7733 -0.9644 1.0000 -0.6467
 30 G  -1.0000 -1.0000 -1.0000 -0.3800 -0.1989 -1.0000 -1.0000
 31 L  0.2367 -0.0733 -0.0100 0.6622 -0.2067 0.7933 -0.0589
 32 R  0.1167 0.4144 0.5178 -1.0000 1.0000 0.5867 -0.4122
 33 H  0.4267 0.1222 0.1533 -0.3011 0.2167 -0.0344 -0.1178
 34 C  -0.1556 -0.3656 -0.3989 0.5644 -0.1267 -0.7244 0.5289
 35 L  0.2367 -0.0733 -0.0100 0.6622 -0.2067 0.7933 -0.0589
 36 Q  -0.2556 -0.1222 -0.0222 -0.5156 -0.3067 0.5867 -0.4122
 37 I  1.0000 -0.0733 -0.0100 0.7244 -0.2067 0.1722 0.7644
 38 G  -1.0000 -1.0000 -1.0000 -0.3800 -0.1989 -1.0000 -1.0000
 39 V  0.7522 -0.3167 -0.2578 0.3678 -0.2122 -0.0344 1.0000
 40 E  -0.2556 -0.2678 -0.0644 -0.7733 -0.9644 1.0000 -0.6467
 41 A  -0.3889 -0.7556 -0.7522 -0.1900 -0.1889 1.0000 -0.5289
 42 L  0.2367 -0.0733 -0.0100 0.6622 -0.2067 0.7933 -0.0589
 43 K  -0.0978 0.0733 0.1811 -0.9878 0.8078 0.3100 -0.2944
 44 A  -0.3889 -0.7556 -0.7522 -0.1900 -0.1889 1.0000 -0.5289
 45 Q  -0.2556 -0.1222 -0.0222 -0.5156 -0.3067 0.5867 -0.4122
 46 K  -0.0978 0.0733 0.1811 -0.9878 0.8078 0.3100 -0.2944
 47 P  0.2744 -1.0000 -0.3267 0.0611 -0.0111 -1.0000 0.1178
 48 P  0.2744 -1.0000 -0.3267 0.0611 -0.0111 -1.0000 0.1178
 49 L  0.2367 -0.0733 -0.0100 0.6622 -0.2067 0.7933 -0.0589
 50 D  -0.2367 -0.4633 -0.3122 -0.8522 -1.0000 -0.1722 -0.7056
 51 V  0.7522 -0.3167 -0.2578 0.3678 -0.2122 -0.0344 1.0000
 52 V  0.7522 -0.3167 -0.2578 0.3678 -0.2122 -0.0344 1.0000
 53 E  -0.2556 -0.2678 -0.0644 -0.7733 -0.9644 1.0000 -0.6467
 54 L  0.2367 -0.0733 -0.0100 0.6622 -0.2067 0.7933 -0.0589
 55 V  0.7522 -0.3167 -0.2578 0.3678 -0.2122 -0.0344 1.0000
 56 V  0.7522 -0.3167 -0.2578 0.3678 -0.2122 -0.0344 1.0000
 57 R  0.1167 0.4144 0.5178 -1.0000 1.0000 0.5867 -0.4122
 58 E  -0.2556 -0.2678 -0.0644 -0.7733 -0.9644 1.0000 -0.6467
 59 L  0.2367 -0.0733 -0.0100 0.6622 -0.2067 0.7933 -0.0589
 60 E  -0.2556 -0.2678 -0.0644 -0.7733 -0.9644 1.0000 -0.6467
 61 N  -0.2367 -0.3656 -0.2700 -0.7489 -0.0833 -0.4478 -0.5878
 62 I  1.0000 -0.0733 -0.0100 0.7244 -0.2067 0.1722 0.7644
 63 E  -0.2556 -0.2678 -0.0644 -0.7733 -0.9644 1.0000 -0.6467
 64 H  0.4267 0.1222 0.1533 -0.3011 0.2167 -0.0344 -0.1178
 65 F  0.4033 0.4144 0.4578 0.7178 -0.3022 0.1722 0.3533
 66 N  -0.2367 -0.3656 -0.2700 -0.7489 -0.0833 -0.4478 -0.5878
 67 A  -0.3889 -0.7556 -0.7522 -0.1900 -0.1889 1.0000 -0.5289
 68 G  -1.0000 -1.0000 -1.0000 -0.3800 -0.1989 -1.0000 -1.0000
 69 I  1.0000 -0.0733 -0.0100 0.7244 -0.2067 0.1722 0.7644
 70 G  -1.0000 -1.0000 -1.0000 -0.3800 -0.1989 -1.0000 -1.0000
 71 S  -0.3744 -0.7078 -0.6044 -0.4044 -0.2944 -0.5178 -0.2356
 72 V  0.7522 -0.3167 -0.2578 0.3678 -0.2122 -0.0344 1.0000
 73 L  0.2367 -0.0733 -0.0100 0.6622 -0.2067 0.7933 -0.0589
 74 T  0.4467 -0.4633 -0.3567 -0.2211 -0.3200 -0.4478 0.2356
 75 N  -0.2367 -0.3656 -0.2700 -0.7489 -0.0833 -0.4478 -0.5878
 76 S  -0.3744 -0.7078 -0.6044 -0.4044 -0.2944 -0.5178 -0.2356
 77 G  -1.0000 -1.0000 -1.0000 -0.3800 -0.1989 -1.0000 -1.0000
 78 T  0.4467 -0.4633 -0.3567 -0.2211 -0.3200 -0.4478 0.2356
 79 V  0.7522 -0.3167 -0.2578 0.3678 -0.2122 -0.0344 1.0000
 80 E  -0.2556 -0.2678 -0.0644 -0.7733 -0.9644 1.0000 -0.6467
 81 M  0.1222 0.0733 0.0967 0.3744 -0.2911 0.7244 -0.0011
 82 E  -0.2556 -0.2678 -0.0644 -0.7733 -0.9644 1.0000 -0.6467
 83 A  -0.3889 -0.7556 -0.7522 -0.1900 -0.1889 1.0000 -0.5289
 84 S  -0.3744 -0.7078 -0.6044 -0.4044 -0.2944 -0.5178 -0.2356
 85 I  1.0000 -0.0733 -0.0100 0.7244 -0.2067 0.1722 0.7644
 86 M  0.1222 0.0733 0.0967 0.3744 -0.2911 0.7244 -0.0011
 87 D  -0.2367 -0.4633 -0.3122 -0.8522 -1.0000 -0.1722 -0.7056
 88 G  -1.0000 -1.0000 -1.0000 -0.3800 -0.1989 -1.0000 -1.0000
 89 N  -0.2367 -0.3656 -0.2700 -0.7489 -0.0833 -0.4478 -0.5878
 90 T  0.4467 -0.4633 -0.3567 -0.2211 -0.3200 -0.4478 0.2356
 91 M  0.1222 0.0733 0.0967 0.3744 -0.2911 0.7244 -0.0011
 92 K  -0.0978 0.0733 0.1811 -0.9878 0.8078 0.3100 -0.2944
 93 C  -0.1556 -0.3656 -0.3989 0.5644 -0.1267 -0.7244 0.5289
 94 G  -1.0000 -1.0000 -1.0000 -0.3800 -0.1989 -1.0000 -1.0000
 95 A  -0.3889 -0.7556 -0.7522 -0.1900 -0.1889 1.0000 -0.5289
 96 V  0.7522 -0.3167 -0.2578 0.3678 -0.2122 -0.0344 1.0000
 97 S  -0.3744 -0.7078 -0.6044 -0.4044 -0.2944 -0.5178 -0.2356
 98 G  -1.0000 -1.0000 -1.0000 -0.3800 -0.1989 -1.0000 -1.0000
 99 L  0.2367 -0.0733 -0.0100 0.6622 -0.2067 0.7933 -0.0589
 100 S  -0.3744 -0.7078 -0.6044 -0.4044 -0.2944 -0.5178 -0.2356
 101 T  0.4467 -0.4633 -0.3567 -0.2211 -0.3200 -0.4478 0.2356
 102 V  0.7522 -0.3167 -0.2578 0.3678 -0.2122 -0.0344 1.0000
 103 L  0.2367 -0.0733 -0.0100 0.6622 -0.2067 0.7933 -0.0589
 104 N  -0.2367 -0.3656 -0.2700 -0.7489 -0.0833 -0.4478 -0.5878
 105 P  0.2744 -1.0000 -0.3267 0.0611 -0.0111 -1.0000 0.1178
 106 I  1.0000 -0.0733 -0.0100 0.7244 -0.2067 0.1722 0.7644
 107 S  -0.3744 -0.7078 -0.6044 -0.4044 -0.2944 -0.5178 -0.2356
 108 L  0.2367 -0.0733 -0.0100 0.6622 -0.2067 0.7933 -0.0589
 109 A  -0.3889 -0.7556 -0.7522 -0.1900 -0.1889 1.0000 -0.5289
 110 R  0.1167 0.4144 0.5178 -1.0000 1.0000 0.5867 -0.4122
 111 L  0.2367 -0.0733 -0.0100 0.6622 -0.2067 0.7933 -0.0589
 112 V  0.7522 -0.3167 -0.2578 0.3678 -0.2122 -0.0344 1.0000
 113 M  0.1222 0.0733 0.0967 0.3744 -0.2911 0.7244 -0.0011
 114 D  -0.2367 -0.4633 -0.3122 -0.8522 -1.0000 -0.1722 -0.7056
 115 K  -0.0978 0.0733 0.1811 -0.9878 0.8078 0.3100 -0.2944
 116 T  0.4467 -0.4633 -0.3567 -0.2211 -0.3200 -0.4478 0.2356
 117 P  0.2744 -1.0000 -0.3267 0.0611 -0.0111 -1.0000 0.1178
 118 H  0.4267 0.1222 0.1533 -0.3011 0.2167 -0.0344 -0.1178
 119 I  1.0000 -0.0733 -0.0100 0.7244 -0.2067 0.1722 0.7644
 120 Y  0.4033 0.4633 0.6011 0.2089 -0.3044 -0.1722 0.5289
 121 L  0.2367 -0.0733 -0.0100 0.6622 -0.2067 0.7933 -0.0589
 122 A  -0.3889 -0.7556 -0.7522 -0.1900 -0.1889 1.0000 -0.5289
 123 F  0.4033 0.4144 0.4578 0.7178 -0.3022 0.1722 0.3533
 124 Q  -0.2556 -0.1222 -0.0222 -0.5156 -0.3067 0.5867 -0.4122
 125 G  -1.0000 -1.0000 -1.0000 -0.3800 -0.1989 -1.0000 -1.0000
 126 A  -0.3889 -0.7556 -0.7522 -0.1900 -0.1889 1.0000 -0.5289
 127 Q  -0.2556 -0.1222 -0.0222 -0.5156 -0.3067 0.5867 -0.4122
 128 D  -0.2367 -0.4633 -0.3122 -0.8522 -1.0000 -0.1722 -0.7056
 129 F  0.4033 0.4144 0.4578 0.7178 -0.3022 0.1722 0.3533
 130 A  -0.3889 -0.7556 -0.7522 -0.1900 -0.1889 1.0000 -0.5289
 131 K  -0.0978 0.0733 0.1811 -0.9878 0.8078 0.3100 -0.2944
 132 Q  -0.2556 -0.1222 -0.0222 -0.5156 -0.3067 0.5867 -0.4122
 133 Q  -0.2556 -0.1222 -0.0222 -0.5156 -0.3067 0.5867 -0.4122
 134 G  -1.0000 -1.0000 -1.0000 -0.3800 -0.1989 -1.0000 -1.0000
 135 V  0.7522 -0.3167 -0.2578 0.3678 -0.2122 -0.0344 1.0000
 136 E  -0.2556 -0.2678 -0.0644 -0.7733 -0.9644 1.0000 -0.6467
 137 T  0.4467 -0.4633 -0.3567 -0.2211 -0.3200 -0.4478 0.2356
 138 V  0.7522 -0.3167 -0.2578 0.3678 -0.2122 -0.0344 1.0000
 139 D  -0.2367 -0.4633 -0.3122 -0.8522 -1.0000 -0.1722 -0.7056
 140 S  -0.3744 -0.7078 -0.6044 -0.4044 -0.2944 -0.5178 -0.2356
 141 S  -0.3744 -0.7078 -0.6044 -0.4044 -0.2944 -0.5178 -0.2356
 142 H  0.4267 0.1222 0.1533 -0.3011 0.2167 -0.0344 -0.1178
 143 L  0.2367 -0.0733 -0.0100 0.6622 -0.2067 0.7933 -0.0589
 144 I  1.0000 -0.0733 -0.0100 0.7244 -0.2067 0.1722 0.7644
 145 T  0.4467 -0.4633 -0.3567 -0.2211 -0.3200 -0.4478 0.2356
 146 A  -0.3889 -0.7556 -0.7522 -0.1900 -0.1889 1.0000 -0.5289
 147 E  -0.2556 -0.2678 -0.0644 -0.7733 -0.9644 1.0000 -0.6467
 148 N  -0.2367 -0.3656 -0.2700 -0.7489 -0.0833 -0.4478 -0.5878
 149 V  0.7522 -0.3167 -0.2578 0.3678 -0.2122 -0.0344 1.0000
 150 E  -0.2556 -0.2678 -0.0644 -0.7733 -0.9644 1.0000 -0.6467
 151 R  0.1167 0.4144 0.5178 -1.0000 1.0000 0.5867 -0.4122
 152 L  0.2367 -0.0733 -0.0100 0.6622 -0.2067 0.7933 -0.0589
 153 K  -0.0978 0.0733 0.1811 -0.9878 0.8078 0.3100 -0.2944
 154 L  0.2367 -0.0733 -0.0100 0.6622 -0.2067 0.7933 -0.0589
 155 A  -0.3889 -0.7556 -0.7522 -0.1900 -0.1889 1.0000 -0.5289
 156 I  1.0000 -0.0733 -0.0100 0.7244 -0.2067 0.1722 0.7644
 157 E  -0.2556 -0.2678 -0.0644 -0.7733 -0.9644 1.0000 -0.6467
 158 A  -0.3889 -0.7556 -0.7522 -0.1900 -0.1889 1.0000 -0.5289
 159 N  -0.2367 -0.3656 -0.2700 -0.7489 -0.0833 -0.4478 -0.5878
