 1 M  0.1222 0.0733 0.0967 0.3744 -0.2911 0.7244 -0.0011
 2 N  -0.2367 -0.3656 -0.2700 -0.7489 -0.0833 -0.4478 -0.5878
 3 T  0.4467 -0.4633 -0.3567 -0.2211 -0.3200 -0.4478 0.2356
 4 L  0.2367 -0.0733 -0.0100 0.6622 -0.2067 0.7933 -0.0589
 5 G  -1.0000 -1.0000 -1.0000 -0.3800 -0.1989 -1.0000 -1.0000
 6 R  0.1167 0.4144 0.5178 -1.0000 1.0000 0.5867 -0.4122
 7 F  0.4033 0.4144 0.4578 0.7178 -0.3022 0.1722 0.3533
 8 L  0.2367 -0.0733 -0.0100 0.6622 -0.2067 0.7933 -0.0589
 9 R  0.1167 0.4144 0.5178 -1.0000 1.0000 0.5867 -0.4122
 10 L  0.2367 -0.0733 -0.0100 0.6622 -0.2067 0.7933 -0.0589
 11 T  0.4467 -0.4633 -0.3567 -0.2211 -0.3200 -0.4478 0.2356
 12 T  0.4467 -0.4633 -0.3567 -0.2211 -0.3200 -0.4478 0.2356
 13 F  0.4033 0.4144 0.4578 0.7178 -0.3022 0.1722 0.3533
 14 G  -1.0000 -1.0000 -1.0000 -0.3800 -0.1989 -1.0000 -1.0000
 15 E  -0.2556 -0.2678 -0.0644 -0.7733 -0.9644 1.0000 -0.6467
 16 S  -0.3744 -0.7078 -0.6044 -0.4044 -0.2944 -0.5178 -0.2356
 17 H  0.4267 0.1222 0.1533 -0.3011 0.2167 -0.0344 -0.1178
 18 G  -1.0000 -1.0000 -1.0000 -0.3800 -0.1989 -1.0000 -1.0000
 19 D  -0.2367 -0.4633 -0.3122 -0.8522 -1.0000 -0.1722 -0.7056
 20 V  0.7522 -0.3167 -0.2578 0.3678 -0.2122 -0.0344 1.0000
 21 I  1.0000 -0.0733 -0.0100 0.7244 -0.2067 0.1722 0.7644
 22 G  -1.0000 -1.0000 -1.0000 -0.3800 -0.1989 -1.0000 -1.0000
 23 G  -1.0000 -1.0000 -1.0000 -0.3800 -0.1989 -1.0000 -1.0000
 24 V  0.7522 -0.3167 -0.2578 0.3678 -0.2122 -0.0344 1.0000
 25 L  0.2367 -0.0733 -0.0100 0.6622 -0.2067 0.7933 -0.0589
 26 D  -0.2367 -0.4633 -0.3122 -0.8522 -1.0000 -0.1722 -0.7056
 27 G  -1.0000 -1.0000 -1.0000 -0.3800 -0.1989 -1.0000 -1.0000
 28 M  0.1222 0.0733 0.0967 0.3744 -0.2911 0.7244 -0.0011
 29 P  0.2744 -1.0000 -0.3267 0.0611 -0.0111 -1.0000 0.1178
 30 S  -0.3744 -0.7078 -0.6044 -0.4044 -0.2944 -0.5178 -0.2356
 31 G  -1.0000 -1.0000 -1.0000 -0.3800 -0.1989 -1.0000 -1.0000
 32 I  1.0000 -0.0733 -0.0100 0.7244 -0.2067 0.1722 0.7644
 33 K  -0.0978 0.0733 0.1811 -0.9878 0.8078 0.3100 -0.2944
 34 I  1.0000 -0.0733 -0.0100 0.7244 -0.2067 0.1722 0.7644
 35 D  -0.2367 -0.4633 -0.3122 -0.8522 -1.0000 -0.1722 -0.7056
 36 Y  0.4033 0.4633 0.6011 0.2089 -0.3044 -0.1722 0.5289
 37 A  -0.3889 -0.7556 -0.7522 -0.1900 -0.1889 1.0000 -0.5289
 38 L  0.2367 -0.0733 -0.0100 0.6622 -0.2067 0.7933 -0.0589
 39 L  0.2367 -0.0733 -0.0100 0.6622 -0.2067 0.7933 -0.0589
 40 E  -0.2556 -0.2678 -0.0644 -0.7733 -0.9644 1.0000 -0.6467
 41 N  -0.2367 -0.3656 -0.2700 -0.7489 -0.0833 -0.4478 -0.5878
 42 E  -0.2556 -0.2678 -0.0644 -0.7733 -0.9644 1.0000 -0.6467
 43 M  0.1222 0.0733 0.0967 0.3744 -0.2911 0.7244 -0.0011
 44 K  -0.0978 0.0733 0.1811 -0.9878 0.8078 0.3100 -0.2944
 45 R  0.1167 0.4144 0.5178 -1.0000 1.0000 0.5867 -0.4122
 46 R  0.1167 0.4144 0.5178 -1.0000 1.0000 0.5867 -0.4122
 47 Q  -0.2556 -0.1222 -0.0222 -0.5156 -0.3067 0.5867 -0.4122
 48 G  -1.0000 -1.0000 -1.0000 -0.3800 -0.1989 -1.0000 -1.0000
 49 G  -1.0000 -1.0000 -1.0000 -0.3800 -0.1989 -1.0000 -1.0000
 50 R  0.1167 0.4144 0.5178 -1.0000 1.0000 0.5867 -0.4122
 51 N  -0.2367 -0.3656 -0.2700 -0.7489 -0.0833 -0.4478 -0.5878
 52 V  0.7522 -0.3167 -0.2578 0.3678 -0.2122 -0.0344 1.0000
 53 F  0.4033 0.4144 0.4578 0.7178 -0.3022 0.1722 0.3533
 54 I  1.0000 -0.0733 -0.0100 0.7244 -0.2067 0.1722 0.7644
 55 T  0.4467 -0.4633 -0.3567 -0.2211 -0.3200 -0.4478 0.2356
 56 P  0.2744 -1.0000 -0.3267 0.0611 -0.0111 -1.0000 0.1178
 57 R  0.1167 0.4144 0.5178 -1.0000 1.0000 0.5867 -0.4122
 58 K  -0.0978 0.0733 0.1811 -0.9878 0.8078 0.3100 -0.2944
 59 E  -0.2556 -0.2678 -0.0644 -0.7733 -0.9644 1.0000 -0.6467
 60 D  -0.2367 -0.4633 -0.3122 -0.8522 -1.0000 -0.1722 -0.7056
 61 D  -0.2367 -0.4633 -0.3122 -0.8522 -1.0000 -0.1722 -0.7056
 62 K  -0.0978 0.0733 0.1811 -0.9878 0.8078 0.3100 -0.2944
 63 V  0.7522 -0.3167 -0.2578 0.3678 -0.2122 -0.0344 1.0000
 64 E  -0.2556 -0.2678 -0.0644 -0.7733 -0.9644 1.0000 -0.6467
 65 I  1.0000 -0.0733 -0.0100 0.7244 -0.2067 0.1722 0.7644
 66 T  0.4467 -0.4633 -0.3567 -0.2211 -0.3200 -0.4478 0.2356
 67 S  -0.3744 -0.7078 -0.6044 -0.4044 -0.2944 -0.5178 -0.2356
 68 G  -1.0000 -1.0000 -1.0000 -0.3800 -0.1989 -1.0000 -1.0000
 69 V  0.7522 -0.3167 -0.2578 0.3678 -0.2122 -0.0344 1.0000
 70 F  0.4033 0.4144 0.4578 0.7178 -0.3022 0.1722 0.3533
 71 E  -0.2556 -0.2678 -0.0644 -0.7733 -0.9644 1.0000 -0.6467
 72 D  -0.2367 -0.4633 -0.3122 -0.8522 -1.0000 -0.1722 -0.7056
 73 F  0.4033 0.4144 0.4578 0.7178 -0.3022 0.1722 0.3533
 74 S  -0.3744 -0.7078 -0.6044 -0.4044 -0.2944 -0.5178 -0.2356
 75 T  0.4467 -0.4633 -0.3567 -0.2211 -0.3200 -0.4478 0.2356
 76 G  -1.0000 -1.0000 -1.0000 -0.3800 -0.1989 -1.0000 -1.0000
 77 T  0.4467 -0.4633 -0.3567 -0.2211 -0.3200 -0.4478 0.2356
 78 P  0.2744 -1.0000 -0.3267 0.0611 -0.0111 -1.0000 0.1178
 79 I  1.0000 -0.0733 -0.0100 0.7244 -0.2067 0.1722 0.7644
 80 G  -1.0000 -1.0000 -1.0000 -0.3800 -0.1989 -1.0000 -1.0000
 81 F  0.4033 0.4144 0.4578 0.7178 -0.3022 0.1722 0.3533
 82 L  0.2367 -0.0733 -0.0100 0.6622 -0.2067 0.7933 -0.0589
 83 I  1.0000 -0.0733 -0.0100 0.7244 -0.2067 0.1722 0.7644
 84 H  0.4267 0.1222 0.1533 -0.3011 0.2167 -0.0344 -0.1178
 85 N  -0.2367 -0.3656 -0.2700 -0.7489 -0.0833 -0.4478 -0.5878
 86 Q  -0.2556 -0.1222 -0.0222 -0.5156 -0.3067 0.5867 -0.4122
 87 R  0.1167 0.4144 0.5178 -1.0000 1.0000 0.5867 -0.4122
 88 A  -0.3889 -0.7556 -0.7522 -0.1900 -0.1889 1.0000 -0.5289
 89 R  0.1167 0.4144 0.5178 -1.0000 1.0000 0.5867 -0.4122
 90 S  -0.3744 -0.7078 -0.6044 -0.4044 -0.2944 -0.5178 -0.2356
 91 K  -0.0978 0.0733 0.1811 -0.9878 0.8078 0.3100 -0.2944
 92 D  -0.2367 -0.4633 -0.3122 -0.8522 -1.0000 -0.1722 -0.7056
 93 Y  0.4033 0.4633 0.6011 0.2089 -0.3044 -0.1722 0.5289
 94 D  -0.2367 -0.4633 -0.3122 -0.8522 -1.0000 -0.1722 -0.7056
 95 N  -0.2367 -0.3656 -0.2700 -0.7489 -0.0833 -0.4478 -0.5878
 96 I  1.0000 -0.0733 -0.0100 0.7244 -0.2067 0.1722 0.7644
 97 K  -0.0978 0.0733 0.1811 -0.9878 0.8078 0.3100 -0.2944
 98 N  -0.2367 -0.3656 -0.2700 -0.7489 -0.0833 -0.4478 -0.5878
 99 L  0.2367 -0.0733 -0.0100 0.6622 -0.2067 0.7933 -0.0589
 100 F  0.4033 0.4144 0.4578 0.7178 -0.3022 0.1722 0.3533
 101 R  0.1167 0.4144 0.5178 -1.0000 1.0000 0.5867 -0.4122
 102 P  0.2744 -1.0000 -0.3267 0.0611 -0.0111 -1.0000 0.1178
 103 S  -0.3744 -0.7078 -0.6044 -0.4044 -0.2944 -0.5178 -0.2356
 104 H  0.4267 0.1222 0.1533 -0.3011 0.2167 -0.0344 -0.1178
 105 A  -0.3889 -0.7556 -0.7522 -0.1900 -0.1889 1.0000 -0.5289
 106 D  -0.2367 -0.4633 -0.3122 -0.8522 -1.0000 -0.1722 -0.7056
 107 F  0.4033 0.4144 0.4578 0.7178 -0.3022 0.1722 0.3533
 108 T  0.4467 -0.4633 -0.3567 -0.2211 -0.3200 -0.4478 0.2356
 109 Y  0.4033 0.4633 0.6011 0.2089 -0.3044 -0.1722 0.5289
 110 F  0.4033 0.4144 0.4578 0.7178 -0.3022 0.1722 0.3533
 111 H  0.4267 0.1222 0.1533 -0.3011 0.2167 -0.0344 -0.1178
 112 K  -0.0978 0.0733 0.1811 -0.9878 0.8078 0.3100 -0.2944
 113 Y  0.4033 0.4633 0.6011 0.2089 -0.3044 -0.1722 0.5289
 114 G  -1.0000 -1.0000 -1.0000 -0.3800 -0.1989 -1.0000 -1.0000
 115 I  1.0000 -0.0733 -0.0100 0.7244 -0.2067 0.1722 0.7644
 116 R  0.1167 0.4144 0.5178 -1.0000 1.0000 0.5867 -0.4122
 117 D  -0.2367 -0.4633 -0.3122 -0.8522 -1.0000 -0.1722 -0.7056
 118 F  0.4033 0.4144 0.4578 0.7178 -0.3022 0.1722 0.3533
 119 R  0.1167 0.4144 0.5178 -1.0000 1.0000 0.5867 -0.4122
 120 G  -1.0000 -1.0000 -1.0000 -0.3800 -0.1989 -1.0000 -1.0000
 121 G  -1.0000 -1.0000 -1.0000 -0.3800 -0.1989 -1.0000 -1.0000
 122 G  -1.0000 -1.0000 -1.0000 -0.3800 -0.1989 -1.0000 -1.0000
 123 R  0.1167 0.4144 0.5178 -1.0000 1.0000 0.5867 -0.4122
 124 S  -0.3744 -0.7078 -0.6044 -0.4044 -0.2944 -0.5178 -0.2356
 125 S  -0.3744 -0.7078 -0.6044 -0.4044 -0.2944 -0.5178 -0.2356
 126 A  -0.3889 -0.7556 -0.7522 -0.1900 -0.1889 1.0000 -0.5289
 127 R  0.1167 0.4144 0.5178 -1.0000 1.0000 0.5867 -0.4122
 128 E  -0.2556 -0.2678 -0.0644 -0.7733 -0.9644 1.0000 -0.6467
 129 S  -0.3744 -0.7078 -0.6044 -0.4044 -0.2944 -0.5178 -0.2356
 130 A  -0.3889 -0.7556 -0.7522 -0.1900 -0.1889 1.0000 -0.5289
 131 I  1.0000 -0.0733 -0.0100 0.7244 -0.2067 0.1722 0.7644
 132 R  0.1167 0.4144 0.5178 -1.0000 1.0000 0.5867 -0.4122
 133 V  0.7522 -0.3167 -0.2578 0.3678 -0.2122 -0.0344 1.0000
 134 A  -0.3889 -0.7556 -0.7522 -0.1900 -0.1889 1.0000 -0.5289
 135 A  -0.3889 -0.7556 -0.7522 -0.1900 -0.1889 1.0000 -0.5289
 136 G  -1.0000 -1.0000 -1.0000 -0.3800 -0.1989 -1.0000 -1.0000
 137 A  -0.3889 -0.7556 -0.7522 -0.1900 -0.1889 1.0000 -0.5289
 138 F  0.4033 0.4144 0.4578 0.7178 -0.3022 0.1722 0.3533
 139 A  -0.3889 -0.7556 -0.7522 -0.1900 -0.1889 1.0000 -0.5289
 140 K  -0.0978 0.0733 0.1811 -0.9878 0.8078 0.3100 -0.2944
 141 M  0.1222 0.0733 0.0967 0.3744 -0.2911 0.7244 -0.0011
 142 L  0.2367 -0.0733 -0.0100 0.6622 -0.2067 0.7933 -0.0589
 143 L  0.2367 -0.0733 -0.0100 0.6622 -0.2067 0.7933 -0.0589
 144 R  0.1167 0.4144 0.5178 -1.0000 1.0000 0.5867 -0.4122
 145 E  -0.2556 -0.2678 -0.0644 -0.7733 -0.9644 1.0000 -0.6467
 146 I  1.0000 -0.0733 -0.0100 0.7244 -0.2067 0.1722 0.7644
 147 G  -1.0000 -1.0000 -1.0000 -0.3800 -0.1989 -1.0000 -1.0000
 148 I  1.0000 -0.0733 -0.0100 0.7244 -0.2067 0.1722 0.7644
 149 V  0.7522 -0.3167 -0.2578 0.3678 -0.2122 -0.0344 1.0000
 150 C  -0.1556 -0.3656 -0.3989 0.5644 -0.1267 -0.7244 0.5289
 151 E  -0.2556 -0.2678 -0.0644 -0.7733 -0.9644 1.0000 -0.6467
 152 S  -0.3744 -0.7078 -0.6044 -0.4044 -0.2944 -0.5178 -0.2356
 153 G  -1.0000 -1.0000 -1.0000 -0.3800 -0.1989 -1.0000 -1.0000
 154 I  1.0000 -0.0733 -0.0100 0.7244 -0.2067 0.1722 0.7644
 155 I  1.0000 -0.0733 -0.0100 0.7244 -0.2067 0.1722 0.7644
 156 E  -0.2556 -0.2678 -0.0644 -0.7733 -0.9644 1.0000 -0.6467
 157 I  1.0000 -0.0733 -0.0100 0.7244 -0.2067 0.1722 0.7644
 158 G  -1.0000 -1.0000 -1.0000 -0.3800 -0.1989 -1.0000 -1.0000
 159 G  -1.0000 -1.0000 -1.0000 -0.3800 -0.1989 -1.0000 -1.0000
 160 I  1.0000 -0.0733 -0.0100 0.7244 -0.2067 0.1722 0.7644
 161 K  -0.0978 0.0733 0.1811 -0.9878 0.8078 0.3100 -0.2944
 162 A  -0.3889 -0.7556 -0.7522 -0.1900 -0.1889 1.0000 -0.5289
 163 K  -0.0978 0.0733 0.1811 -0.9878 0.8078 0.3100 -0.2944
 164 N  -0.2367 -0.3656 -0.2700 -0.7489 -0.0833 -0.4478 -0.5878
 165 Y  0.4033 0.4633 0.6011 0.2089 -0.3044 -0.1722 0.5289
 166 D  -0.2367 -0.4633 -0.3122 -0.8522 -1.0000 -0.1722 -0.7056
 167 F  0.4033 0.4144 0.4578 0.7178 -0.3022 0.1722 0.3533
 168 N  -0.2367 -0.3656 -0.2700 -0.7489 -0.0833 -0.4478 -0.5878
 169 H  0.4267 0.1222 0.1533 -0.3011 0.2167 -0.0344 -0.1178
 170 A  -0.3889 -0.7556 -0.7522 -0.1900 -0.1889 1.0000 -0.5289
 171 L  0.2367 -0.0733 -0.0100 0.6622 -0.2067 0.7933 -0.0589
 172 K  -0.0978 0.0733 0.1811 -0.9878 0.8078 0.3100 -0.2944
 173 S  -0.3744 -0.7078 -0.6044 -0.4044 -0.2944 -0.5178 -0.2356
 174 E  -0.2556 -0.2678 -0.0644 -0.7733 -0.9644 1.0000 -0.6467
 175 I  1.0000 -0.0733 -0.0100 0.7244 -0.2067 0.1722 0.7644
 176 F  0.4033 0.4144 0.4578 0.7178 -0.3022 0.1722 0.3533
 177 A  -0.3889 -0.7556 -0.7522 -0.1900 -0.1889 1.0000 -0.5289
 178 L  0.2367 -0.0733 -0.0100 0.6622 -0.2067 0.7933 -0.0589
 179 D  -0.2367 -0.4633 -0.3122 -0.8522 -1.0000 -0.1722 -0.7056
 180 E  -0.2556 -0.2678 -0.0644 -0.7733 -0.9644 1.0000 -0.6467
 181 E  -0.2556 -0.2678 -0.0644 -0.7733 -0.9644 1.0000 -0.6467
 182 Q  -0.2556 -0.1222 -0.0222 -0.5156 -0.3067 0.5867 -0.4122
 183 E  -0.2556 -0.2678 -0.0644 -0.7733 -0.9644 1.0000 -0.6467
 184 E  -0.2556 -0.2678 -0.0644 -0.7733 -0.9644 1.0000 -0.6467
 185 A  -0.3889 -0.7556 -0.7522 -0.1900 -0.1889 1.0000 -0.5289
 186 Q  -0.2556 -0.1222 -0.0222 -0.5156 -0.3067 0.5867 -0.4122
 187 K  -0.0978 0.0733 0.1811 -0.9878 0.8078 0.3100 -0.2944
 188 T  0.4467 -0.4633 -0.3567 -0.2211 -0.3200 -0.4478 0.2356
 189 A  -0.3889 -0.7556 -0.7522 -0.1900 -0.1889 1.0000 -0.5289
 190 I  1.0000 -0.0733 -0.0100 0.7244 -0.2067 0.1722 0.7644
 191 Q  -0.2556 -0.1222 -0.0222 -0.5156 -0.3067 0.5867 -0.4122
 192 N  -0.2367 -0.3656 -0.2700 -0.7489 -0.0833 -0.4478 -0.5878
 193 A  -0.3889 -0.7556 -0.7522 -0.1900 -0.1889 1.0000 -0.5289
 194 I  1.0000 -0.0733 -0.0100 0.7244 -0.2067 0.1722 0.7644
 195 K  -0.0978 0.0733 0.1811 -0.9878 0.8078 0.3100 -0.2944
 196 N  -0.2367 -0.3656 -0.2700 -0.7489 -0.0833 -0.4478 -0.5878
 197 H  0.4267 0.1222 0.1533 -0.3011 0.2167 -0.0344 -0.1178
 198 D  -0.2367 -0.4633 -0.3122 -0.8522 -1.0000 -0.1722 -0.7056
 199 S  -0.3744 -0.7078 -0.6044 -0.4044 -0.2944 -0.5178 -0.2356
 200 I  1.0000 -0.0733 -0.0100 0.7244 -0.2067 0.1722 0.7644
 201 G  -1.0000 -1.0000 -1.0000 -0.3800 -0.1989 -1.0000 -1.0000
 202 G  -1.0000 -1.0000 -1.0000 -0.3800 -0.1989 -1.0000 -1.0000
 203 V  0.7522 -0.3167 -0.2578 0.3678 -0.2122 -0.0344 1.0000
 204 A  -0.3889 -0.7556 -0.7522 -0.1900 -0.1889 1.0000 -0.5289
 205 L  0.2367 -0.0733 -0.0100 0.6622 -0.2067 0.7933 -0.0589
 206 I  1.0000 -0.0733 -0.0100 0.7244 -0.2067 0.1722 0.7644
 207 R  0.1167 0.4144 0.5178 -1.0000 1.0000 0.5867 -0.4122
 208 A  -0.3889 -0.7556 -0.7522 -0.1900 -0.1889 1.0000 -0.5289
 209 R  0.1167 0.4144 0.5178 -1.0000 1.0000 0.5867 -0.4122
 210 S  -0.3744 -0.7078 -0.6044 -0.4044 -0.2944 -0.5178 -0.2356
 211 I  1.0000 -0.0733 -0.0100 0.7244 -0.2067 0.1722 0.7644
 212 K  -0.0978 0.0733 0.1811 -0.9878 0.8078 0.3100 -0.2944
 213 T  0.4467 -0.4633 -0.3567 -0.2211 -0.3200 -0.4478 0.2356
 214 N  -0.2367 -0.3656 -0.2700 -0.7489 -0.0833 -0.4478 -0.5878
 215 Q  -0.2556 -0.1222 -0.0222 -0.5156 -0.3067 0.5867 -0.4122
 216 K  -0.0978 0.0733 0.1811 -0.9878 0.8078 0.3100 -0.2944
 217 L  0.2367 -0.0733 -0.0100 0.6622 -0.2067 0.7933 -0.0589
 218 P  0.2744 -1.0000 -0.3267 0.0611 -0.0111 -1.0000 0.1178
 219 I  1.0000 -0.0733 -0.0100 0.7244 -0.2067 0.1722 0.7644
 220 G  -1.0000 -1.0000 -1.0000 -0.3800 -0.1989 -1.0000 -1.0000
 221 L  0.2367 -0.0733 -0.0100 0.6622 -0.2067 0.7933 -0.0589
 222 G  -1.0000 -1.0000 -1.0000 -0.3800 -0.1989 -1.0000 -1.0000
 223 Q  -0.2556 -0.1222 -0.0222 -0.5156 -0.3067 0.5867 -0.4122
 224 G  -1.0000 -1.0000 -1.0000 -0.3800 -0.1989 -1.0000 -1.0000
 225 L  0.2367 -0.0733 -0.0100 0.6622 -0.2067 0.7933 -0.0589
 226 Y  0.4033 0.4633 0.6011 0.2089 -0.3044 -0.1722 0.5289
 227 A  -0.3889 -0.7556 -0.7522 -0.1900 -0.1889 1.0000 -0.5289
 228 K  -0.0978 0.0733 0.1811 -0.9878 0.8078 0.3100 -0.2944
 229 L  0.2367 -0.0733 -0.0100 0.6622 -0.2067 0.7933 -0.0589
 230 D  -0.2367 -0.4633 -0.3122 -0.8522 -1.0000 -0.1722 -0.7056
 231 A  -0.3889 -0.7556 -0.7522 -0.1900 -0.1889 1.0000 -0.5289
 232 K  -0.0978 0.0733 0.1811 -0.9878 0.8078 0.3100 -0.2944
 233 I  1.0000 -0.0733 -0.0100 0.7244 -0.2067 0.1722 0.7644
 234 A  -0.3889 -0.7556 -0.7522 -0.1900 -0.1889 1.0000 -0.5289
 235 E  -0.2556 -0.2678 -0.0644 -0.7733 -0.9644 1.0000 -0.6467
 236 A  -0.3889 -0.7556 -0.7522 -0.1900 -0.1889 1.0000 -0.5289
 237 M  0.1222 0.0733 0.0967 0.3744 -0.2911 0.7244 -0.0011
 238 M  0.1222 0.0733 0.0967 0.3744 -0.2911 0.7244 -0.0011
 239 G  -1.0000 -1.0000 -1.0000 -0.3800 -0.1989 -1.0000 -1.0000
 240 L  0.2367 -0.0733 -0.0100 0.6622 -0.2067 0.7933 -0.0589
 241 N  -0.2367 -0.3656 -0.2700 -0.7489 -0.0833 -0.4478 -0.5878
 242 G  -1.0000 -1.0000 -1.0000 -0.3800 -0.1989 -1.0000 -1.0000
 243 V  0.7522 -0.3167 -0.2578 0.3678 -0.2122 -0.0344 1.0000
 244 K  -0.0978 0.0733 0.1811 -0.9878 0.8078 0.3100 -0.2944
 245 A  -0.3889 -0.7556 -0.7522 -0.1900 -0.1889 1.0000 -0.5289
 246 V  0.7522 -0.3167 -0.2578 0.3678 -0.2122 -0.0344 1.0000
 247 E  -0.2556 -0.2678 -0.0644 -0.7733 -0.9644 1.0000 -0.6467
 248 I  1.0000 -0.0733 -0.0100 0.7244 -0.2067 0.1722 0.7644
 249 G  -1.0000 -1.0000 -1.0000 -0.3800 -0.1989 -1.0000 -1.0000
 250 K  -0.0978 0.0733 0.1811 -0.9878 0.8078 0.3100 -0.2944
 251 G  -1.0000 -1.0000 -1.0000 -0.3800 -0.1989 -1.0000 -1.0000
 252 V  0.7522 -0.3167 -0.2578 0.3678 -0.2122 -0.0344 1.0000
 253 E  -0.2556 -0.2678 -0.0644 -0.7733 -0.9644 1.0000 -0.6467
 254 S  -0.3744 -0.7078 -0.6044 -0.4044 -0.2944 -0.5178 -0.2356
 255 S  -0.3744 -0.7078 -0.6044 -0.4044 -0.2944 -0.5178 -0.2356
 256 L  0.2367 -0.0733 -0.0100 0.6622 -0.2067 0.7933 -0.0589
 257 L  0.2367 -0.0733 -0.0100 0.6622 -0.2067 0.7933 -0.0589
 258 K  -0.0978 0.0733 0.1811 -0.9878 0.8078 0.3100 -0.2944
 259 G  -1.0000 -1.0000 -1.0000 -0.3800 -0.1989 -1.0000 -1.0000
 260 S  -0.3744 -0.7078 -0.6044 -0.4044 -0.2944 -0.5178 -0.2356
 261 E  -0.2556 -0.2678 -0.0644 -0.7733 -0.9644 1.0000 -0.6467
 262 Y  0.4033 0.4633 0.6011 0.2089 -0.3044 -0.1722 0.5289
 263 N  -0.2367 -0.3656 -0.2700 -0.7489 -0.0833 -0.4478 -0.5878
 264 D  -0.2367 -0.4633 -0.3122 -0.8522 -1.0000 -0.1722 -0.7056
 265 L  0.2367 -0.0733 -0.0100 0.6622 -0.2067 0.7933 -0.0589
 266 M  0.1222 0.0733 0.0967 0.3744 -0.2911 0.7244 -0.0011
 267 D  -0.2367 -0.4633 -0.3122 -0.8522 -1.0000 -0.1722 -0.7056
 268 Q  -0.2556 -0.1222 -0.0222 -0.5156 -0.3067 0.5867 -0.4122
 269 K  -0.0978 0.0733 0.1811 -0.9878 0.8078 0.3100 -0.2944
 270 G  -1.0000 -1.0000 -1.0000 -0.3800 -0.1989 -1.0000 -1.0000
 271 F  0.4033 0.4144 0.4578 0.7178 -0.3022 0.1722 0.3533
 272 L  0.2367 -0.0733 -0.0100 0.6622 -0.2067 0.7933 -0.0589
 273 S  -0.3744 -0.7078 -0.6044 -0.4044 -0.2944 -0.5178 -0.2356
 274 N  -0.2367 -0.3656 -0.2700 -0.7489 -0.0833 -0.4478 -0.5878
 275 R  0.1167 0.4144 0.5178 -1.0000 1.0000 0.5867 -0.4122
 276 S  -0.3744 -0.7078 -0.6044 -0.4044 -0.2944 -0.5178 -0.2356
 277 G  -1.0000 -1.0000 -1.0000 -0.3800 -0.1989 -1.0000 -1.0000
 278 G  -1.0000 -1.0000 -1.0000 -0.3800 -0.1989 -1.0000 -1.0000
 279 V  0.7522 -0.3167 -0.2578 0.3678 -0.2122 -0.0344 1.0000
 280 L  0.2367 -0.0733 -0.0100 0.6622 -0.2067 0.7933 -0.0589
 281 G  -1.0000 -1.0000 -1.0000 -0.3800 -0.1989 -1.0000 -1.0000
 282 G  -1.0000 -1.0000 -1.0000 -0.3800 -0.1989 -1.0000 -1.0000
 283 M  0.1222 0.0733 0.0967 0.3744 -0.2911 0.7244 -0.0011
 284 S  -0.3744 -0.7078 -0.6044 -0.4044 -0.2944 -0.5178 -0.2356
 285 N  -0.2367 -0.3656 -0.2700 -0.7489 -0.0833 -0.4478 -0.5878
 286 G  -1.0000 -1.0000 -1.0000 -0.3800 -0.1989 -1.0000 -1.0000
 287 E  -0.2556 -0.2678 -0.0644 -0.7733 -0.9644 1.0000 -0.6467
 288 E  -0.2556 -0.2678 -0.0644 -0.7733 -0.9644 1.0000 -0.6467
 289 I  1.0000 -0.0733 -0.0100 0.7244 -0.2067 0.1722 0.7644
 290 I  1.0000 -0.0733 -0.0100 0.7244 -0.2067 0.1722 0.7644
 291 V  0.7522 -0.3167 -0.2578 0.3678 -0.2122 -0.0344 1.0000
 292 R  0.1167 0.4144 0.5178 -1.0000 1.0000 0.5867 -0.4122
 293 V  0.7522 -0.3167 -0.2578 0.3678 -0.2122 -0.0344 1.0000
 294 H  0.4267 0.1222 0.1533 -0.3011 0.2167 -0.0344 -0.1178
 295 F  0.4033 0.4144 0.4578 0.7178 -0.3022 0.1722 0.3533
 296 K  -0.0978 0.0733 0.1811 -0.9878 0.8078 0.3100 -0.2944
 297 P  0.2744 -1.0000 -0.3267 0.0611 -0.0111 -1.0000 0.1178
 298 T  0.4467 -0.4633 -0.3567 -0.2211 -0.3200 -0.4478 0.2356
 299 P  0.2744 -1.0000 -0.3267 0.0611 -0.0111 -1.0000 0.1178
 300 S  -0.3744 -0.7078 -0.6044 -0.4044 -0.2944 -0.5178 -0.2356
 301 I  1.0000 -0.0733 -0.0100 0.7244 -0.2067 0.1722 0.7644
 302 F  0.4033 0.4144 0.4578 0.7178 -0.3022 0.1722 0.3533
 303 Q  -0.2556 -0.1222 -0.0222 -0.5156 -0.3067 0.5867 -0.4122
 304 P  0.2744 -1.0000 -0.3267 0.0611 -0.0111 -1.0000 0.1178
 305 Q  -0.2556 -0.1222 -0.0222 -0.5156 -0.3067 0.5867 -0.4122
 306 R  0.1167 0.4144 0.5178 -1.0000 1.0000 0.5867 -0.4122
 307 T  0.4467 -0.4633 -0.3567 -0.2211 -0.3200 -0.4478 0.2356
 308 I  1.0000 -0.0733 -0.0100 0.7244 -0.2067 0.1722 0.7644
 309 D  -0.2367 -0.4633 -0.3122 -0.8522 -1.0000 -0.1722 -0.7056
 310 I  1.0000 -0.0733 -0.0100 0.7244 -0.2067 0.1722 0.7644
 311 N  -0.2367 -0.3656 -0.2700 -0.7489 -0.0833 -0.4478 -0.5878
 312 G  -1.0000 -1.0000 -1.0000 -0.3800 -0.1989 -1.0000 -1.0000
 313 N  -0.2367 -0.3656 -0.2700 -0.7489 -0.0833 -0.4478 -0.5878
 314 E  -0.2556 -0.2678 -0.0644 -0.7733 -0.9644 1.0000 -0.6467
 315 C  -0.1556 -0.3656 -0.3989 0.5644 -0.1267 -0.7244 0.5289
 316 E  -0.2556 -0.2678 -0.0644 -0.7733 -0.9644 1.0000 -0.6467
 317 C  -0.1556 -0.3656 -0.3989 0.5644 -0.1267 -0.7244 0.5289
 318 L  0.2367 -0.0733 -0.0100 0.6622 -0.2067 0.7933 -0.0589
 319 L  0.2367 -0.0733 -0.0100 0.6622 -0.2067 0.7933 -0.0589
 320 K  -0.0978 0.0733 0.1811 -0.9878 0.8078 0.3100 -0.2944
 321 G  -1.0000 -1.0000 -1.0000 -0.3800 -0.1989 -1.0000 -1.0000
 322 R  0.1167 0.4144 0.5178 -1.0000 1.0000 0.5867 -0.4122
 323 H  0.4267 0.1222 0.1533 -0.3011 0.2167 -0.0344 -0.1178
 324 D  -0.2367 -0.4633 -0.3122 -0.8522 -1.0000 -0.1722 -0.7056
 325 P  0.2744 -1.0000 -0.3267 0.0611 -0.0111 -1.0000 0.1178
 326 C  -0.1556 -0.3656 -0.3989 0.5644 -0.1267 -0.7244 0.5289
 327 I  1.0000 -0.0733 -0.0100 0.7244 -0.2067 0.1722 0.7644
 328 A  -0.3889 -0.7556 -0.7522 -0.1900 -0.1889 1.0000 -0.5289
 329 I  1.0000 -0.0733 -0.0100 0.7244 -0.2067 0.1722 0.7644
 330 R  0.1167 0.4144 0.5178 -1.0000 1.0000 0.5867 -0.4122
 331 G  -1.0000 -1.0000 -1.0000 -0.3800 -0.1989 -1.0000 -1.0000
 332 S  -0.3744 -0.7078 -0.6044 -0.4044 -0.2944 -0.5178 -0.2356
 333 V  0.7522 -0.3167 -0.2578 0.3678 -0.2122 -0.0344 1.0000
 334 V  0.7522 -0.3167 -0.2578 0.3678 -0.2122 -0.0344 1.0000
 335 C  -0.1556 -0.3656 -0.3989 0.5644 -0.1267 -0.7244 0.5289
 336 E  -0.2556 -0.2678 -0.0644 -0.7733 -0.9644 1.0000 -0.6467
 337 S  -0.3744 -0.7078 -0.6044 -0.4044 -0.2944 -0.5178 -0.2356
 338 L  0.2367 -0.0733 -0.0100 0.6622 -0.2067 0.7933 -0.0589
 339 L  0.2367 -0.0733 -0.0100 0.6622 -0.2067 0.7933 -0.0589
 340 A  -0.3889 -0.7556 -0.7522 -0.1900 -0.1889 1.0000 -0.5289
 341 L  0.2367 -0.0733 -0.0100 0.6622 -0.2067 0.7933 -0.0589
 342 V  0.7522 -0.3167 -0.2578 0.3678 -0.2122 -0.0344 1.0000
 343 L  0.2367 -0.0733 -0.0100 0.6622 -0.2067 0.7933 -0.0589
 344 A  -0.3889 -0.7556 -0.7522 -0.1900 -0.1889 1.0000 -0.5289
 345 D  -0.2367 -0.4633 -0.3122 -0.8522 -1.0000 -0.1722 -0.7056
 346 M  0.1222 0.0733 0.0967 0.3744 -0.2911 0.7244 -0.0011
 347 V  0.7522 -0.3167 -0.2578 0.3678 -0.2122 -0.0344 1.0000
 348 L  0.2367 -0.0733 -0.0100 0.6622 -0.2067 0.7933 -0.0589
 349 L  0.2367 -0.0733 -0.0100 0.6622 -0.2067 0.7933 -0.0589
 350 N  -0.2367 -0.3656 -0.2700 -0.7489 -0.0833 -0.4478 -0.5878
 351 L  0.2367 -0.0733 -0.0100 0.6622 -0.2067 0.7933 -0.0589
 352 T  0.4467 -0.4633 -0.3567 -0.2211 -0.3200 -0.4478 0.2356
 353 S  -0.3744 -0.7078 -0.6044 -0.4044 -0.2944 -0.5178 -0.2356
 354 K  -0.0978 0.0733 0.1811 -0.9878 0.8078 0.3100 -0.2944
 355 I  1.0000 -0.0733 -0.0100 0.7244 -0.2067 0.1722 0.7644
 356 E  -0.2556 -0.2678 -0.0644 -0.7733 -0.9644 1.0000 -0.6467
 357 Y  0.4033 0.4633 0.6011 0.2089 -0.3044 -0.1722 0.5289
 358 L  0.2367 -0.0733 -0.0100 0.6622 -0.2067 0.7933 -0.0589
 359 K  -0.0978 0.0733 0.1811 -0.9878 0.8078 0.3100 -0.2944
 360 T  0.4467 -0.4633 -0.3567 -0.2211 -0.3200 -0.4478 0.2356
 361 I  1.0000 -0.0733 -0.0100 0.7244 -0.2067 0.1722 0.7644
 362 Y  0.4033 0.4633 0.6011 0.2089 -0.3044 -0.1722 0.5289
 363 N  -0.2367 -0.3656 -0.2700 -0.7489 -0.0833 -0.4478 -0.5878
 364 E  -0.2556 -0.2678 -0.0644 -0.7733 -0.9644 1.0000 -0.6467
 365 N  -0.2367 -0.3656 -0.2700 -0.7489 -0.0833 -0.4478 -0.5878
