 202 P  0.2744 -1.0000 -0.3267 0.0611 -0.0111 -1.0000 0.1178
 203 G  -1.0000 -1.0000 -1.0000 -0.3800 -0.1989 -1.0000 -1.0000
 204 C  -0.1556 -0.3656 -0.3989 0.5644 -0.1267 -0.7244 0.5289
 205 E  -0.2556 -0.2678 -0.0644 -0.7733 -0.9644 1.0000 -0.6467
 206 K  -0.0978 0.0733 0.1811 -0.9878 0.8078 0.3100 -0.2944
 207 V  0.7522 -0.3167 -0.2578 0.3678 -0.2122 -0.0344 1.0000
 208 F  0.4033 0.4144 0.4578 0.7178 -0.3022 0.1722 0.3533
 209 E  -0.2556 -0.2678 -0.0644 -0.7733 -0.9644 1.0000 -0.6467
 210 E  -0.2556 -0.2678 -0.0644 -0.7733 -0.9644 1.0000 -0.6467
 211 P  0.2744 -1.0000 -0.3267 0.0611 -0.0111 -1.0000 0.1178
 212 E  -0.2556 -0.2678 -0.0644 -0.7733 -0.9644 1.0000 -0.6467
 213 E  -0.2556 -0.2678 -0.0644 -0.7733 -0.9644 1.0000 -0.6467
 214 F  0.4033 0.4144 0.4578 0.7178 -0.3022 0.1722 0.3533
 215 L  0.2367 -0.0733 -0.0100 0.6622 -0.2067 0.7933 -0.0589
 216 K  -0.0978 0.0733 0.1811 -0.9878 0.8078 0.3100 -0.2944
 217 H  0.4267 0.1222 0.1533 -0.3011 0.2167 -0.0344 -0.1178
 218 C  -0.1556 -0.3656 -0.3989 0.5644 -0.1267 -0.7244 0.5289
 219 Q  -0.2556 -0.1222 -0.0222 -0.5156 -0.3067 0.5867 -0.4122
 220 A  -0.3889 -0.7556 -0.7522 -0.1900 -0.1889 1.0000 -0.5289
 221 D  -0.2367 -0.4633 -0.3122 -0.8522 -1.0000 -0.1722 -0.7056
 222 H  0.4267 0.1222 0.1533 -0.3011 0.2167 -0.0344 -0.1178
 223 L  0.2367 -0.0733 -0.0100 0.6622 -0.2067 0.7933 -0.0589
 224 L  0.2367 -0.0733 -0.0100 0.6622 -0.2067 0.7933 -0.0589
 225 D  -0.2367 -0.4633 -0.3122 -0.8522 -1.0000 -0.1722 -0.7056
 226 E  -0.2556 -0.2678 -0.0644 -0.7733 -0.9644 1.0000 -0.6467
 227 K  -0.0978 0.0733 0.1811 -0.9878 0.8078 0.3100 -0.2944
 228 G  -1.0000 -1.0000 -1.0000 -0.3800 -0.1989 -1.0000 -1.0000
 229 K  -0.0978 0.0733 0.1811 -0.9878 0.8078 0.3100 -0.2944
 230 A  -0.3889 -0.7556 -0.7522 -0.1900 -0.1889 1.0000 -0.5289
 231 Q  -0.2556 -0.1222 -0.0222 -0.5156 -0.3067 0.5867 -0.4122
 232 C  -0.1556 -0.3656 -0.3989 0.5644 -0.1267 -0.7244 0.5289
 233 L  0.2367 -0.0733 -0.0100 0.6622 -0.2067 0.7933 -0.0589
 234 L  0.2367 -0.0733 -0.0100 0.6622 -0.2067 0.7933 -0.0589
 235 Q  -0.2556 -0.1222 -0.0222 -0.5156 -0.3067 0.5867 -0.4122
 236 R  0.1167 0.4144 0.5178 -1.0000 1.0000 0.5867 -0.4122
 237 E  -0.2556 -0.2678 -0.0644 -0.7733 -0.9644 1.0000 -0.6467
 238 V  0.7522 -0.3167 -0.2578 0.3678 -0.2122 -0.0344 1.0000
 239 V  0.7522 -0.3167 -0.2578 0.3678 -0.2122 -0.0344 1.0000
 240 Q  -0.2556 -0.1222 -0.0222 -0.5156 -0.3067 0.5867 -0.4122
 241 S  -0.3744 -0.7078 -0.6044 -0.4044 -0.2944 -0.5178 -0.2356
 242 L  0.2367 -0.0733 -0.0100 0.6622 -0.2067 0.7933 -0.0589
 243 E  -0.2556 -0.2678 -0.0644 -0.7733 -0.9644 1.0000 -0.6467
 244 Q  -0.2556 -0.1222 -0.0222 -0.5156 -0.3067 0.5867 -0.4122
 245 Q  -0.2556 -0.1222 -0.0222 -0.5156 -0.3067 0.5867 -0.4122
 246 L  0.2367 -0.0733 -0.0100 0.6622 -0.2067 0.7933 -0.0589
 247 E  -0.2556 -0.2678 -0.0644 -0.7733 -0.9644 1.0000 -0.6467
 248 L  0.2367 -0.0733 -0.0100 0.6622 -0.2067 0.7933 -0.0589
 249 E  -0.2556 -0.2678 -0.0644 -0.7733 -0.9644 1.0000 -0.6467
 250 K  -0.0978 0.0733 0.1811 -0.9878 0.8078 0.3100 -0.2944
 251 E  -0.2556 -0.2678 -0.0644 -0.7733 -0.9644 1.0000 -0.6467
 252 K  -0.0978 0.0733 0.1811 -0.9878 0.8078 0.3100 -0.2944
 253 L  0.2367 -0.0733 -0.0100 0.6622 -0.2067 0.7933 -0.0589
 254 G  -1.0000 -1.0000 -1.0000 -0.3800 -0.1989 -1.0000 -1.0000
 255 A  -0.3889 -0.7556 -0.7522 -0.1900 -0.1889 1.0000 -0.5289
 256 M  0.1222 0.0733 0.0967 0.3744 -0.2911 0.7244 -0.0011
 257 Q  -0.2556 -0.1222 -0.0222 -0.5156 -0.3067 0.5867 -0.4122
 258 A  -0.3889 -0.7556 -0.7522 -0.1900 -0.1889 1.0000 -0.5289
 259 H  0.4267 0.1222 0.1533 -0.3011 0.2167 -0.0344 -0.1178
 260 L  0.2367 -0.0733 -0.0100 0.6622 -0.2067 0.7933 -0.0589
 261 A  -0.3889 -0.7556 -0.7522 -0.1900 -0.1889 1.0000 -0.5289
 262 G  -1.0000 -1.0000 -1.0000 -0.3800 -0.1989 -1.0000 -1.0000
 263 K  -0.0978 0.0733 0.1811 -0.9878 0.8078 0.3100 -0.2944
