 1 M  0.1222 0.0733 0.0967 0.3744 -0.2911 0.7244 -0.0011
 2 N  -0.2367 -0.3656 -0.2700 -0.7489 -0.0833 -0.4478 -0.5878
 3 K  -0.0978 0.0733 0.1811 -0.9878 0.8078 0.3100 -0.2944
 4 K  -0.0978 0.0733 0.1811 -0.9878 0.8078 0.3100 -0.2944
 5 E  -0.2556 -0.2678 -0.0644 -0.7733 -0.9644 1.0000 -0.6467
 6 L  0.2367 -0.0733 -0.0100 0.6622 -0.2067 0.7933 -0.0589
 7 I  1.0000 -0.0733 -0.0100 0.7244 -0.2067 0.1722 0.7644
 8 D  -0.2367 -0.4633 -0.3122 -0.8522 -1.0000 -0.1722 -0.7056
 9 R  0.1167 0.4144 0.5178 -1.0000 1.0000 0.5867 -0.4122
 10 V  0.7522 -0.3167 -0.2578 0.3678 -0.2122 -0.0344 1.0000
 11 A  -0.3889 -0.7556 -0.7522 -0.1900 -0.1889 1.0000 -0.5289
 12 K  -0.0978 0.0733 0.1811 -0.9878 0.8078 0.3100 -0.2944
 13 K  -0.0978 0.0733 0.1811 -0.9878 0.8078 0.3100 -0.2944
 14 A  -0.3889 -0.7556 -0.7522 -0.1900 -0.1889 1.0000 -0.5289
 15 G  -1.0000 -1.0000 -1.0000 -0.3800 -0.1989 -1.0000 -1.0000
 16 A  -0.3889 -0.7556 -0.7522 -0.1900 -0.1889 1.0000 -0.5289
 17 K  -0.0978 0.0733 0.1811 -0.9878 0.8078 0.3100 -0.2944
 18 K  -0.0978 0.0733 0.1811 -0.9878 0.8078 0.3100 -0.2944
 19 K  -0.0978 0.0733 0.1811 -0.9878 0.8078 0.3100 -0.2944
 20 D  -0.2367 -0.4633 -0.3122 -0.8522 -1.0000 -0.1722 -0.7056
 21 V  0.7522 -0.3167 -0.2578 0.3678 -0.2122 -0.0344 1.0000
 22 K  -0.0978 0.0733 0.1811 -0.9878 0.8078 0.3100 -0.2944
 23 L  0.2367 -0.0733 -0.0100 0.6622 -0.2067 0.7933 -0.0589
 24 I  1.0000 -0.0733 -0.0100 0.7244 -0.2067 0.1722 0.7644
 25 L  0.2367 -0.0733 -0.0100 0.6622 -0.2067 0.7933 -0.0589
 26 D  -0.2367 -0.4633 -0.3122 -0.8522 -1.0000 -0.1722 -0.7056
 27 T  0.4467 -0.4633 -0.3567 -0.2211 -0.3200 -0.4478 0.2356
 28 I  1.0000 -0.0733 -0.0100 0.7244 -0.2067 0.1722 0.7644
 29 L  0.2367 -0.0733 -0.0100 0.6622 -0.2067 0.7933 -0.0589
 30 E  -0.2556 -0.2678 -0.0644 -0.7733 -0.9644 1.0000 -0.6467
 31 T  0.4467 -0.4633 -0.3567 -0.2211 -0.3200 -0.4478 0.2356
 32 I  1.0000 -0.0733 -0.0100 0.7244 -0.2067 0.1722 0.7644
 33 T  0.4467 -0.4633 -0.3567 -0.2211 -0.3200 -0.4478 0.2356
 34 E  -0.2556 -0.2678 -0.0644 -0.7733 -0.9644 1.0000 -0.6467
 35 A  -0.3889 -0.7556 -0.7522 -0.1900 -0.1889 1.0000 -0.5289
 36 L  0.2367 -0.0733 -0.0100 0.6622 -0.2067 0.7933 -0.0589
 37 A  -0.3889 -0.7556 -0.7522 -0.1900 -0.1889 1.0000 -0.5289
 38 K  -0.0978 0.0733 0.1811 -0.9878 0.8078 0.3100 -0.2944
 39 G  -1.0000 -1.0000 -1.0000 -0.3800 -0.1989 -1.0000 -1.0000
 40 E  -0.2556 -0.2678 -0.0644 -0.7733 -0.9644 1.0000 -0.6467
 41 K  -0.0978 0.0733 0.1811 -0.9878 0.8078 0.3100 -0.2944
 42 V  0.7522 -0.3167 -0.2578 0.3678 -0.2122 -0.0344 1.0000
 43 Q  -0.2556 -0.1222 -0.0222 -0.5156 -0.3067 0.5867 -0.4122
 44 I  1.0000 -0.0733 -0.0100 0.7244 -0.2067 0.1722 0.7644
 45 V  0.7522 -0.3167 -0.2578 0.3678 -0.2122 -0.0344 1.0000
 46 G  -1.0000 -1.0000 -1.0000 -0.3800 -0.1989 -1.0000 -1.0000
 47 F  0.4033 0.4144 0.4578 0.7178 -0.3022 0.1722 0.3533
 48 G  -1.0000 -1.0000 -1.0000 -0.3800 -0.1989 -1.0000 -1.0000
 49 S  -0.3744 -0.7078 -0.6044 -0.4044 -0.2944 -0.5178 -0.2356
 50 F  0.4033 0.4144 0.4578 0.7178 -0.3022 0.1722 0.3533
 51 E  -0.2556 -0.2678 -0.0644 -0.7733 -0.9644 1.0000 -0.6467
 52 V  0.7522 -0.3167 -0.2578 0.3678 -0.2122 -0.0344 1.0000
 ! !  -1.0000 -1.0000 -1.0000 -1.0000 -1.0000 -1.0000 -1.0000
 76 V  0.7522 -0.3167 -0.2578 0.3678 -0.2122 -0.0344 1.0000
 77 P  0.2744 -1.0000 -0.3267 0.0611 -0.0111 -1.0000 0.1178
 78 K  -0.0978 0.0733 0.1811 -0.9878 0.8078 0.3100 -0.2944
 79 F  0.4033 0.4144 0.4578 0.7178 -0.3022 0.1722 0.3533
 80 K  -0.0978 0.0733 0.1811 -0.9878 0.8078 0.3100 -0.2944
 81 P  0.2744 -1.0000 -0.3267 0.0611 -0.0111 -1.0000 0.1178
 82 G  -1.0000 -1.0000 -1.0000 -0.3800 -0.1989 -1.0000 -1.0000
 83 K  -0.0978 0.0733 0.1811 -0.9878 0.8078 0.3100 -0.2944
 84 A  -0.3889 -0.7556 -0.7522 -0.1900 -0.1889 1.0000 -0.5289
 85 L  0.2367 -0.0733 -0.0100 0.6622 -0.2067 0.7933 -0.0589
 86 K  -0.0978 0.0733 0.1811 -0.9878 0.8078 0.3100 -0.2944
 87 E  -0.2556 -0.2678 -0.0644 -0.7733 -0.9644 1.0000 -0.6467
 88 K  -0.0978 0.0733 0.1811 -0.9878 0.8078 0.3100 -0.2944
 89 V  0.7522 -0.3167 -0.2578 0.3678 -0.2122 -0.0344 1.0000
 90 K  -0.0978 0.0733 0.1811 -0.9878 0.8078 0.3100 -0.2944
