 1 M  0.1222 0.0733 0.0967 0.3744 -0.2911 0.7244 -0.0011
 2 E  -0.2556 -0.2678 -0.0644 -0.7733 -0.9644 1.0000 -0.6467
 3 V  0.7522 -0.3167 -0.2578 0.3678 -0.2122 -0.0344 1.0000
 4 H  0.4267 0.1222 0.1533 -0.3011 0.2167 -0.0344 -0.1178
 5 A  -0.3889 -0.7556 -0.7522 -0.1900 -0.1889 1.0000 -0.5289
 6 A  -0.3889 -0.7556 -0.7522 -0.1900 -0.1889 1.0000 -0.5289
 7 D  -0.2367 -0.4633 -0.3122 -0.8522 -1.0000 -0.1722 -0.7056
 8 Q  -0.2556 -0.1222 -0.0222 -0.5156 -0.3067 0.5867 -0.4122
 9 Y  0.4033 0.4633 0.6011 0.2089 -0.3044 -0.1722 0.5289
 10 L  0.2367 -0.0733 -0.0100 0.6622 -0.2067 0.7933 -0.0589
 11 V  0.7522 -0.3167 -0.2578 0.3678 -0.2122 -0.0344 1.0000
 12 A  -0.3889 -0.7556 -0.7522 -0.1900 -0.1889 1.0000 -0.5289
 13 P  0.2744 -1.0000 -0.3267 0.0611 -0.0111 -1.0000 0.1178
 14 G  -1.0000 -1.0000 -1.0000 -0.3800 -0.1989 -1.0000 -1.0000
 15 E  -0.2556 -0.2678 -0.0644 -0.7733 -0.9644 1.0000 -0.6467
 16 A  -0.3889 -0.7556 -0.7522 -0.1900 -0.1889 1.0000 -0.5289
 17 D  -0.2367 -0.4633 -0.3122 -0.8522 -1.0000 -0.1722 -0.7056
 18 L  0.2367 -0.0733 -0.0100 0.6622 -0.2067 0.7933 -0.0589
 19 L  0.2367 -0.0733 -0.0100 0.6622 -0.2067 0.7933 -0.0589
 20 E  -0.2556 -0.2678 -0.0644 -0.7733 -0.9644 1.0000 -0.6467
 21 V  0.7522 -0.3167 -0.2578 0.3678 -0.2122 -0.0344 1.0000
 22 H  0.4267 0.1222 0.1533 -0.3011 0.2167 -0.0344 -0.1178
 23 A  -0.3889 -0.7556 -0.7522 -0.1900 -0.1889 1.0000 -0.5289
 24 R  0.1167 0.4144 0.5178 -1.0000 1.0000 0.5867 -0.4122
 25 L  0.2367 -0.0733 -0.0100 0.6622 -0.2067 0.7933 -0.0589
 26 A  -0.3889 -0.7556 -0.7522 -0.1900 -0.1889 1.0000 -0.5289
 27 G  -1.0000 -1.0000 -1.0000 -0.3800 -0.1989 -1.0000 -1.0000
 28 T  0.4467 -0.4633 -0.3567 -0.2211 -0.3200 -0.4478 0.2356
 29 G  -1.0000 -1.0000 -1.0000 -0.3800 -0.1989 -1.0000 -1.0000
 30 L  0.2367 -0.0733 -0.0100 0.6622 -0.2067 0.7933 -0.0589
 31 F  0.4033 0.4144 0.4578 0.7178 -0.3022 0.1722 0.3533
 32 P  0.2744 -1.0000 -0.3267 0.0611 -0.0111 -1.0000 0.1178
 33 P  0.2744 -1.0000 -0.3267 0.0611 -0.0111 -1.0000 0.1178
 34 F  0.4033 0.4144 0.4578 0.7178 -0.3022 0.1722 0.3533
 35 P  0.2744 -1.0000 -0.3267 0.0611 -0.0111 -1.0000 0.1178
 36 P  0.2744 -1.0000 -0.3267 0.0611 -0.0111 -1.0000 0.1178
 37 V  0.7522 -0.3167 -0.2578 0.3678 -0.2122 -0.0344 1.0000
 38 E  -0.2556 -0.2678 -0.0644 -0.7733 -0.9644 1.0000 -0.6467
 39 L  0.2367 -0.0733 -0.0100 0.6622 -0.2067 0.7933 -0.0589
 40 P  0.2744 -1.0000 -0.3267 0.0611 -0.0111 -1.0000 0.1178
 41 G  -1.0000 -1.0000 -1.0000 -0.3800 -0.1989 -1.0000 -1.0000
 42 G  -1.0000 -1.0000 -1.0000 -0.3800 -0.1989 -1.0000 -1.0000
 43 V  0.7522 -0.3167 -0.2578 0.3678 -0.2122 -0.0344 1.0000
 44 G  -1.0000 -1.0000 -1.0000 -0.3800 -0.1989 -1.0000 -1.0000
 45 G  -1.0000 -1.0000 -1.0000 -0.3800 -0.1989 -1.0000 -1.0000
 46 L  0.2367 -0.0733 -0.0100 0.6622 -0.2067 0.7933 -0.0589
 47 V  0.7522 -0.3167 -0.2578 0.3678 -0.2122 -0.0344 1.0000
 48 A  -0.3889 -0.7556 -0.7522 -0.1900 -0.1889 1.0000 -0.5289
 49 R  0.1167 0.4144 0.5178 -1.0000 1.0000 0.5867 -0.4122
 50 G  -1.0000 -1.0000 -1.0000 -0.3800 -0.1989 -1.0000 -1.0000
 51 G  -1.0000 -1.0000 -1.0000 -0.3800 -0.1989 -1.0000 -1.0000
 52 F  0.4033 0.4144 0.4578 0.7178 -0.3022 0.1722 0.3533
 53 A  -0.3889 -0.7556 -0.7522 -0.1900 -0.1889 1.0000 -0.5289
 54 Q  -0.2556 -0.1222 -0.0222 -0.5156 -0.3067 0.5867 -0.4122
 55 T  0.4467 -0.4633 -0.3567 -0.2211 -0.3200 -0.4478 0.2356
 56 F  0.4033 0.4144 0.4578 0.7178 -0.3022 0.1722 0.3533
 57 F  0.4033 0.4144 0.4578 0.7178 -0.3022 0.1722 0.3533
 58 F  0.4033 0.4144 0.4578 0.7178 -0.3022 0.1722 0.3533
 59 P  0.2744 -1.0000 -0.3267 0.0611 -0.0111 -1.0000 0.1178
 60 A  -0.3889 -0.7556 -0.7522 -0.1900 -0.1889 1.0000 -0.5289
 61 E  -0.2556 -0.2678 -0.0644 -0.7733 -0.9644 1.0000 -0.6467
 62 V  0.7522 -0.3167 -0.2578 0.3678 -0.2122 -0.0344 1.0000
 63 L  0.2367 -0.0733 -0.0100 0.6622 -0.2067 0.7933 -0.0589
 64 G  -1.0000 -1.0000 -1.0000 -0.3800 -0.1989 -1.0000 -1.0000
 65 L  0.2367 -0.0733 -0.0100 0.6622 -0.2067 0.7933 -0.0589
 66 T  0.4467 -0.4633 -0.3567 -0.2211 -0.3200 -0.4478 0.2356
 67 F  0.4033 0.4144 0.4578 0.7178 -0.3022 0.1722 0.3533
 68 R  0.1167 0.4144 0.5178 -1.0000 1.0000 0.5867 -0.4122
 69 T  0.4467 -0.4633 -0.3567 -0.2211 -0.3200 -0.4478 0.2356
 70 P  0.2744 -1.0000 -0.3267 0.0611 -0.0111 -1.0000 0.1178
 71 K  -0.0978 0.0733 0.1811 -0.9878 0.8078 0.3100 -0.2944
 72 G  -1.0000 -1.0000 -1.0000 -0.3800 -0.1989 -1.0000 -1.0000
 73 R  0.1167 0.4144 0.5178 -1.0000 1.0000 0.5867 -0.4122
 74 R  0.1167 0.4144 0.5178 -1.0000 1.0000 0.5867 -0.4122
 75 V  0.7522 -0.3167 -0.2578 0.3678 -0.2122 -0.0344 1.0000
 76 R  0.1167 0.4144 0.5178 -1.0000 1.0000 0.5867 -0.4122
 77 A  -0.3889 -0.7556 -0.7522 -0.1900 -0.1889 1.0000 -0.5289
 78 G  -1.0000 -1.0000 -1.0000 -0.3800 -0.1989 -1.0000 -1.0000
 79 G  -1.0000 -1.0000 -1.0000 -0.3800 -0.1989 -1.0000 -1.0000
 80 V  0.7522 -0.3167 -0.2578 0.3678 -0.2122 -0.0344 1.0000
 81 V  0.7522 -0.3167 -0.2578 0.3678 -0.2122 -0.0344 1.0000
 82 V  0.7522 -0.3167 -0.2578 0.3678 -0.2122 -0.0344 1.0000
 83 K  -0.0978 0.0733 0.1811 -0.9878 0.8078 0.3100 -0.2944
 84 N  -0.2367 -0.3656 -0.2700 -0.7489 -0.0833 -0.4478 -0.5878
 85 V  0.7522 -0.3167 -0.2578 0.3678 -0.2122 -0.0344 1.0000
 86 Q  -0.2556 -0.1222 -0.0222 -0.5156 -0.3067 0.5867 -0.4122
 87 G  -1.0000 -1.0000 -1.0000 -0.3800 -0.1989 -1.0000 -1.0000
 88 Y  0.4033 0.4633 0.6011 0.2089 -0.3044 -0.1722 0.5289
 89 D  -0.2367 -0.4633 -0.3122 -0.8522 -1.0000 -0.1722 -0.7056
 90 L  0.2367 -0.0733 -0.0100 0.6622 -0.2067 0.7933 -0.0589
 91 V  0.7522 -0.3167 -0.2578 0.3678 -0.2122 -0.0344 1.0000
 92 R  0.1167 0.4144 0.5178 -1.0000 1.0000 0.5867 -0.4122
 93 L  0.2367 -0.0733 -0.0100 0.6622 -0.2067 0.7933 -0.0589
 94 F  0.4033 0.4144 0.4578 0.7178 -0.3022 0.1722 0.3533
 95 V  0.7522 -0.3167 -0.2578 0.3678 -0.2122 -0.0344 1.0000
 96 G  -1.0000 -1.0000 -1.0000 -0.3800 -0.1989 -1.0000 -1.0000
 97 S  -0.3744 -0.7078 -0.6044 -0.4044 -0.2944 -0.5178 -0.2356
 98 F  0.4033 0.4144 0.4578 0.7178 -0.3022 0.1722 0.3533
 99 G  -1.0000 -1.0000 -1.0000 -0.3800 -0.1989 -1.0000 -1.0000
 100 L  0.2367 -0.0733 -0.0100 0.6622 -0.2067 0.7933 -0.0589
 101 L  0.2367 -0.0733 -0.0100 0.6622 -0.2067 0.7933 -0.0589
 102 G  -1.0000 -1.0000 -1.0000 -0.3800 -0.1989 -1.0000 -1.0000
 103 R  0.1167 0.4144 0.5178 -1.0000 1.0000 0.5867 -0.4122
 104 A  -0.3889 -0.7556 -0.7522 -0.1900 -0.1889 1.0000 -0.5289
 105 E  -0.2556 -0.2678 -0.0644 -0.7733 -0.9644 1.0000 -0.6467
 106 E  -0.2556 -0.2678 -0.0644 -0.7733 -0.9644 1.0000 -0.6467
 107 V  0.7522 -0.3167 -0.2578 0.3678 -0.2122 -0.0344 1.0000
 108 V  0.7522 -0.3167 -0.2578 0.3678 -0.2122 -0.0344 1.0000
 109 L  0.2367 -0.0733 -0.0100 0.6622 -0.2067 0.7933 -0.0589
 110 R  0.1167 0.4144 0.5178 -1.0000 1.0000 0.5867 -0.4122
 111 L  0.2367 -0.0733 -0.0100 0.6622 -0.2067 0.7933 -0.0589
 112 R  0.1167 0.4144 0.5178 -1.0000 1.0000 0.5867 -0.4122
 113 P  0.2744 -1.0000 -0.3267 0.0611 -0.0111 -1.0000 0.1178
 114 G  -1.0000 -1.0000 -1.0000 -0.3800 -0.1989 -1.0000 -1.0000
 115 R  0.1167 0.4144 0.5178 -1.0000 1.0000 0.5867 -0.4122
 116 A  -0.3889 -0.7556 -0.7522 -0.1900 -0.1889 1.0000 -0.5289
 117 Q  -0.2556 -0.1222 -0.0222 -0.5156 -0.3067 0.5867 -0.4122
 118 A  -0.3889 -0.7556 -0.7522 -0.1900 -0.1889 1.0000 -0.5289
 119 F  0.4033 0.4144 0.4578 0.7178 -0.3022 0.1722 0.3533
 120 L  0.2367 -0.0733 -0.0100 0.6622 -0.2067 0.7933 -0.0589
 121 R  0.1167 0.4144 0.5178 -1.0000 1.0000 0.5867 -0.4122
 122 R  0.1167 0.4144 0.5178 -1.0000 1.0000 0.5867 -0.4122
 123 P  0.2744 -1.0000 -0.3267 0.0611 -0.0111 -1.0000 0.1178
 124 F  0.4033 0.4144 0.4578 0.7178 -0.3022 0.1722 0.3533
 125 S  -0.3744 -0.7078 -0.6044 -0.4044 -0.2944 -0.5178 -0.2356
 126 G  -1.0000 -1.0000 -1.0000 -0.3800 -0.1989 -1.0000 -1.0000
 127 S  -0.3744 -0.7078 -0.6044 -0.4044 -0.2944 -0.5178 -0.2356
 128 F  0.4033 0.4144 0.4578 0.7178 -0.3022 0.1722 0.3533
 129 P  0.2744 -1.0000 -0.3267 0.0611 -0.0111 -1.0000 0.1178
 130 R  0.1167 0.4144 0.5178 -1.0000 1.0000 0.5867 -0.4122
 131 L  0.2367 -0.0733 -0.0100 0.6622 -0.2067 0.7933 -0.0589
 132 V  0.7522 -0.3167 -0.2578 0.3678 -0.2122 -0.0344 1.0000
 133 P  0.2744 -1.0000 -0.3267 0.0611 -0.0111 -1.0000 0.1178
 134 T  0.4467 -0.4633 -0.3567 -0.2211 -0.3200 -0.4478 0.2356
 135 P  0.2744 -1.0000 -0.3267 0.0611 -0.0111 -1.0000 0.1178
 136 R  0.1167 0.4144 0.5178 -1.0000 1.0000 0.5867 -0.4122
 137 F  0.4033 0.4144 0.4578 0.7178 -0.3022 0.1722 0.3533
 138 L  0.2367 -0.0733 -0.0100 0.6622 -0.2067 0.7933 -0.0589
 139 F  0.4033 0.4144 0.4578 0.7178 -0.3022 0.1722 0.3533
 140 A  -0.3889 -0.7556 -0.7522 -0.1900 -0.1889 1.0000 -0.5289
 141 L  0.2367 -0.0733 -0.0100 0.6622 -0.2067 0.7933 -0.0589
 142 E  -0.2556 -0.2678 -0.0644 -0.7733 -0.9644 1.0000 -0.6467
 143 D  -0.2367 -0.4633 -0.3122 -0.8522 -1.0000 -0.1722 -0.7056
 144 E  -0.2556 -0.2678 -0.0644 -0.7733 -0.9644 1.0000 -0.6467
 145 E  -0.2556 -0.2678 -0.0644 -0.7733 -0.9644 1.0000 -0.6467
 146 G  -1.0000 -1.0000 -1.0000 -0.3800 -0.1989 -1.0000 -1.0000
 147 P  0.2744 -1.0000 -0.3267 0.0611 -0.0111 -1.0000 0.1178
 148 W  0.5322 1.0000 1.0000 1.0000 -0.2322 0.3100 0.5878
 149 L  0.2367 -0.0733 -0.0100 0.6622 -0.2067 0.7933 -0.0589
 150 Y  0.4033 0.4633 0.6011 0.2089 -0.3044 -0.1722 0.5289
 151 A  -0.3889 -0.7556 -0.7522 -0.1900 -0.1889 1.0000 -0.5289
 152 Y  0.4033 0.4633 0.6011 0.2089 -0.3044 -0.1722 0.5289
 153 H  0.4267 0.1222 0.1533 -0.3011 0.2167 -0.0344 -0.1178
 154 F  0.4033 0.4144 0.4578 0.7178 -0.3022 0.1722 0.3533
 155 G  -1.0000 -1.0000 -1.0000 -0.3800 -0.1989 -1.0000 -1.0000
 156 H  0.4267 0.1222 0.1533 -0.3011 0.2167 -0.0344 -0.1178
 157 P  0.2744 -1.0000 -0.3267 0.0611 -0.0111 -1.0000 0.1178
 158 K  -0.0978 0.0733 0.1811 -0.9878 0.8078 0.3100 -0.2944
 159 E  -0.2556 -0.2678 -0.0644 -0.7733 -0.9644 1.0000 -0.6467
 160 V  0.7522 -0.3167 -0.2578 0.3678 -0.2122 -0.0344 1.0000
 161 E  -0.2556 -0.2678 -0.0644 -0.7733 -0.9644 1.0000 -0.6467
 162 R  0.1167 0.4144 0.5178 -1.0000 1.0000 0.5867 -0.4122
 163 F  0.4033 0.4144 0.4578 0.7178 -0.3022 0.1722 0.3533
 164 R  0.1167 0.4144 0.5178 -1.0000 1.0000 0.5867 -0.4122
 165 E  -0.2556 -0.2678 -0.0644 -0.7733 -0.9644 1.0000 -0.6467
 166 A  -0.3889 -0.7556 -0.7522 -0.1900 -0.1889 1.0000 -0.5289
 167 F  0.4033 0.4144 0.4578 0.7178 -0.3022 0.1722 0.3533
 168 G  -1.0000 -1.0000 -1.0000 -0.3800 -0.1989 -1.0000 -1.0000
 169 G  -1.0000 -1.0000 -1.0000 -0.3800 -0.1989 -1.0000 -1.0000
 170 E  -0.2556 -0.2678 -0.0644 -0.7733 -0.9644 1.0000 -0.6467
 171 E  -0.2556 -0.2678 -0.0644 -0.7733 -0.9644 1.0000 -0.6467
 172 A  -0.3889 -0.7556 -0.7522 -0.1900 -0.1889 1.0000 -0.5289
 173 R  0.1167 0.4144 0.5178 -1.0000 1.0000 0.5867 -0.4122
 174 P  0.2744 -1.0000 -0.3267 0.0611 -0.0111 -1.0000 0.1178
 175 L  0.2367 -0.0733 -0.0100 0.6622 -0.2067 0.7933 -0.0589
 176 D  -0.2367 -0.4633 -0.3122 -0.8522 -1.0000 -0.1722 -0.7056
 177 L  0.2367 -0.0733 -0.0100 0.6622 -0.2067 0.7933 -0.0589
 178 R  0.1167 0.4144 0.5178 -1.0000 1.0000 0.5867 -0.4122
 179 P  0.2744 -1.0000 -0.3267 0.0611 -0.0111 -1.0000 0.1178
 180 R  0.1167 0.4144 0.5178 -1.0000 1.0000 0.5867 -0.4122
 181 F  0.4033 0.4144 0.4578 0.7178 -0.3022 0.1722 0.3533
 182 P  0.2744 -1.0000 -0.3267 0.0611 -0.0111 -1.0000 0.1178
 183 R  0.1167 0.4144 0.5178 -1.0000 1.0000 0.5867 -0.4122
 184 G  -1.0000 -1.0000 -1.0000 -0.3800 -0.1989 -1.0000 -1.0000
 185 L  0.2367 -0.0733 -0.0100 0.6622 -0.2067 0.7933 -0.0589
 186 G  -1.0000 -1.0000 -1.0000 -0.3800 -0.1989 -1.0000 -1.0000
 187 L  0.2367 -0.0733 -0.0100 0.6622 -0.2067 0.7933 -0.0589
 188 G  -1.0000 -1.0000 -1.0000 -0.3800 -0.1989 -1.0000 -1.0000
 189 E  -0.2556 -0.2678 -0.0644 -0.7733 -0.9644 1.0000 -0.6467
 190 G  -1.0000 -1.0000 -1.0000 -0.3800 -0.1989 -1.0000 -1.0000
 191 P  0.2744 -1.0000 -0.3267 0.0611 -0.0111 -1.0000 0.1178
 192 L  0.2367 -0.0733 -0.0100 0.6622 -0.2067 0.7933 -0.0589
 193 W  0.5322 1.0000 1.0000 1.0000 -0.2322 0.3100 0.5878
 194 D  -0.2367 -0.4633 -0.3122 -0.8522 -1.0000 -0.1722 -0.7056
 195 L  0.2367 -0.0733 -0.0100 0.6622 -0.2067 0.7933 -0.0589
 196 R  0.1167 0.4144 0.5178 -1.0000 1.0000 0.5867 -0.4122
 197 F  0.4033 0.4144 0.4578 0.7178 -0.3022 0.1722 0.3533
 198 R  0.1167 0.4144 0.5178 -1.0000 1.0000 0.5867 -0.4122
 199 Y  0.4033 0.4633 0.6011 0.2089 -0.3044 -0.1722 0.5289
 200 Q  -0.2556 -0.1222 -0.0222 -0.5156 -0.3067 0.5867 -0.4122
 201 D  -0.2367 -0.4633 -0.3122 -0.8522 -1.0000 -0.1722 -0.7056
 202 G  -1.0000 -1.0000 -1.0000 -0.3800 -0.1989 -1.0000 -1.0000
 203 G  -1.0000 -1.0000 -1.0000 -0.3800 -0.1989 -1.0000 -1.0000
 204 A  -0.3889 -0.7556 -0.7522 -0.1900 -0.1889 1.0000 -0.5289
 205 S  -0.3744 -0.7078 -0.6044 -0.4044 -0.2944 -0.5178 -0.2356
 206 P  0.2744 -1.0000 -0.3267 0.0611 -0.0111 -1.0000 0.1178
 207 P  0.2744 -1.0000 -0.3267 0.0611 -0.0111 -1.0000 0.1178
 208 P  0.2744 -1.0000 -0.3267 0.0611 -0.0111 -1.0000 0.1178
 209 P  0.2744 -1.0000 -0.3267 0.0611 -0.0111 -1.0000 0.1178
 210 P  0.2744 -1.0000 -0.3267 0.0611 -0.0111 -1.0000 0.1178
 211 A  -0.3889 -0.7556 -0.7522 -0.1900 -0.1889 1.0000 -0.5289
 212 F  0.4033 0.4144 0.4578 0.7178 -0.3022 0.1722 0.3533
 213 L  0.2367 -0.0733 -0.0100 0.6622 -0.2067 0.7933 -0.0589
 214 R  0.1167 0.4144 0.5178 -1.0000 1.0000 0.5867 -0.4122
 215 L  0.2367 -0.0733 -0.0100 0.6622 -0.2067 0.7933 -0.0589
 216 A  -0.3889 -0.7556 -0.7522 -0.1900 -0.1889 1.0000 -0.5289
 217 R  0.1167 0.4144 0.5178 -1.0000 1.0000 0.5867 -0.4122
 218 V  0.7522 -0.3167 -0.2578 0.3678 -0.2122 -0.0344 1.0000
 219 L  0.2367 -0.0733 -0.0100 0.6622 -0.2067 0.7933 -0.0589
