 1 M  0.1222 0.0733 0.0967 0.3744 -0.2911 0.7244 -0.0011
 2 N  -0.2367 -0.3656 -0.2700 -0.7489 -0.0833 -0.4478 -0.5878
 3 G  -1.0000 -1.0000 -1.0000 -0.3800 -0.1989 -1.0000 -1.0000
 4 I  1.0000 -0.0733 -0.0100 0.7244 -0.2067 0.1722 0.7644
 5 H  0.4267 0.1222 0.1533 -0.3011 0.2167 -0.0344 -0.1178
 6 D  -0.2367 -0.4633 -0.3122 -0.8522 -1.0000 -0.1722 -0.7056
 7 V  0.7522 -0.3167 -0.2578 0.3678 -0.2122 -0.0344 1.0000
 8 G  -1.0000 -1.0000 -1.0000 -0.3800 -0.1989 -1.0000 -1.0000
 9 G  -1.0000 -1.0000 -1.0000 -0.3800 -0.1989 -1.0000 -1.0000
 10 M  0.1222 0.0733 0.0967 0.3744 -0.2911 0.7244 -0.0011
 11 D  -0.2367 -0.4633 -0.3122 -0.8522 -1.0000 -0.1722 -0.7056
 12 G  -1.0000 -1.0000 -1.0000 -0.3800 -0.1989 -1.0000 -1.0000
 13 F  0.4033 0.4144 0.4578 0.7178 -0.3022 0.1722 0.3533
 14 G  -1.0000 -1.0000 -1.0000 -0.3800 -0.1989 -1.0000 -1.0000
 15 K  -0.0978 0.0733 0.1811 -0.9878 0.8078 0.3100 -0.2944
 16 V  0.7522 -0.3167 -0.2578 0.3678 -0.2122 -0.0344 1.0000
 17 M  0.1222 0.0733 0.0967 0.3744 -0.2911 0.7244 -0.0011
 18 Y  0.4033 0.4633 0.6011 0.2089 -0.3044 -0.1722 0.5289
 19 V  0.7522 -0.3167 -0.2578 0.3678 -0.2122 -0.0344 1.0000
 20 K  -0.0978 0.0733 0.1811 -0.9878 0.8078 0.3100 -0.2944
 21 E  -0.2556 -0.2678 -0.0644 -0.7733 -0.9644 1.0000 -0.6467
 22 E  -0.2556 -0.2678 -0.0644 -0.7733 -0.9644 1.0000 -0.6467
 23 E  -0.2556 -0.2678 -0.0644 -0.7733 -0.9644 1.0000 -0.6467
 24 D  -0.2367 -0.4633 -0.3122 -0.8522 -1.0000 -0.1722 -0.7056
 25 I  1.0000 -0.0733 -0.0100 0.7244 -0.2067 0.1722 0.7644
 26 Y  0.4033 0.4633 0.6011 0.2089 -0.3044 -0.1722 0.5289
 27 F  0.4033 0.4144 0.4578 0.7178 -0.3022 0.1722 0.3533
 28 T  0.4467 -0.4633 -0.3567 -0.2211 -0.3200 -0.4478 0.2356
 29 H  0.4267 0.1222 0.1533 -0.3011 0.2167 -0.0344 -0.1178
 30 D  -0.2367 -0.4633 -0.3122 -0.8522 -1.0000 -0.1722 -0.7056
 31 W  0.5322 1.0000 1.0000 1.0000 -0.2322 0.3100 0.5878
 32 E  -0.2556 -0.2678 -0.0644 -0.7733 -0.9644 1.0000 -0.6467
 33 R  0.1167 0.4144 0.5178 -1.0000 1.0000 0.5867 -0.4122
 34 L  0.2367 -0.0733 -0.0100 0.6622 -0.2067 0.7933 -0.0589
 35 A  -0.3889 -0.7556 -0.7522 -0.1900 -0.1889 1.0000 -0.5289
 36 L  0.2367 -0.0733 -0.0100 0.6622 -0.2067 0.7933 -0.0589
 37 G  -1.0000 -1.0000 -1.0000 -0.3800 -0.1989 -1.0000 -1.0000
 38 L  0.2367 -0.0733 -0.0100 0.6622 -0.2067 0.7933 -0.0589
 39 V  0.7522 -0.3167 -0.2578 0.3678 -0.2122 -0.0344 1.0000
 40 A  -0.3889 -0.7556 -0.7522 -0.1900 -0.1889 1.0000 -0.5289
 41 G  -1.0000 -1.0000 -1.0000 -0.3800 -0.1989 -1.0000 -1.0000
 42 C  -0.1556 -0.3656 -0.3989 0.5644 -0.1267 -0.7244 0.5289
 43 M  0.1222 0.0733 0.0967 0.3744 -0.2911 0.7244 -0.0011
 44 A  -0.3889 -0.7556 -0.7522 -0.1900 -0.1889 1.0000 -0.5289
 45 Q  -0.2556 -0.1222 -0.0222 -0.5156 -0.3067 0.5867 -0.4122
 46 G  -1.0000 -1.0000 -1.0000 -0.3800 -0.1989 -1.0000 -1.0000
 47 L  0.2367 -0.0733 -0.0100 0.6622 -0.2067 0.7933 -0.0589
 48 G  -1.0000 -1.0000 -1.0000 -0.3800 -0.1989 -1.0000 -1.0000
 49 M  0.1222 0.0733 0.0967 0.3744 -0.2911 0.7244 -0.0011
 50 K  -0.0978 0.0733 0.1811 -0.9878 0.8078 0.3100 -0.2944
 51 A  -0.3889 -0.7556 -0.7522 -0.1900 -0.1889 1.0000 -0.5289
 52 F  0.4033 0.4144 0.4578 0.7178 -0.3022 0.1722 0.3533
 53 D  -0.2367 -0.4633 -0.3122 -0.8522 -1.0000 -0.1722 -0.7056
 54 E  -0.2556 -0.2678 -0.0644 -0.7733 -0.9644 1.0000 -0.6467
 55 F  0.4033 0.4144 0.4578 0.7178 -0.3022 0.1722 0.3533
 56 R  0.1167 0.4144 0.5178 -1.0000 1.0000 0.5867 -0.4122
 57 I  1.0000 -0.0733 -0.0100 0.7244 -0.2067 0.1722 0.7644
 58 G  -1.0000 -1.0000 -1.0000 -0.3800 -0.1989 -1.0000 -1.0000
 59 I  1.0000 -0.0733 -0.0100 0.7244 -0.2067 0.1722 0.7644
 60 E  -0.2556 -0.2678 -0.0644 -0.7733 -0.9644 1.0000 -0.6467
 61 L  0.2367 -0.0733 -0.0100 0.6622 -0.2067 0.7933 -0.0589
 62 M  0.1222 0.0733 0.0967 0.3744 -0.2911 0.7244 -0.0011
 63 R  0.1167 0.4144 0.5178 -1.0000 1.0000 0.5867 -0.4122
 64 P  0.2744 -1.0000 -0.3267 0.0611 -0.0111 -1.0000 0.1178
 65 V  0.7522 -0.3167 -0.2578 0.3678 -0.2122 -0.0344 1.0000
 66 D  -0.2367 -0.4633 -0.3122 -0.8522 -1.0000 -0.1722 -0.7056
 67 Y  0.4033 0.4633 0.6011 0.2089 -0.3044 -0.1722 0.5289
 68 L  0.2367 -0.0733 -0.0100 0.6622 -0.2067 0.7933 -0.0589
 69 T  0.4467 -0.4633 -0.3567 -0.2211 -0.3200 -0.4478 0.2356
 70 S  -0.3744 -0.7078 -0.6044 -0.4044 -0.2944 -0.5178 -0.2356
 71 S  -0.3744 -0.7078 -0.6044 -0.4044 -0.2944 -0.5178 -0.2356
 72 Y  0.4033 0.4633 0.6011 0.2089 -0.3044 -0.1722 0.5289
 73 Y  0.4033 0.4633 0.6011 0.2089 -0.3044 -0.1722 0.5289
 74 G  -1.0000 -1.0000 -1.0000 -0.3800 -0.1989 -1.0000 -1.0000
 75 H  0.4267 0.1222 0.1533 -0.3011 0.2167 -0.0344 -0.1178
 76 W  0.5322 1.0000 1.0000 1.0000 -0.2322 0.3100 0.5878
 77 I  1.0000 -0.0733 -0.0100 0.7244 -0.2067 0.1722 0.7644
 78 A  -0.3889 -0.7556 -0.7522 -0.1900 -0.1889 1.0000 -0.5289
 79 T  0.4467 -0.4633 -0.3567 -0.2211 -0.3200 -0.4478 0.2356
 80 V  0.7522 -0.3167 -0.2578 0.3678 -0.2122 -0.0344 1.0000
 81 A  -0.3889 -0.7556 -0.7522 -0.1900 -0.1889 1.0000 -0.5289
 82 Y  0.4033 0.4633 0.6011 0.2089 -0.3044 -0.1722 0.5289
 83 N  -0.2367 -0.3656 -0.2700 -0.7489 -0.0833 -0.4478 -0.5878
 84 L  0.2367 -0.0733 -0.0100 0.6622 -0.2067 0.7933 -0.0589
 85 V  0.7522 -0.3167 -0.2578 0.3678 -0.2122 -0.0344 1.0000
 86 D  -0.2367 -0.4633 -0.3122 -0.8522 -1.0000 -0.1722 -0.7056
 87 T  0.4467 -0.4633 -0.3567 -0.2211 -0.3200 -0.4478 0.2356
 88 G  -1.0000 -1.0000 -1.0000 -0.3800 -0.1989 -1.0000 -1.0000
 89 V  0.7522 -0.3167 -0.2578 0.3678 -0.2122 -0.0344 1.0000
 90 L  0.2367 -0.0733 -0.0100 0.6622 -0.2067 0.7933 -0.0589
 91 D  -0.2367 -0.4633 -0.3122 -0.8522 -1.0000 -0.1722 -0.7056
 92 E  -0.2556 -0.2678 -0.0644 -0.7733 -0.9644 1.0000 -0.6467
 93 K  -0.0978 0.0733 0.1811 -0.9878 0.8078 0.3100 -0.2944
 94 E  -0.2556 -0.2678 -0.0644 -0.7733 -0.9644 1.0000 -0.6467
 95 L  0.2367 -0.0733 -0.0100 0.6622 -0.2067 0.7933 -0.0589
 96 D  -0.2367 -0.4633 -0.3122 -0.8522 -1.0000 -0.1722 -0.7056
 97 E  -0.2556 -0.2678 -0.0644 -0.7733 -0.9644 1.0000 -0.6467
 98 R  0.1167 0.4144 0.5178 -1.0000 1.0000 0.5867 -0.4122
 99 T  0.4467 -0.4633 -0.3567 -0.2211 -0.3200 -0.4478 0.2356
 100 E  -0.2556 -0.2678 -0.0644 -0.7733 -0.9644 1.0000 -0.6467
 101 V  0.7522 -0.3167 -0.2578 0.3678 -0.2122 -0.0344 1.0000
 102 F  0.4033 0.4144 0.4578 0.7178 -0.3022 0.1722 0.3533
 103 S  -0.3744 -0.7078 -0.6044 -0.4044 -0.2944 -0.5178 -0.2356
 104 K  -0.0978 0.0733 0.1811 -0.9878 0.8078 0.3100 -0.2944
 105 K  -0.0978 0.0733 0.1811 -0.9878 0.8078 0.3100 -0.2944
 106 P  0.2744 -1.0000 -0.3267 0.0611 -0.0111 -1.0000 0.1178
 107 D  -0.2367 -0.4633 -0.3122 -0.8522 -1.0000 -0.1722 -0.7056
 108 T  0.4467 -0.4633 -0.3567 -0.2211 -0.3200 -0.4478 0.2356
 109 K  -0.0978 0.0733 0.1811 -0.9878 0.8078 0.3100 -0.2944
 110 I  1.0000 -0.0733 -0.0100 0.7244 -0.2067 0.1722 0.7644
 111 P  0.2744 -1.0000 -0.3267 0.0611 -0.0111 -1.0000 0.1178
 112 R  0.1167 0.4144 0.5178 -1.0000 1.0000 0.5867 -0.4122
 113 R  0.1167 0.4144 0.5178 -1.0000 1.0000 0.5867 -0.4122
 114 E  -0.2556 -0.2678 -0.0644 -0.7733 -0.9644 1.0000 -0.6467
 115 D  -0.2367 -0.4633 -0.3122 -0.8522 -1.0000 -0.1722 -0.7056
 116 P  0.2744 -1.0000 -0.3267 0.0611 -0.0111 -1.0000 0.1178
 117 A  -0.3889 -0.7556 -0.7522 -0.1900 -0.1889 1.0000 -0.5289
 118 L  0.2367 -0.0733 -0.0100 0.6622 -0.2067 0.7933 -0.0589
 119 V  0.7522 -0.3167 -0.2578 0.3678 -0.2122 -0.0344 1.0000
 120 K  -0.0978 0.0733 0.1811 -0.9878 0.8078 0.3100 -0.2944
 121 L  0.2367 -0.0733 -0.0100 0.6622 -0.2067 0.7933 -0.0589
 122 V  0.7522 -0.3167 -0.2578 0.3678 -0.2122 -0.0344 1.0000
 123 E  -0.2556 -0.2678 -0.0644 -0.7733 -0.9644 1.0000 -0.6467
 124 K  -0.0978 0.0733 0.1811 -0.9878 0.8078 0.3100 -0.2944
 125 A  -0.3889 -0.7556 -0.7522 -0.1900 -0.1889 1.0000 -0.5289
 126 L  0.2367 -0.0733 -0.0100 0.6622 -0.2067 0.7933 -0.0589
 127 N  -0.2367 -0.3656 -0.2700 -0.7489 -0.0833 -0.4478 -0.5878
 128 D  -0.2367 -0.4633 -0.3122 -0.8522 -1.0000 -0.1722 -0.7056
 129 G  -1.0000 -1.0000 -1.0000 -0.3800 -0.1989 -1.0000 -1.0000
 130 L  0.2367 -0.0733 -0.0100 0.6622 -0.2067 0.7933 -0.0589
 131 S  -0.3744 -0.7078 -0.6044 -0.4044 -0.2944 -0.5178 -0.2356
 132 P  0.2744 -1.0000 -0.3267 0.0611 -0.0111 -1.0000 0.1178
 133 L  0.2367 -0.0733 -0.0100 0.6622 -0.2067 0.7933 -0.0589
 134 R  0.1167 0.4144 0.5178 -1.0000 1.0000 0.5867 -0.4122
 135 E  -0.2556 -0.2678 -0.0644 -0.7733 -0.9644 1.0000 -0.6467
 136 I  1.0000 -0.0733 -0.0100 0.7244 -0.2067 0.1722 0.7644
 137 S  -0.3744 -0.7078 -0.6044 -0.4044 -0.2944 -0.5178 -0.2356
 138 A  -0.3889 -0.7556 -0.7522 -0.1900 -0.1889 1.0000 -0.5289
 139 S  -0.3744 -0.7078 -0.6044 -0.4044 -0.2944 -0.5178 -0.2356
 140 P  0.2744 -1.0000 -0.3267 0.0611 -0.0111 -1.0000 0.1178
 141 R  0.1167 0.4144 0.5178 -1.0000 1.0000 0.5867 -0.4122
 142 F  0.4033 0.4144 0.4578 0.7178 -0.3022 0.1722 0.3533
 143 K  -0.0978 0.0733 0.1811 -0.9878 0.8078 0.3100 -0.2944
 144 V  0.7522 -0.3167 -0.2578 0.3678 -0.2122 -0.0344 1.0000
 145 G  -1.0000 -1.0000 -1.0000 -0.3800 -0.1989 -1.0000 -1.0000
 146 E  -0.2556 -0.2678 -0.0644 -0.7733 -0.9644 1.0000 -0.6467
 147 R  0.1167 0.4144 0.5178 -1.0000 1.0000 0.5867 -0.4122
 148 I  1.0000 -0.0733 -0.0100 0.7244 -0.2067 0.1722 0.7644
 149 K  -0.0978 0.0733 0.1811 -0.9878 0.8078 0.3100 -0.2944
 150 T  0.4467 -0.4633 -0.3567 -0.2211 -0.3200 -0.4478 0.2356
 151 K  -0.0978 0.0733 0.1811 -0.9878 0.8078 0.3100 -0.2944
 152 N  -0.2367 -0.3656 -0.2700 -0.7489 -0.0833 -0.4478 -0.5878
 153 I  1.0000 -0.0733 -0.0100 0.7244 -0.2067 0.1722 0.7644
 154 H  0.4267 0.1222 0.1533 -0.3011 0.2167 -0.0344 -0.1178
 155 P  0.2744 -1.0000 -0.3267 0.0611 -0.0111 -1.0000 0.1178
 156 T  0.4467 -0.4633 -0.3567 -0.2211 -0.3200 -0.4478 0.2356
 157 G  -1.0000 -1.0000 -1.0000 -0.3800 -0.1989 -1.0000 -1.0000
 158 H  0.4267 0.1222 0.1533 -0.3011 0.2167 -0.0344 -0.1178
 159 T  0.4467 -0.4633 -0.3567 -0.2211 -0.3200 -0.4478 0.2356
 160 R  0.1167 0.4144 0.5178 -1.0000 1.0000 0.5867 -0.4122
 161 F  0.4033 0.4144 0.4578 0.7178 -0.3022 0.1722 0.3533
 162 P  0.2744 -1.0000 -0.3267 0.0611 -0.0111 -1.0000 0.1178
 163 R  0.1167 0.4144 0.5178 -1.0000 1.0000 0.5867 -0.4122
 164 Y  0.4033 0.4633 0.6011 0.2089 -0.3044 -0.1722 0.5289
 165 A  -0.3889 -0.7556 -0.7522 -0.1900 -0.1889 1.0000 -0.5289
 166 R  0.1167 0.4144 0.5178 -1.0000 1.0000 0.5867 -0.4122
 167 D  -0.2367 -0.4633 -0.3122 -0.8522 -1.0000 -0.1722 -0.7056
 168 K  -0.0978 0.0733 0.1811 -0.9878 0.8078 0.3100 -0.2944
 169 Y  0.4033 0.4633 0.6011 0.2089 -0.3044 -0.1722 0.5289
 170 G  -1.0000 -1.0000 -1.0000 -0.3800 -0.1989 -1.0000 -1.0000
 171 V  0.7522 -0.3167 -0.2578 0.3678 -0.2122 -0.0344 1.0000
 172 I  1.0000 -0.0733 -0.0100 0.7244 -0.2067 0.1722 0.7644
 173 D  -0.2367 -0.4633 -0.3122 -0.8522 -1.0000 -0.1722 -0.7056
 174 E  -0.2556 -0.2678 -0.0644 -0.7733 -0.9644 1.0000 -0.6467
 175 V  0.7522 -0.3167 -0.2578 0.3678 -0.2122 -0.0344 1.0000
 176 Y  0.4033 0.4633 0.6011 0.2089 -0.3044 -0.1722 0.5289
 177 G  -1.0000 -1.0000 -1.0000 -0.3800 -0.1989 -1.0000 -1.0000
 178 A  -0.3889 -0.7556 -0.7522 -0.1900 -0.1889 1.0000 -0.5289
 179 H  0.4267 0.1222 0.1533 -0.3011 0.2167 -0.0344 -0.1178
 180 V  0.7522 -0.3167 -0.2578 0.3678 -0.2122 -0.0344 1.0000
 181 F  0.4033 0.4144 0.4578 0.7178 -0.3022 0.1722 0.3533
 182 P  0.2744 -1.0000 -0.3267 0.0611 -0.0111 -1.0000 0.1178
 183 D  -0.2367 -0.4633 -0.3122 -0.8522 -1.0000 -0.1722 -0.7056
 184 D  -0.2367 -0.4633 -0.3122 -0.8522 -1.0000 -0.1722 -0.7056
 185 A  -0.3889 -0.7556 -0.7522 -0.1900 -0.1889 1.0000 -0.5289
 186 A  -0.3889 -0.7556 -0.7522 -0.1900 -0.1889 1.0000 -0.5289
 187 H  0.4267 0.1222 0.1533 -0.3011 0.2167 -0.0344 -0.1178
 188 R  0.1167 0.4144 0.5178 -1.0000 1.0000 0.5867 -0.4122
 189 K  -0.0978 0.0733 0.1811 -0.9878 0.8078 0.3100 -0.2944
 190 G  -1.0000 -1.0000 -1.0000 -0.3800 -0.1989 -1.0000 -1.0000
 191 E  -0.2556 -0.2678 -0.0644 -0.7733 -0.9644 1.0000 -0.6467
 192 N  -0.2367 -0.3656 -0.2700 -0.7489 -0.0833 -0.4478 -0.5878
 193 P  0.2744 -1.0000 -0.3267 0.0611 -0.0111 -1.0000 0.1178
 194 Q  -0.2556 -0.1222 -0.0222 -0.5156 -0.3067 0.5867 -0.4122
 195 Y  0.4033 0.4633 0.6011 0.2089 -0.3044 -0.1722 0.5289
 196 L  0.2367 -0.0733 -0.0100 0.6622 -0.2067 0.7933 -0.0589
 197 Y  0.4033 0.4633 0.6011 0.2089 -0.3044 -0.1722 0.5289
 198 R  0.1167 0.4144 0.5178 -1.0000 1.0000 0.5867 -0.4122
 199 V  0.7522 -0.3167 -0.2578 0.3678 -0.2122 -0.0344 1.0000
 200 R  0.1167 0.4144 0.5178 -1.0000 1.0000 0.5867 -0.4122
 201 F  0.4033 0.4144 0.4578 0.7178 -0.3022 0.1722 0.3533
 202 E  -0.2556 -0.2678 -0.0644 -0.7733 -0.9644 1.0000 -0.6467
 203 A  -0.3889 -0.7556 -0.7522 -0.1900 -0.1889 1.0000 -0.5289
 204 E  -0.2556 -0.2678 -0.0644 -0.7733 -0.9644 1.0000 -0.6467
 205 E  -0.2556 -0.2678 -0.0644 -0.7733 -0.9644 1.0000 -0.6467
 206 L  0.2367 -0.0733 -0.0100 0.6622 -0.2067 0.7933 -0.0589
 207 W  0.5322 1.0000 1.0000 1.0000 -0.2322 0.3100 0.5878
 208 G  -1.0000 -1.0000 -1.0000 -0.3800 -0.1989 -1.0000 -1.0000
 209 Y  0.4033 0.4633 0.6011 0.2089 -0.3044 -0.1722 0.5289
 210 K  -0.0978 0.0733 0.1811 -0.9878 0.8078 0.3100 -0.2944
 211 Q  -0.2556 -0.1222 -0.0222 -0.5156 -0.3067 0.5867 -0.4122
 212 K  -0.0978 0.0733 0.1811 -0.9878 0.8078 0.3100 -0.2944
 213 D  -0.2367 -0.4633 -0.3122 -0.8522 -1.0000 -0.1722 -0.7056
 214 S  -0.3744 -0.7078 -0.6044 -0.4044 -0.2944 -0.5178 -0.2356
 215 V  0.7522 -0.3167 -0.2578 0.3678 -0.2122 -0.0344 1.0000
 216 Y  0.4033 0.4633 0.6011 0.2089 -0.3044 -0.1722 0.5289
 217 I  1.0000 -0.0733 -0.0100 0.7244 -0.2067 0.1722 0.7644
 218 D  -0.2367 -0.4633 -0.3122 -0.8522 -1.0000 -0.1722 -0.7056
 219 L  0.2367 -0.0733 -0.0100 0.6622 -0.2067 0.7933 -0.0589
 220 W  0.5322 1.0000 1.0000 1.0000 -0.2322 0.3100 0.5878
 221 E  -0.2556 -0.2678 -0.0644 -0.7733 -0.9644 1.0000 -0.6467
 222 S  -0.3744 -0.7078 -0.6044 -0.4044 -0.2944 -0.5178 -0.2356
 223 Y  0.4033 0.4633 0.6011 0.2089 -0.3044 -0.1722 0.5289
 224 M  0.1222 0.0733 0.0967 0.3744 -0.2911 0.7244 -0.0011
 225 E  -0.2556 -0.2678 -0.0644 -0.7733 -0.9644 1.0000 -0.6467
 226 P  0.2744 -1.0000 -0.3267 0.0611 -0.0111 -1.0000 0.1178
 227 V  0.7522 -0.3167 -0.2578 0.3678 -0.2122 -0.0344 1.0000
