 2 E  -0.2556 -0.2678 -0.0644 -0.7733 -0.9644 1.0000 -0.6467
 3 R  0.1167 0.4144 0.5178 -1.0000 1.0000 0.5867 -0.4122
 4 K  -0.0978 0.0733 0.1811 -0.9878 0.8078 0.3100 -0.2944
 5 T  0.4467 -0.4633 -0.3567 -0.2211 -0.3200 -0.4478 0.2356
 6 V  0.7522 -0.3167 -0.2578 0.3678 -0.2122 -0.0344 1.0000
 7 L  0.2367 -0.0733 -0.0100 0.6622 -0.2067 0.7933 -0.0589
 8 V  0.7522 -0.3167 -0.2578 0.3678 -0.2122 -0.0344 1.0000
 9 I  1.0000 -0.0733 -0.0100 0.7244 -0.2067 0.1722 0.7644
 10 A  -0.3889 -0.7556 -0.7522 -0.1900 -0.1889 1.0000 -0.5289
 11 D  -0.2367 -0.4633 -0.3122 -0.8522 -1.0000 -0.1722 -0.7056
 12 L  0.2367 -0.0733 -0.0100 0.6622 -0.2067 0.7933 -0.0589
 13 G  -1.0000 -1.0000 -1.0000 -0.3800 -0.1989 -1.0000 -1.0000
 14 G  -1.0000 -1.0000 -1.0000 -0.3800 -0.1989 -1.0000 -1.0000
 15 C  -0.1556 -0.3656 -0.3989 0.5644 -0.1267 -0.7244 0.5289
 16 P  0.2744 -1.0000 -0.3267 0.0611 -0.0111 -1.0000 0.1178
 17 P  0.2744 -1.0000 -0.3267 0.0611 -0.0111 -1.0000 0.1178
 18 H  0.4267 0.1222 0.1533 -0.3011 0.2167 -0.0344 -0.1178
 19 M  0.1222 0.0733 0.0967 0.3744 -0.2911 0.7244 -0.0011
 20 F  0.4033 0.4144 0.4578 0.7178 -0.3022 0.1722 0.3533
 21 Y  0.4033 0.4633 0.6011 0.2089 -0.3044 -0.1722 0.5289
 22 K  -0.0978 0.0733 0.1811 -0.9878 0.8078 0.3100 -0.2944
 23 S  -0.3744 -0.7078 -0.6044 -0.4044 -0.2944 -0.5178 -0.2356
 24 A  -0.3889 -0.7556 -0.7522 -0.1900 -0.1889 1.0000 -0.5289
 25 A  -0.3889 -0.7556 -0.7522 -0.1900 -0.1889 1.0000 -0.5289
 26 E  -0.2556 -0.2678 -0.0644 -0.7733 -0.9644 1.0000 -0.6467
 27 K  -0.0978 0.0733 0.1811 -0.9878 0.8078 0.3100 -0.2944
 28 Y  0.4033 0.4633 0.6011 0.2089 -0.3044 -0.1722 0.5289
 29 N  -0.2367 -0.3656 -0.2700 -0.7489 -0.0833 -0.4478 -0.5878
 30 L  0.2367 -0.0733 -0.0100 0.6622 -0.2067 0.7933 -0.0589
 31 V  0.7522 -0.3167 -0.2578 0.3678 -0.2122 -0.0344 1.0000
 32 S  -0.3744 -0.7078 -0.6044 -0.4044 -0.2944 -0.5178 -0.2356
 33 F  0.4033 0.4144 0.4578 0.7178 -0.3022 0.1722 0.3533
 34 I  1.0000 -0.0733 -0.0100 0.7244 -0.2067 0.1722 0.7644
 35 P  0.2744 -1.0000 -0.3267 0.0611 -0.0111 -1.0000 0.1178
 36 R  0.1167 0.4144 0.5178 -1.0000 1.0000 0.5867 -0.4122
 37 P  0.2744 -1.0000 -0.3267 0.0611 -0.0111 -1.0000 0.1178
 38 F  0.4033 0.4144 0.4578 0.7178 -0.3022 0.1722 0.3533
 39 A  -0.3889 -0.7556 -0.7522 -0.1900 -0.1889 1.0000 -0.5289
 40 I  1.0000 -0.0733 -0.0100 0.7244 -0.2067 0.1722 0.7644
 41 T  0.4467 -0.4633 -0.3567 -0.2211 -0.3200 -0.4478 0.2356
 42 A  -0.3889 -0.7556 -0.7522 -0.1900 -0.1889 1.0000 -0.5289
 43 S  -0.3744 -0.7078 -0.6044 -0.4044 -0.2944 -0.5178 -0.2356
 44 H  0.4267 0.1222 0.1533 -0.3011 0.2167 -0.0344 -0.1178
 45 A  -0.3889 -0.7556 -0.7522 -0.1900 -0.1889 1.0000 -0.5289
 46 A  -0.3889 -0.7556 -0.7522 -0.1900 -0.1889 1.0000 -0.5289
 47 L  0.2367 -0.0733 -0.0100 0.6622 -0.2067 0.7933 -0.0589
 48 I  1.0000 -0.0733 -0.0100 0.7244 -0.2067 0.1722 0.7644
 49 E  -0.2556 -0.2678 -0.0644 -0.7733 -0.9644 1.0000 -0.6467
 50 K  -0.0978 0.0733 0.1811 -0.9878 0.8078 0.3100 -0.2944
 51 Y  0.4033 0.4633 0.6011 0.2089 -0.3044 -0.1722 0.5289
 52 S  -0.3744 -0.7078 -0.6044 -0.4044 -0.2944 -0.5178 -0.2356
 53 V  0.7522 -0.3167 -0.2578 0.3678 -0.2122 -0.0344 1.0000
 54 A  -0.3889 -0.7556 -0.7522 -0.1900 -0.1889 1.0000 -0.5289
 55 V  0.7522 -0.3167 -0.2578 0.3678 -0.2122 -0.0344 1.0000
 56 I  1.0000 -0.0733 -0.0100 0.7244 -0.2067 0.1722 0.7644
 57 K  -0.0978 0.0733 0.1811 -0.9878 0.8078 0.3100 -0.2944
 58 D  -0.2367 -0.4633 -0.3122 -0.8522 -1.0000 -0.1722 -0.7056
 59 K  -0.0978 0.0733 0.1811 -0.9878 0.8078 0.3100 -0.2944
 60 D  -0.2367 -0.4633 -0.3122 -0.8522 -1.0000 -0.1722 -0.7056
 61 Y  0.4033 0.4633 0.6011 0.2089 -0.3044 -0.1722 0.5289
 62 F  0.4033 0.4144 0.4578 0.7178 -0.3022 0.1722 0.3533
 63 K  -0.0978 0.0733 0.1811 -0.9878 0.8078 0.3100 -0.2944
 64 S  -0.3744 -0.7078 -0.6044 -0.4044 -0.2944 -0.5178 -0.2356
 65 L  0.2367 -0.0733 -0.0100 0.6622 -0.2067 0.7933 -0.0589
 66 A  -0.3889 -0.7556 -0.7522 -0.1900 -0.1889 1.0000 -0.5289
 67 D  -0.2367 -0.4633 -0.3122 -0.8522 -1.0000 -0.1722 -0.7056
 68 F  0.4033 0.4144 0.4578 0.7178 -0.3022 0.1722 0.3533
 69 E  -0.2556 -0.2678 -0.0644 -0.7733 -0.9644 1.0000 -0.6467
 70 H  0.4267 0.1222 0.1533 -0.3011 0.2167 -0.0344 -0.1178
 71 P  0.2744 -1.0000 -0.3267 0.0611 -0.0111 -1.0000 0.1178
 72 D  -0.2367 -0.4633 -0.3122 -0.8522 -1.0000 -0.1722 -0.7056
 73 S  -0.3744 -0.7078 -0.6044 -0.4044 -0.2944 -0.5178 -0.2356
 74 I  1.0000 -0.0733 -0.0100 0.7244 -0.2067 0.1722 0.7644
 75 Y  0.4033 0.4633 0.6011 0.2089 -0.3044 -0.1722 0.5289
 76 W  0.5322 1.0000 1.0000 1.0000 -0.2322 0.3100 0.5878
 77 A  -0.3889 -0.7556 -0.7522 -0.1900 -0.1889 1.0000 -0.5289
 78 H  0.4267 0.1222 0.1533 -0.3011 0.2167 -0.0344 -0.1178
 79 E  -0.2556 -0.2678 -0.0644 -0.7733 -0.9644 1.0000 -0.6467
 80 D  -0.2367 -0.4633 -0.3122 -0.8522 -1.0000 -0.1722 -0.7056
 81 H  0.4267 0.1222 0.1533 -0.3011 0.2167 -0.0344 -0.1178
 82 N  -0.2367 -0.3656 -0.2700 -0.7489 -0.0833 -0.4478 -0.5878
 83 K  -0.0978 0.0733 0.1811 -0.9878 0.8078 0.3100 -0.2944
 84 P  0.2744 -1.0000 -0.3267 0.0611 -0.0111 -1.0000 0.1178
 85 E  -0.2556 -0.2678 -0.0644 -0.7733 -0.9644 1.0000 -0.6467
 86 E  -0.2556 -0.2678 -0.0644 -0.7733 -0.9644 1.0000 -0.6467
 87 E  -0.2556 -0.2678 -0.0644 -0.7733 -0.9644 1.0000 -0.6467
 88 V  0.7522 -0.3167 -0.2578 0.3678 -0.2122 -0.0344 1.0000
 89 V  0.7522 -0.3167 -0.2578 0.3678 -0.2122 -0.0344 1.0000
 90 E  -0.2556 -0.2678 -0.0644 -0.7733 -0.9644 1.0000 -0.6467
 91 Q  -0.2556 -0.1222 -0.0222 -0.5156 -0.3067 0.5867 -0.4122
 92 I  1.0000 -0.0733 -0.0100 0.7244 -0.2067 0.1722 0.7644
 93 V  0.7522 -0.3167 -0.2578 0.3678 -0.2122 -0.0344 1.0000
 94 K  -0.0978 0.0733 0.1811 -0.9878 0.8078 0.3100 -0.2944
 95 V  0.7522 -0.3167 -0.2578 0.3678 -0.2122 -0.0344 1.0000
 96 A  -0.3889 -0.7556 -0.7522 -0.1900 -0.1889 1.0000 -0.5289
 97 E  -0.2556 -0.2678 -0.0644 -0.7733 -0.9644 1.0000 -0.6467
 98 M  0.1222 0.0733 0.0967 0.3744 -0.2911 0.7244 -0.0011
 99 F  0.4033 0.4144 0.4578 0.7178 -0.3022 0.1722 0.3533
 100 G  -1.0000 -1.0000 -1.0000 -0.3800 -0.1989 -1.0000 -1.0000
 101 A  -0.3889 -0.7556 -0.7522 -0.1900 -0.1889 1.0000 -0.5289
 102 D  -0.2367 -0.4633 -0.3122 -0.8522 -1.0000 -0.1722 -0.7056
 103 A  -0.3889 -0.7556 -0.7522 -0.1900 -0.1889 1.0000 -0.5289
 104 I  1.0000 -0.0733 -0.0100 0.7244 -0.2067 0.1722 0.7644
 105 T  0.4467 -0.4633 -0.3567 -0.2211 -0.3200 -0.4478 0.2356
 106 T  0.4467 -0.4633 -0.3567 -0.2211 -0.3200 -0.4478 0.2356
 107 N  -0.2367 -0.3656 -0.2700 -0.7489 -0.0833 -0.4478 -0.5878
 108 N  -0.2367 -0.3656 -0.2700 -0.7489 -0.0833 -0.4478 -0.5878
 109 E  -0.2556 -0.2678 -0.0644 -0.7733 -0.9644 1.0000 -0.6467
 110 L  0.2367 -0.0733 -0.0100 0.6622 -0.2067 0.7933 -0.0589
 111 F  0.4033 0.4144 0.4578 0.7178 -0.3022 0.1722 0.3533
 112 I  1.0000 -0.0733 -0.0100 0.7244 -0.2067 0.1722 0.7644
 113 A  -0.3889 -0.7556 -0.7522 -0.1900 -0.1889 1.0000 -0.5289
 114 P  0.2744 -1.0000 -0.3267 0.0611 -0.0111 -1.0000 0.1178
 115 M  0.1222 0.0733 0.0967 0.3744 -0.2911 0.7244 -0.0011
 116 A  -0.3889 -0.7556 -0.7522 -0.1900 -0.1889 1.0000 -0.5289
 117 K  -0.0978 0.0733 0.1811 -0.9878 0.8078 0.3100 -0.2944
 118 A  -0.3889 -0.7556 -0.7522 -0.1900 -0.1889 1.0000 -0.5289
 119 C  -0.1556 -0.3656 -0.3989 0.5644 -0.1267 -0.7244 0.5289
 120 E  -0.2556 -0.2678 -0.0644 -0.7733 -0.9644 1.0000 -0.6467
 121 R  0.1167 0.4144 0.5178 -1.0000 1.0000 0.5867 -0.4122
 122 L  0.2367 -0.0733 -0.0100 0.6622 -0.2067 0.7933 -0.0589
 123 G  -1.0000 -1.0000 -1.0000 -0.3800 -0.1989 -1.0000 -1.0000
 124 L  0.2367 -0.0733 -0.0100 0.6622 -0.2067 0.7933 -0.0589
 125 R  0.1167 0.4144 0.5178 -1.0000 1.0000 0.5867 -0.4122
 126 G  -1.0000 -1.0000 -1.0000 -0.3800 -0.1989 -1.0000 -1.0000
 127 A  -0.3889 -0.7556 -0.7522 -0.1900 -0.1889 1.0000 -0.5289
 128 G  -1.0000 -1.0000 -1.0000 -0.3800 -0.1989 -1.0000 -1.0000
 129 V  0.7522 -0.3167 -0.2578 0.3678 -0.2122 -0.0344 1.0000
 130 Q  -0.2556 -0.1222 -0.0222 -0.5156 -0.3067 0.5867 -0.4122
 131 A  -0.3889 -0.7556 -0.7522 -0.1900 -0.1889 1.0000 -0.5289
 132 A  -0.3889 -0.7556 -0.7522 -0.1900 -0.1889 1.0000 -0.5289
 133 E  -0.2556 -0.2678 -0.0644 -0.7733 -0.9644 1.0000 -0.6467
 134 N  -0.2367 -0.3656 -0.2700 -0.7489 -0.0833 -0.4478 -0.5878
 135 A  -0.3889 -0.7556 -0.7522 -0.1900 -0.1889 1.0000 -0.5289
 136 R  0.1167 0.4144 0.5178 -1.0000 1.0000 0.5867 -0.4122
 137 D  -0.2367 -0.4633 -0.3122 -0.8522 -1.0000 -0.1722 -0.7056
 138 K  -0.0978 0.0733 0.1811 -0.9878 0.8078 0.3100 -0.2944
 139 N  -0.2367 -0.3656 -0.2700 -0.7489 -0.0833 -0.4478 -0.5878
 140 K  -0.0978 0.0733 0.1811 -0.9878 0.8078 0.3100 -0.2944
 141 M  0.1222 0.0733 0.0967 0.3744 -0.2911 0.7244 -0.0011
 142 R  0.1167 0.4144 0.5178 -1.0000 1.0000 0.5867 -0.4122
 143 D  -0.2367 -0.4633 -0.3122 -0.8522 -1.0000 -0.1722 -0.7056
 144 A  -0.3889 -0.7556 -0.7522 -0.1900 -0.1889 1.0000 -0.5289
 145 F  0.4033 0.4144 0.4578 0.7178 -0.3022 0.1722 0.3533
 146 N  -0.2367 -0.3656 -0.2700 -0.7489 -0.0833 -0.4478 -0.5878
 147 K  -0.0978 0.0733 0.1811 -0.9878 0.8078 0.3100 -0.2944
 148 A  -0.3889 -0.7556 -0.7522 -0.1900 -0.1889 1.0000 -0.5289
 149 G  -1.0000 -1.0000 -1.0000 -0.3800 -0.1989 -1.0000 -1.0000
 150 V  0.7522 -0.3167 -0.2578 0.3678 -0.2122 -0.0344 1.0000
 151 K  -0.0978 0.0733 0.1811 -0.9878 0.8078 0.3100 -0.2944
 152 S  -0.3744 -0.7078 -0.6044 -0.4044 -0.2944 -0.5178 -0.2356
 153 I  1.0000 -0.0733 -0.0100 0.7244 -0.2067 0.1722 0.7644
 154 K  -0.0978 0.0733 0.1811 -0.9878 0.8078 0.3100 -0.2944
 155 N  -0.2367 -0.3656 -0.2700 -0.7489 -0.0833 -0.4478 -0.5878
 156 K  -0.0978 0.0733 0.1811 -0.9878 0.8078 0.3100 -0.2944
 157 R  0.1167 0.4144 0.5178 -1.0000 1.0000 0.5867 -0.4122
 158 V  0.7522 -0.3167 -0.2578 0.3678 -0.2122 -0.0344 1.0000
 159 T  0.4467 -0.4633 -0.3567 -0.2211 -0.3200 -0.4478 0.2356
 160 T  0.4467 -0.4633 -0.3567 -0.2211 -0.3200 -0.4478 0.2356
 161 L  0.2367 -0.0733 -0.0100 0.6622 -0.2067 0.7933 -0.0589
 162 E  -0.2556 -0.2678 -0.0644 -0.7733 -0.9644 1.0000 -0.6467
 163 D  -0.2367 -0.4633 -0.3122 -0.8522 -1.0000 -0.1722 -0.7056
 164 F  0.4033 0.4144 0.4578 0.7178 -0.3022 0.1722 0.3533
 165 R  0.1167 0.4144 0.5178 -1.0000 1.0000 0.5867 -0.4122
 166 A  -0.3889 -0.7556 -0.7522 -0.1900 -0.1889 1.0000 -0.5289
 167 A  -0.3889 -0.7556 -0.7522 -0.1900 -0.1889 1.0000 -0.5289
 168 L  0.2367 -0.0733 -0.0100 0.6622 -0.2067 0.7933 -0.0589
 169 E  -0.2556 -0.2678 -0.0644 -0.7733 -0.9644 1.0000 -0.6467
 170 E  -0.2556 -0.2678 -0.0644 -0.7733 -0.9644 1.0000 -0.6467
 171 I  1.0000 -0.0733 -0.0100 0.7244 -0.2067 0.1722 0.7644
 172 G  -1.0000 -1.0000 -1.0000 -0.3800 -0.1989 -1.0000 -1.0000
 173 T  0.4467 -0.4633 -0.3567 -0.2211 -0.3200 -0.4478 0.2356
 174 P  0.2744 -1.0000 -0.3267 0.0611 -0.0111 -1.0000 0.1178
 175 L  0.2367 -0.0733 -0.0100 0.6622 -0.2067 0.7933 -0.0589
 176 I  1.0000 -0.0733 -0.0100 0.7244 -0.2067 0.1722 0.7644
 177 L  0.2367 -0.0733 -0.0100 0.6622 -0.2067 0.7933 -0.0589
 178 K  -0.0978 0.0733 0.1811 -0.9878 0.8078 0.3100 -0.2944
 179 P  0.2744 -1.0000 -0.3267 0.0611 -0.0111 -1.0000 0.1178
 180 T  0.4467 -0.4633 -0.3567 -0.2211 -0.3200 -0.4478 0.2356
 181 Y  0.4033 0.4633 0.6011 0.2089 -0.3044 -0.1722 0.5289
 182 L  0.2367 -0.0733 -0.0100 0.6622 -0.2067 0.7933 -0.0589
 183 A  -0.3889 -0.7556 -0.7522 -0.1900 -0.1889 1.0000 -0.5289
 184 S  -0.3744 -0.7078 -0.6044 -0.4044 -0.2944 -0.5178 -0.2356
 185 S  -0.3744 -0.7078 -0.6044 -0.4044 -0.2944 -0.5178 -0.2356
 186 I  1.0000 -0.0733 -0.0100 0.7244 -0.2067 0.1722 0.7644
 187 G  -1.0000 -1.0000 -1.0000 -0.3800 -0.1989 -1.0000 -1.0000
 188 V  0.7522 -0.3167 -0.2578 0.3678 -0.2122 -0.0344 1.0000
 189 T  0.4467 -0.4633 -0.3567 -0.2211 -0.3200 -0.4478 0.2356
 190 L  0.2367 -0.0733 -0.0100 0.6622 -0.2067 0.7933 -0.0589
 191 I  1.0000 -0.0733 -0.0100 0.7244 -0.2067 0.1722 0.7644
 192 T  0.4467 -0.4633 -0.3567 -0.2211 -0.3200 -0.4478 0.2356
 193 D  -0.2367 -0.4633 -0.3122 -0.8522 -1.0000 -0.1722 -0.7056
 194 T  0.4467 -0.4633 -0.3567 -0.2211 -0.3200 -0.4478 0.2356
 195 E  -0.2556 -0.2678 -0.0644 -0.7733 -0.9644 1.0000 -0.6467
 196 T  0.4467 -0.4633 -0.3567 -0.2211 -0.3200 -0.4478 0.2356
 197 A  -0.3889 -0.7556 -0.7522 -0.1900 -0.1889 1.0000 -0.5289
 198 E  -0.2556 -0.2678 -0.0644 -0.7733 -0.9644 1.0000 -0.6467
 199 D  -0.2367 -0.4633 -0.3122 -0.8522 -1.0000 -0.1722 -0.7056
 200 E  -0.2556 -0.2678 -0.0644 -0.7733 -0.9644 1.0000 -0.6467
 201 F  0.4033 0.4144 0.4578 0.7178 -0.3022 0.1722 0.3533
 202 N  -0.2367 -0.3656 -0.2700 -0.7489 -0.0833 -0.4478 -0.5878
 203 R  0.1167 0.4144 0.5178 -1.0000 1.0000 0.5867 -0.4122
 204 V  0.7522 -0.3167 -0.2578 0.3678 -0.2122 -0.0344 1.0000
 205 N  -0.2367 -0.3656 -0.2700 -0.7489 -0.0833 -0.4478 -0.5878
 206 D  -0.2367 -0.4633 -0.3122 -0.8522 -1.0000 -0.1722 -0.7056
 207 Y  0.4033 0.4633 0.6011 0.2089 -0.3044 -0.1722 0.5289
 208 L  0.2367 -0.0733 -0.0100 0.6622 -0.2067 0.7933 -0.0589
 209 K  -0.0978 0.0733 0.1811 -0.9878 0.8078 0.3100 -0.2944
 210 S  -0.3744 -0.7078 -0.6044 -0.4044 -0.2944 -0.5178 -0.2356
 211 I  1.0000 -0.0733 -0.0100 0.7244 -0.2067 0.1722 0.7644
 212 N  -0.2367 -0.3656 -0.2700 -0.7489 -0.0833 -0.4478 -0.5878
 213 V  0.7522 -0.3167 -0.2578 0.3678 -0.2122 -0.0344 1.0000
 214 P  0.2744 -1.0000 -0.3267 0.0611 -0.0111 -1.0000 0.1178
 215 K  -0.0978 0.0733 0.1811 -0.9878 0.8078 0.3100 -0.2944
 216 A  -0.3889 -0.7556 -0.7522 -0.1900 -0.1889 1.0000 -0.5289
 217 V  0.7522 -0.3167 -0.2578 0.3678 -0.2122 -0.0344 1.0000
 218 T  0.4467 -0.4633 -0.3567 -0.2211 -0.3200 -0.4478 0.2356
 219 F  0.4033 0.4144 0.4578 0.7178 -0.3022 0.1722 0.3533
 220 E  -0.2556 -0.2678 -0.0644 -0.7733 -0.9644 1.0000 -0.6467
 221 A  -0.3889 -0.7556 -0.7522 -0.1900 -0.1889 1.0000 -0.5289
 222 P  0.2744 -1.0000 -0.3267 0.0611 -0.0111 -1.0000 0.1178
 223 F  0.4033 0.4144 0.4578 0.7178 -0.3022 0.1722 0.3533
 224 I  1.0000 -0.0733 -0.0100 0.7244 -0.2067 0.1722 0.7644
 225 A  -0.3889 -0.7556 -0.7522 -0.1900 -0.1889 1.0000 -0.5289
 226 E  -0.2556 -0.2678 -0.0644 -0.7733 -0.9644 1.0000 -0.6467
 227 E  -0.2556 -0.2678 -0.0644 -0.7733 -0.9644 1.0000 -0.6467
 228 F  0.4033 0.4144 0.4578 0.7178 -0.3022 0.1722 0.3533
 229 L  0.2367 -0.0733 -0.0100 0.6622 -0.2067 0.7933 -0.0589
 230 Q  -0.2556 -0.1222 -0.0222 -0.5156 -0.3067 0.5867 -0.4122
 231 G  -1.0000 -1.0000 -1.0000 -0.3800 -0.1989 -1.0000 -1.0000
 232 E  -0.2556 -0.2678 -0.0644 -0.7733 -0.9644 1.0000 -0.6467
 233 Y  0.4033 0.4633 0.6011 0.2089 -0.3044 -0.1722 0.5289
 234 G  -1.0000 -1.0000 -1.0000 -0.3800 -0.1989 -1.0000 -1.0000
 235 D  -0.2367 -0.4633 -0.3122 -0.8522 -1.0000 -0.1722 -0.7056
 236 W  0.5322 1.0000 1.0000 1.0000 -0.2322 0.3100 0.5878
 237 Y  0.4033 0.4633 0.6011 0.2089 -0.3044 -0.1722 0.5289
 238 Q  -0.2556 -0.1222 -0.0222 -0.5156 -0.3067 0.5867 -0.4122
 239 T  0.4467 -0.4633 -0.3567 -0.2211 -0.3200 -0.4478 0.2356
 240 E  -0.2556 -0.2678 -0.0644 -0.7733 -0.9644 1.0000 -0.6467
 241 G  -1.0000 -1.0000 -1.0000 -0.3800 -0.1989 -1.0000 -1.0000
 242 Y  0.4033 0.4633 0.6011 0.2089 -0.3044 -0.1722 0.5289
 243 S  -0.3744 -0.7078 -0.6044 -0.4044 -0.2944 -0.5178 -0.2356
 244 D  -0.2367 -0.4633 -0.3122 -0.8522 -1.0000 -0.1722 -0.7056
 245 Y  0.4033 0.4633 0.6011 0.2089 -0.3044 -0.1722 0.5289
 246 I  1.0000 -0.0733 -0.0100 0.7244 -0.2067 0.1722 0.7644
 247 S  -0.3744 -0.7078 -0.6044 -0.4044 -0.2944 -0.5178 -0.2356
 248 I  1.0000 -0.0733 -0.0100 0.7244 -0.2067 0.1722 0.7644
 249 E  -0.2556 -0.2678 -0.0644 -0.7733 -0.9644 1.0000 -0.6467
 250 G  -1.0000 -1.0000 -1.0000 -0.3800 -0.1989 -1.0000 -1.0000
 251 I  1.0000 -0.0733 -0.0100 0.7244 -0.2067 0.1722 0.7644
 252 M  0.1222 0.0733 0.0967 0.3744 -0.2911 0.7244 -0.0011
 253 A  -0.3889 -0.7556 -0.7522 -0.1900 -0.1889 1.0000 -0.5289
 254 D  -0.2367 -0.4633 -0.3122 -0.8522 -1.0000 -0.1722 -0.7056
 255 G  -1.0000 -1.0000 -1.0000 -0.3800 -0.1989 -1.0000 -1.0000
 256 E  -0.2556 -0.2678 -0.0644 -0.7733 -0.9644 1.0000 -0.6467
 257 Y  0.4033 0.4633 0.6011 0.2089 -0.3044 -0.1722 0.5289
 258 F  0.4033 0.4144 0.4578 0.7178 -0.3022 0.1722 0.3533
 259 P  0.2744 -1.0000 -0.3267 0.0611 -0.0111 -1.0000 0.1178
 260 I  1.0000 -0.0733 -0.0100 0.7244 -0.2067 0.1722 0.7644
 261 A  -0.3889 -0.7556 -0.7522 -0.1900 -0.1889 1.0000 -0.5289
 262 I  1.0000 -0.0733 -0.0100 0.7244 -0.2067 0.1722 0.7644
 263 H  0.4267 0.1222 0.1533 -0.3011 0.2167 -0.0344 -0.1178
 264 D  -0.2367 -0.4633 -0.3122 -0.8522 -1.0000 -0.1722 -0.7056
 265 K  -0.0978 0.0733 0.1811 -0.9878 0.8078 0.3100 -0.2944
 266 T  0.4467 -0.4633 -0.3567 -0.2211 -0.3200 -0.4478 0.2356
 267 P  0.2744 -1.0000 -0.3267 0.0611 -0.0111 -1.0000 0.1178
 268 Q  -0.2556 -0.1222 -0.0222 -0.5156 -0.3067 0.5867 -0.4122
 269 I  1.0000 -0.0733 -0.0100 0.7244 -0.2067 0.1722 0.7644
 270 G  -1.0000 -1.0000 -1.0000 -0.3800 -0.1989 -1.0000 -1.0000
 271 F  0.4033 0.4144 0.4578 0.7178 -0.3022 0.1722 0.3533
 272 T  0.4467 -0.4633 -0.3567 -0.2211 -0.3200 -0.4478 0.2356
 273 E  -0.2556 -0.2678 -0.0644 -0.7733 -0.9644 1.0000 -0.6467
 274 T  0.4467 -0.4633 -0.3567 -0.2211 -0.3200 -0.4478 0.2356
 275 S  -0.3744 -0.7078 -0.6044 -0.4044 -0.2944 -0.5178 -0.2356
 276 H  0.4267 0.1222 0.1533 -0.3011 0.2167 -0.0344 -0.1178
 277 I  1.0000 -0.0733 -0.0100 0.7244 -0.2067 0.1722 0.7644
 278 T  0.4467 -0.4633 -0.3567 -0.2211 -0.3200 -0.4478 0.2356
 279 P  0.2744 -1.0000 -0.3267 0.0611 -0.0111 -1.0000 0.1178
 280 S  -0.3744 -0.7078 -0.6044 -0.4044 -0.2944 -0.5178 -0.2356
 281 I  1.0000 -0.0733 -0.0100 0.7244 -0.2067 0.1722 0.7644
 282 L  0.2367 -0.0733 -0.0100 0.6622 -0.2067 0.7933 -0.0589
 283 D  -0.2367 -0.4633 -0.3122 -0.8522 -1.0000 -0.1722 -0.7056
 284 E  -0.2556 -0.2678 -0.0644 -0.7733 -0.9644 1.0000 -0.6467
 285 E  -0.2556 -0.2678 -0.0644 -0.7733 -0.9644 1.0000 -0.6467
 286 A  -0.3889 -0.7556 -0.7522 -0.1900 -0.1889 1.0000 -0.5289
 287 K  -0.0978 0.0733 0.1811 -0.9878 0.8078 0.3100 -0.2944
 288 K  -0.0978 0.0733 0.1811 -0.9878 0.8078 0.3100 -0.2944
 289 K  -0.0978 0.0733 0.1811 -0.9878 0.8078 0.3100 -0.2944
 290 I  1.0000 -0.0733 -0.0100 0.7244 -0.2067 0.1722 0.7644
 291 V  0.7522 -0.3167 -0.2578 0.3678 -0.2122 -0.0344 1.0000
 292 E  -0.2556 -0.2678 -0.0644 -0.7733 -0.9644 1.0000 -0.6467
 293 A  -0.3889 -0.7556 -0.7522 -0.1900 -0.1889 1.0000 -0.5289
 294 A  -0.3889 -0.7556 -0.7522 -0.1900 -0.1889 1.0000 -0.5289
 295 K  -0.0978 0.0733 0.1811 -0.9878 0.8078 0.3100 -0.2944
 296 K  -0.0978 0.0733 0.1811 -0.9878 0.8078 0.3100 -0.2944
 297 A  -0.3889 -0.7556 -0.7522 -0.1900 -0.1889 1.0000 -0.5289
 298 N  -0.2367 -0.3656 -0.2700 -0.7489 -0.0833 -0.4478 -0.5878
 299 E  -0.2556 -0.2678 -0.0644 -0.7733 -0.9644 1.0000 -0.6467
 300 G  -1.0000 -1.0000 -1.0000 -0.3800 -0.1989 -1.0000 -1.0000
 301 L  0.2367 -0.0733 -0.0100 0.6622 -0.2067 0.7933 -0.0589
 302 G  -1.0000 -1.0000 -1.0000 -0.3800 -0.1989 -1.0000 -1.0000
 303 L  0.2367 -0.0733 -0.0100 0.6622 -0.2067 0.7933 -0.0589
 304 Q  -0.2556 -0.1222 -0.0222 -0.5156 -0.3067 0.5867 -0.4122
 305 N  -0.2367 -0.3656 -0.2700 -0.7489 -0.0833 -0.4478 -0.5878
 306 C  -0.1556 -0.3656 -0.3989 0.5644 -0.1267 -0.7244 0.5289
 307 A  -0.3889 -0.7556 -0.7522 -0.1900 -0.1889 1.0000 -0.5289
 308 T  0.4467 -0.4633 -0.3567 -0.2211 -0.3200 -0.4478 0.2356
 309 H  0.4267 0.1222 0.1533 -0.3011 0.2167 -0.0344 -0.1178
 310 T  0.4467 -0.4633 -0.3567 -0.2211 -0.3200 -0.4478 0.2356
 311 E  -0.2556 -0.2678 -0.0644 -0.7733 -0.9644 1.0000 -0.6467
 312 I  1.0000 -0.0733 -0.0100 0.7244 -0.2067 0.1722 0.7644
 313 K  -0.0978 0.0733 0.1811 -0.9878 0.8078 0.3100 -0.2944
 314 L  0.2367 -0.0733 -0.0100 0.6622 -0.2067 0.7933 -0.0589
 315 M  0.1222 0.0733 0.0967 0.3744 -0.2911 0.7244 -0.0011
 316 K  -0.0978 0.0733 0.1811 -0.9878 0.8078 0.3100 -0.2944
 317 N  -0.2367 -0.3656 -0.2700 -0.7489 -0.0833 -0.4478 -0.5878
 318 R  0.1167 0.4144 0.5178 -1.0000 1.0000 0.5867 -0.4122
 319 E  -0.2556 -0.2678 -0.0644 -0.7733 -0.9644 1.0000 -0.6467
 320 P  0.2744 -1.0000 -0.3267 0.0611 -0.0111 -1.0000 0.1178
 321 G  -1.0000 -1.0000 -1.0000 -0.3800 -0.1989 -1.0000 -1.0000
 322 L  0.2367 -0.0733 -0.0100 0.6622 -0.2067 0.7933 -0.0589
 323 I  1.0000 -0.0733 -0.0100 0.7244 -0.2067 0.1722 0.7644
 324 E  -0.2556 -0.2678 -0.0644 -0.7733 -0.9644 1.0000 -0.6467
 325 S  -0.3744 -0.7078 -0.6044 -0.4044 -0.2944 -0.5178 -0.2356
 326 A  -0.3889 -0.7556 -0.7522 -0.1900 -0.1889 1.0000 -0.5289
 327 A  -0.3889 -0.7556 -0.7522 -0.1900 -0.1889 1.0000 -0.5289
 328 R  0.1167 0.4144 0.5178 -1.0000 1.0000 0.5867 -0.4122
 329 F  0.4033 0.4144 0.4578 0.7178 -0.3022 0.1722 0.3533
 330 A  -0.3889 -0.7556 -0.7522 -0.1900 -0.1889 1.0000 -0.5289
 331 G  -1.0000 -1.0000 -1.0000 -0.3800 -0.1989 -1.0000 -1.0000
 332 W  0.5322 1.0000 1.0000 1.0000 -0.2322 0.3100 0.5878
 333 N  -0.2367 -0.3656 -0.2700 -0.7489 -0.0833 -0.4478 -0.5878
 334 M  0.1222 0.0733 0.0967 0.3744 -0.2911 0.7244 -0.0011
 335 I  1.0000 -0.0733 -0.0100 0.7244 -0.2067 0.1722 0.7644
 336 P  0.2744 -1.0000 -0.3267 0.0611 -0.0111 -1.0000 0.1178
 337 N  -0.2367 -0.3656 -0.2700 -0.7489 -0.0833 -0.4478 -0.5878
 338 I  1.0000 -0.0733 -0.0100 0.7244 -0.2067 0.1722 0.7644
 339 K  -0.0978 0.0733 0.1811 -0.9878 0.8078 0.3100 -0.2944
 340 K  -0.0978 0.0733 0.1811 -0.9878 0.8078 0.3100 -0.2944
 341 V  0.7522 -0.3167 -0.2578 0.3678 -0.2122 -0.0344 1.0000
 342 F  0.4033 0.4144 0.4578 0.7178 -0.3022 0.1722 0.3533
 343 G  -1.0000 -1.0000 -1.0000 -0.3800 -0.1989 -1.0000 -1.0000
 344 L  0.2367 -0.0733 -0.0100 0.6622 -0.2067 0.7933 -0.0589
 345 D  -0.2367 -0.4633 -0.3122 -0.8522 -1.0000 -0.1722 -0.7056
 346 M  0.1222 0.0733 0.0967 0.3744 -0.2911 0.7244 -0.0011
 347 A  -0.3889 -0.7556 -0.7522 -0.1900 -0.1889 1.0000 -0.5289
 348 Q  -0.2556 -0.1222 -0.0222 -0.5156 -0.3067 0.5867 -0.4122
 349 L  0.2367 -0.0733 -0.0100 0.6622 -0.2067 0.7933 -0.0589
 350 L  0.2367 -0.0733 -0.0100 0.6622 -0.2067 0.7933 -0.0589
 351 L  0.2367 -0.0733 -0.0100 0.6622 -0.2067 0.7933 -0.0589
 352 D  -0.2367 -0.4633 -0.3122 -0.8522 -1.0000 -0.1722 -0.7056
 353 V  0.7522 -0.3167 -0.2578 0.3678 -0.2122 -0.0344 1.0000
 354 L  0.2367 -0.0733 -0.0100 0.6622 -0.2067 0.7933 -0.0589
 355 C  -0.1556 -0.3656 -0.3989 0.5644 -0.1267 -0.7244 0.5289
 356 F  0.4033 0.4144 0.4578 0.7178 -0.3022 0.1722 0.3533
 357 G  -1.0000 -1.0000 -1.0000 -0.3800 -0.1989 -1.0000 -1.0000
 358 K  -0.0978 0.0733 0.1811 -0.9878 0.8078 0.3100 -0.2944
 359 D  -0.2367 -0.4633 -0.3122 -0.8522 -1.0000 -0.1722 -0.7056
 360 A  -0.3889 -0.7556 -0.7522 -0.1900 -0.1889 1.0000 -0.5289
 361 D  -0.2367 -0.4633 -0.3122 -0.8522 -1.0000 -0.1722 -0.7056
 362 L  0.2367 -0.0733 -0.0100 0.6622 -0.2067 0.7933 -0.0589
 363 P  0.2744 -1.0000 -0.3267 0.0611 -0.0111 -1.0000 0.1178
 364 D  -0.2367 -0.4633 -0.3122 -0.8522 -1.0000 -0.1722 -0.7056
 365 G  -1.0000 -1.0000 -1.0000 -0.3800 -0.1989 -1.0000 -1.0000
 366 L  0.2367 -0.0733 -0.0100 0.6622 -0.2067 0.7933 -0.0589
 367 L  0.2367 -0.0733 -0.0100 0.6622 -0.2067 0.7933 -0.0589
 368 D  -0.2367 -0.4633 -0.3122 -0.8522 -1.0000 -0.1722 -0.7056
 369 Q  -0.2556 -0.1222 -0.0222 -0.5156 -0.3067 0.5867 -0.4122
 370 E  -0.2556 -0.2678 -0.0644 -0.7733 -0.9644 1.0000 -0.6467
 371 P  0.2744 -1.0000 -0.3267 0.0611 -0.0111 -1.0000 0.1178
 372 Y  0.4033 0.4633 0.6011 0.2089 -0.3044 -0.1722 0.5289
 373 Y  0.4033 0.4633 0.6011 0.2089 -0.3044 -0.1722 0.5289
 374 V  0.7522 -0.3167 -0.2578 0.3678 -0.2122 -0.0344 1.0000
 375 A  -0.3889 -0.7556 -0.7522 -0.1900 -0.1889 1.0000 -0.5289
 376 D  -0.2367 -0.4633 -0.3122 -0.8522 -1.0000 -0.1722 -0.7056
 377 C  -0.1556 -0.3656 -0.3989 0.5644 -0.1267 -0.7244 0.5289
 378 H  0.4267 0.1222 0.1533 -0.3011 0.2167 -0.0344 -0.1178
 379 L  0.2367 -0.0733 -0.0100 0.6622 -0.2067 0.7933 -0.0589
 380 Y  0.4033 0.4633 0.6011 0.2089 -0.3044 -0.1722 0.5289
 381 P  0.2744 -1.0000 -0.3267 0.0611 -0.0111 -1.0000 0.1178
 382 Q  -0.2556 -0.1222 -0.0222 -0.5156 -0.3067 0.5867 -0.4122
 383 H  0.4267 0.1222 0.1533 -0.3011 0.2167 -0.0344 -0.1178
 384 F  0.4033 0.4144 0.4578 0.7178 -0.3022 0.1722 0.3533
 385 K  -0.0978 0.0733 0.1811 -0.9878 0.8078 0.3100 -0.2944
 386 Q  -0.2556 -0.1222 -0.0222 -0.5156 -0.3067 0.5867 -0.4122
 387 N  -0.2367 -0.3656 -0.2700 -0.7489 -0.0833 -0.4478 -0.5878
 388 G  -1.0000 -1.0000 -1.0000 -0.3800 -0.1989 -1.0000 -1.0000
 389 Q  -0.2556 -0.1222 -0.0222 -0.5156 -0.3067 0.5867 -0.4122
 390 I  1.0000 -0.0733 -0.0100 0.7244 -0.2067 0.1722 0.7644
 391 P  0.2744 -1.0000 -0.3267 0.0611 -0.0111 -1.0000 0.1178
 392 E  -0.2556 -0.2678 -0.0644 -0.7733 -0.9644 1.0000 -0.6467
 393 T  0.4467 -0.4633 -0.3567 -0.2211 -0.3200 -0.4478 0.2356
 394 A  -0.3889 -0.7556 -0.7522 -0.1900 -0.1889 1.0000 -0.5289
 395 E  -0.2556 -0.2678 -0.0644 -0.7733 -0.9644 1.0000 -0.6467
 396 D  -0.2367 -0.4633 -0.3122 -0.8522 -1.0000 -0.1722 -0.7056
 397 L  0.2367 -0.0733 -0.0100 0.6622 -0.2067 0.7933 -0.0589
 398 V  0.7522 -0.3167 -0.2578 0.3678 -0.2122 -0.0344 1.0000
 399 I  1.0000 -0.0733 -0.0100 0.7244 -0.2067 0.1722 0.7644
 400 E  -0.2556 -0.2678 -0.0644 -0.7733 -0.9644 1.0000 -0.6467
 401 A  -0.3889 -0.7556 -0.7522 -0.1900 -0.1889 1.0000 -0.5289
 402 I  1.0000 -0.0733 -0.0100 0.7244 -0.2067 0.1722 0.7644
 403 D  -0.2367 -0.4633 -0.3122 -0.8522 -1.0000 -0.1722 -0.7056
 404 I  1.0000 -0.0733 -0.0100 0.7244 -0.2067 0.1722 0.7644
 405 P  0.2744 -1.0000 -0.3267 0.0611 -0.0111 -1.0000 0.1178
 406 D  -0.2367 -0.4633 -0.3122 -0.8522 -1.0000 -0.1722 -0.7056
 407 G  -1.0000 -1.0000 -1.0000 -0.3800 -0.1989 -1.0000 -1.0000
 408 L  0.2367 -0.0733 -0.0100 0.6622 -0.2067 0.7933 -0.0589
 409 L  0.2367 -0.0733 -0.0100 0.6622 -0.2067 0.7933 -0.0589
 410 K  -0.0978 0.0733 0.1811 -0.9878 0.8078 0.3100 -0.2944
 411 G  -1.0000 -1.0000 -1.0000 -0.3800 -0.1989 -1.0000 -1.0000
 412 D  -0.2367 -0.4633 -0.3122 -0.8522 -1.0000 -0.1722 -0.7056
 413 T  0.4467 -0.4633 -0.3567 -0.2211 -0.3200 -0.4478 0.2356
 414 E  -0.2556 -0.2678 -0.0644 -0.7733 -0.9644 1.0000 -0.6467
 415 I  1.0000 -0.0733 -0.0100 0.7244 -0.2067 0.1722 0.7644
 416 V  0.7522 -0.3167 -0.2578 0.3678 -0.2122 -0.0344 1.0000
 417 S  -0.3744 -0.7078 -0.6044 -0.4044 -0.2944 -0.5178 -0.2356
 418 F  0.4033 0.4144 0.4578 0.7178 -0.3022 0.1722 0.3533
 419 S  -0.3744 -0.7078 -0.6044 -0.4044 -0.2944 -0.5178 -0.2356
 420 A  -0.3889 -0.7556 -0.7522 -0.1900 -0.1889 1.0000 -0.5289
 421 A  -0.3889 -0.7556 -0.7522 -0.1900 -0.1889 1.0000 -0.5289
 422 A  -0.3889 -0.7556 -0.7522 -0.1900 -0.1889 1.0000 -0.5289
 423 P  0.2744 -1.0000 -0.3267 0.0611 -0.0111 -1.0000 0.1178
 424 G  -1.0000 -1.0000 -1.0000 -0.3800 -0.1989 -1.0000 -1.0000
 425 T  0.4467 -0.4633 -0.3567 -0.2211 -0.3200 -0.4478 0.2356
 426 S  -0.3744 -0.7078 -0.6044 -0.4044 -0.2944 -0.5178 -0.2356
 427 V  0.7522 -0.3167 -0.2578 0.3678 -0.2122 -0.0344 1.0000
 428 D  -0.2367 -0.4633 -0.3122 -0.8522 -1.0000 -0.1722 -0.7056
 429 L  0.2367 -0.0733 -0.0100 0.6622 -0.2067 0.7933 -0.0589
 430 T  0.4467 -0.4633 -0.3567 -0.2211 -0.3200 -0.4478 0.2356
 431 L  0.2367 -0.0733 -0.0100 0.6622 -0.2067 0.7933 -0.0589
 432 F  0.4033 0.4144 0.4578 0.7178 -0.3022 0.1722 0.3533
 433 E  -0.2556 -0.2678 -0.0644 -0.7733 -0.9644 1.0000 -0.6467
 434 A  -0.3889 -0.7556 -0.7522 -0.1900 -0.1889 1.0000 -0.5289
 435 F  0.4033 0.4144 0.4578 0.7178 -0.3022 0.1722 0.3533
 436 N  -0.2367 -0.3656 -0.2700 -0.7489 -0.0833 -0.4478 -0.5878
 437 S  -0.3744 -0.7078 -0.6044 -0.4044 -0.2944 -0.5178 -0.2356
 438 I  1.0000 -0.0733 -0.0100 0.7244 -0.2067 0.1722 0.7644
 439 A  -0.3889 -0.7556 -0.7522 -0.1900 -0.1889 1.0000 -0.5289
 440 A  -0.3889 -0.7556 -0.7522 -0.1900 -0.1889 1.0000 -0.5289
 441 F  0.4033 0.4144 0.4578 0.7178 -0.3022 0.1722 0.3533
 442 E  -0.2556 -0.2678 -0.0644 -0.7733 -0.9644 1.0000 -0.6467
 443 L  0.2367 -0.0733 -0.0100 0.6622 -0.2067 0.7933 -0.0589
 444 K  -0.0978 0.0733 0.1811 -0.9878 0.8078 0.3100 -0.2944
 445 G  -1.0000 -1.0000 -1.0000 -0.3800 -0.1989 -1.0000 -1.0000
 446 S  -0.3744 -0.7078 -0.6044 -0.4044 -0.2944 -0.5178 -0.2356
 447 N  -0.2367 -0.3656 -0.2700 -0.7489 -0.0833 -0.4478 -0.5878
 448 S  -0.3744 -0.7078 -0.6044 -0.4044 -0.2944 -0.5178 -0.2356
 449 Q  -0.2556 -0.1222 -0.0222 -0.5156 -0.3067 0.5867 -0.4122
 450 D  -0.2367 -0.4633 -0.3122 -0.8522 -1.0000 -0.1722 -0.7056
 451 V  0.7522 -0.3167 -0.2578 0.3678 -0.2122 -0.0344 1.0000
 452 A  -0.3889 -0.7556 -0.7522 -0.1900 -0.1889 1.0000 -0.5289
 453 E  -0.2556 -0.2678 -0.0644 -0.7733 -0.9644 1.0000 -0.6467
 454 S  -0.3744 -0.7078 -0.6044 -0.4044 -0.2944 -0.5178 -0.2356
 455 I  1.0000 -0.0733 -0.0100 0.7244 -0.2067 0.1722 0.7644
 456 R  0.1167 0.4144 0.5178 -1.0000 1.0000 0.5867 -0.4122
 457 Q  -0.2556 -0.1222 -0.0222 -0.5156 -0.3067 0.5867 -0.4122
 458 I  1.0000 -0.0733 -0.0100 0.7244 -0.2067 0.1722 0.7644
 459 Q  -0.2556 -0.1222 -0.0222 -0.5156 -0.3067 0.5867 -0.4122
 460 Q  -0.2556 -0.1222 -0.0222 -0.5156 -0.3067 0.5867 -0.4122
 461 H  0.4267 0.1222 0.1533 -0.3011 0.2167 -0.0344 -0.1178
 462 A  -0.3889 -0.7556 -0.7522 -0.1900 -0.1889 1.0000 -0.5289
 463 K  -0.0978 0.0733 0.1811 -0.9878 0.8078 0.3100 -0.2944
 464 L  0.2367 -0.0733 -0.0100 0.6622 -0.2067 0.7933 -0.0589
 465 T  0.4467 -0.4633 -0.3567 -0.2211 -0.3200 -0.4478 0.2356
 466 A  -0.3889 -0.7556 -0.7522 -0.1900 -0.1889 1.0000 -0.5289
 467 K  -0.0978 0.0733 0.1811 -0.9878 0.8078 0.3100 -0.2944
 468 Y  0.4033 0.4633 0.6011 0.2089 -0.3044 -0.1722 0.5289
 469 V  0.7522 -0.3167 -0.2578 0.3678 -0.2122 -0.0344 1.0000
 470 L  0.2367 -0.0733 -0.0100 0.6622 -0.2067 0.7933 -0.0589
 471 P  0.2744 -1.0000 -0.3267 0.0611 -0.0111 -1.0000 0.1178
 472 V  0.7522 -0.3167 -0.2578 0.3678 -0.2122 -0.0344 1.0000
