 1 M  0.1222 0.0733 0.0967 0.3744 -0.2911 0.7244 -0.0011
 2 K  -0.0978 0.0733 0.1811 -0.9878 0.8078 0.3100 -0.2944
 3 I  1.0000 -0.0733 -0.0100 0.7244 -0.2067 0.1722 0.7644
 4 D  -0.2367 -0.4633 -0.3122 -0.8522 -1.0000 -0.1722 -0.7056
 5 I  1.0000 -0.0733 -0.0100 0.7244 -0.2067 0.1722 0.7644
 6 H  0.4267 0.1222 0.1533 -0.3011 0.2167 -0.0344 -0.1178
 7 S  -0.3744 -0.7078 -0.6044 -0.4044 -0.2944 -0.5178 -0.2356
 8 H  0.4267 0.1222 0.1533 -0.3011 0.2167 -0.0344 -0.1178
 9 I  1.0000 -0.0733 -0.0100 0.7244 -0.2067 0.1722 0.7644
 10 L  0.2367 -0.0733 -0.0100 0.6622 -0.2067 0.7933 -0.0589
 11 P  0.2744 -1.0000 -0.3267 0.0611 -0.0111 -1.0000 0.1178
 12 K  -0.0978 0.0733 0.1811 -0.9878 0.8078 0.3100 -0.2944
 13 E  -0.2556 -0.2678 -0.0644 -0.7733 -0.9644 1.0000 -0.6467
 14 W  0.5322 1.0000 1.0000 1.0000 -0.2322 0.3100 0.5878
 15 P  0.2744 -1.0000 -0.3267 0.0611 -0.0111 -1.0000 0.1178
 16 D  -0.2367 -0.4633 -0.3122 -0.8522 -1.0000 -0.1722 -0.7056
 17 L  0.2367 -0.0733 -0.0100 0.6622 -0.2067 0.7933 -0.0589
 18 K  -0.0978 0.0733 0.1811 -0.9878 0.8078 0.3100 -0.2944
 19 K  -0.0978 0.0733 0.1811 -0.9878 0.8078 0.3100 -0.2944
 20 R  0.1167 0.4144 0.5178 -1.0000 1.0000 0.5867 -0.4122
 21 F  0.4033 0.4144 0.4578 0.7178 -0.3022 0.1722 0.3533
 22 G  -1.0000 -1.0000 -1.0000 -0.3800 -0.1989 -1.0000 -1.0000
 23 Y  0.4033 0.4633 0.6011 0.2089 -0.3044 -0.1722 0.5289
 24 G  -1.0000 -1.0000 -1.0000 -0.3800 -0.1989 -1.0000 -1.0000
 25 G  -1.0000 -1.0000 -1.0000 -0.3800 -0.1989 -1.0000 -1.0000
 26 W  0.5322 1.0000 1.0000 1.0000 -0.2322 0.3100 0.5878
 27 V  0.7522 -0.3167 -0.2578 0.3678 -0.2122 -0.0344 1.0000
 28 Q  -0.2556 -0.1222 -0.0222 -0.5156 -0.3067 0.5867 -0.4122
 29 L  0.2367 -0.0733 -0.0100 0.6622 -0.2067 0.7933 -0.0589
 30 Q  -0.2556 -0.1222 -0.0222 -0.5156 -0.3067 0.5867 -0.4122
 31 H  0.4267 0.1222 0.1533 -0.3011 0.2167 -0.0344 -0.1178
 32 H  0.4267 0.1222 0.1533 -0.3011 0.2167 -0.0344 -0.1178
 33 S  -0.3744 -0.7078 -0.6044 -0.4044 -0.2944 -0.5178 -0.2356
 34 K  -0.0978 0.0733 0.1811 -0.9878 0.8078 0.3100 -0.2944
 35 G  -1.0000 -1.0000 -1.0000 -0.3800 -0.1989 -1.0000 -1.0000
 36 E  -0.2556 -0.2678 -0.0644 -0.7733 -0.9644 1.0000 -0.6467
 37 A  -0.3889 -0.7556 -0.7522 -0.1900 -0.1889 1.0000 -0.5289
 38 K  -0.0978 0.0733 0.1811 -0.9878 0.8078 0.3100 -0.2944
 39 L  0.2367 -0.0733 -0.0100 0.6622 -0.2067 0.7933 -0.0589
 40 L  0.2367 -0.0733 -0.0100 0.6622 -0.2067 0.7933 -0.0589
 41 K  -0.0978 0.0733 0.1811 -0.9878 0.8078 0.3100 -0.2944
 42 D  -0.2367 -0.4633 -0.3122 -0.8522 -1.0000 -0.1722 -0.7056
 43 G  -1.0000 -1.0000 -1.0000 -0.3800 -0.1989 -1.0000 -1.0000
 44 K  -0.0978 0.0733 0.1811 -0.9878 0.8078 0.3100 -0.2944
 45 V  0.7522 -0.3167 -0.2578 0.3678 -0.2122 -0.0344 1.0000
 46 F  0.4033 0.4144 0.4578 0.7178 -0.3022 0.1722 0.3533
 47 R  0.1167 0.4144 0.5178 -1.0000 1.0000 0.5867 -0.4122
 48 V  0.7522 -0.3167 -0.2578 0.3678 -0.2122 -0.0344 1.0000
 49 V  0.7522 -0.3167 -0.2578 0.3678 -0.2122 -0.0344 1.0000
 50 R  0.1167 0.4144 0.5178 -1.0000 1.0000 0.5867 -0.4122
 51 E  -0.2556 -0.2678 -0.0644 -0.7733 -0.9644 1.0000 -0.6467
 52 N  -0.2367 -0.3656 -0.2700 -0.7489 -0.0833 -0.4478 -0.5878
 53 C  -0.1556 -0.3656 -0.3989 0.5644 -0.1267 -0.7244 0.5289
 54 W  0.5322 1.0000 1.0000 1.0000 -0.2322 0.3100 0.5878
 55 D  -0.2367 -0.4633 -0.3122 -0.8522 -1.0000 -0.1722 -0.7056
 56 P  0.2744 -1.0000 -0.3267 0.0611 -0.0111 -1.0000 0.1178
 57 E  -0.2556 -0.2678 -0.0644 -0.7733 -0.9644 1.0000 -0.6467
 58 V  0.7522 -0.3167 -0.2578 0.3678 -0.2122 -0.0344 1.0000
 59 R  0.1167 0.4144 0.5178 -1.0000 1.0000 0.5867 -0.4122
 60 I  1.0000 -0.0733 -0.0100 0.7244 -0.2067 0.1722 0.7644
 61 R  0.1167 0.4144 0.5178 -1.0000 1.0000 0.5867 -0.4122
 62 E  -0.2556 -0.2678 -0.0644 -0.7733 -0.9644 1.0000 -0.6467
 63 M  0.1222 0.0733 0.0967 0.3744 -0.2911 0.7244 -0.0011
 64 D  -0.2367 -0.4633 -0.3122 -0.8522 -1.0000 -0.1722 -0.7056
 65 Q  -0.2556 -0.1222 -0.0222 -0.5156 -0.3067 0.5867 -0.4122
 66 K  -0.0978 0.0733 0.1811 -0.9878 0.8078 0.3100 -0.2944
 67 G  -1.0000 -1.0000 -1.0000 -0.3800 -0.1989 -1.0000 -1.0000
 68 V  0.7522 -0.3167 -0.2578 0.3678 -0.2122 -0.0344 1.0000
 69 T  0.4467 -0.4633 -0.3567 -0.2211 -0.3200 -0.4478 0.2356
 70 V  0.7522 -0.3167 -0.2578 0.3678 -0.2122 -0.0344 1.0000
 71 Q  -0.2556 -0.1222 -0.0222 -0.5156 -0.3067 0.5867 -0.4122
 72 A  -0.3889 -0.7556 -0.7522 -0.1900 -0.1889 1.0000 -0.5289
 73 L  0.2367 -0.0733 -0.0100 0.6622 -0.2067 0.7933 -0.0589
 74 S  -0.3744 -0.7078 -0.6044 -0.4044 -0.2944 -0.5178 -0.2356
 75 T  0.4467 -0.4633 -0.3567 -0.2211 -0.3200 -0.4478 0.2356
 76 V  0.7522 -0.3167 -0.2578 0.3678 -0.2122 -0.0344 1.0000
 77 P  0.2744 -1.0000 -0.3267 0.0611 -0.0111 -1.0000 0.1178
 78 V  0.7522 -0.3167 -0.2578 0.3678 -0.2122 -0.0344 1.0000
 79 M  0.1222 0.0733 0.0967 0.3744 -0.2911 0.7244 -0.0011
 80 F  0.4033 0.4144 0.4578 0.7178 -0.3022 0.1722 0.3533
 81 S  -0.3744 -0.7078 -0.6044 -0.4044 -0.2944 -0.5178 -0.2356
 82 Y  0.4033 0.4633 0.6011 0.2089 -0.3044 -0.1722 0.5289
 83 W  0.5322 1.0000 1.0000 1.0000 -0.2322 0.3100 0.5878
 84 A  -0.3889 -0.7556 -0.7522 -0.1900 -0.1889 1.0000 -0.5289
 85 K  -0.0978 0.0733 0.1811 -0.9878 0.8078 0.3100 -0.2944
 86 P  0.2744 -1.0000 -0.3267 0.0611 -0.0111 -1.0000 0.1178
 87 E  -0.2556 -0.2678 -0.0644 -0.7733 -0.9644 1.0000 -0.6467
 88 D  -0.2367 -0.4633 -0.3122 -0.8522 -1.0000 -0.1722 -0.7056
 89 T  0.4467 -0.4633 -0.3567 -0.2211 -0.3200 -0.4478 0.2356
 90 L  0.2367 -0.0733 -0.0100 0.6622 -0.2067 0.7933 -0.0589
 91 N  -0.2367 -0.3656 -0.2700 -0.7489 -0.0833 -0.4478 -0.5878
 92 L  0.2367 -0.0733 -0.0100 0.6622 -0.2067 0.7933 -0.0589
 93 C  -0.1556 -0.3656 -0.3989 0.5644 -0.1267 -0.7244 0.5289
 94 Q  -0.2556 -0.1222 -0.0222 -0.5156 -0.3067 0.5867 -0.4122
 95 L  0.2367 -0.0733 -0.0100 0.6622 -0.2067 0.7933 -0.0589
 96 L  0.2367 -0.0733 -0.0100 0.6622 -0.2067 0.7933 -0.0589
 97 N  -0.2367 -0.3656 -0.2700 -0.7489 -0.0833 -0.4478 -0.5878
 98 N  -0.2367 -0.3656 -0.2700 -0.7489 -0.0833 -0.4478 -0.5878
 99 D  -0.2367 -0.4633 -0.3122 -0.8522 -1.0000 -0.1722 -0.7056
 100 L  0.2367 -0.0733 -0.0100 0.6622 -0.2067 0.7933 -0.0589
 101 A  -0.3889 -0.7556 -0.7522 -0.1900 -0.1889 1.0000 -0.5289
 102 S  -0.3744 -0.7078 -0.6044 -0.4044 -0.2944 -0.5178 -0.2356
 103 T  0.4467 -0.4633 -0.3567 -0.2211 -0.3200 -0.4478 0.2356
 104 V  0.7522 -0.3167 -0.2578 0.3678 -0.2122 -0.0344 1.0000
 105 V  0.7522 -0.3167 -0.2578 0.3678 -0.2122 -0.0344 1.0000
 106 S  -0.3744 -0.7078 -0.6044 -0.4044 -0.2944 -0.5178 -0.2356
 107 Y  0.4033 0.4633 0.6011 0.2089 -0.3044 -0.1722 0.5289
 108 P  0.2744 -1.0000 -0.3267 0.0611 -0.0111 -1.0000 0.1178
 109 R  0.1167 0.4144 0.5178 -1.0000 1.0000 0.5867 -0.4122
 110 R  0.1167 0.4144 0.5178 -1.0000 1.0000 0.5867 -0.4122
 111 F  0.4033 0.4144 0.4578 0.7178 -0.3022 0.1722 0.3533
 112 V  0.7522 -0.3167 -0.2578 0.3678 -0.2122 -0.0344 1.0000
 113 G  -1.0000 -1.0000 -1.0000 -0.3800 -0.1989 -1.0000 -1.0000
 114 L  0.2367 -0.0733 -0.0100 0.6622 -0.2067 0.7933 -0.0589
 115 G  -1.0000 -1.0000 -1.0000 -0.3800 -0.1989 -1.0000 -1.0000
 116 T  0.4467 -0.4633 -0.3567 -0.2211 -0.3200 -0.4478 0.2356
 117 L  0.2367 -0.0733 -0.0100 0.6622 -0.2067 0.7933 -0.0589
 118 P  0.2744 -1.0000 -0.3267 0.0611 -0.0111 -1.0000 0.1178
 119 M  0.1222 0.0733 0.0967 0.3744 -0.2911 0.7244 -0.0011
 120 Q  -0.2556 -0.1222 -0.0222 -0.5156 -0.3067 0.5867 -0.4122
 121 A  -0.3889 -0.7556 -0.7522 -0.1900 -0.1889 1.0000 -0.5289
 122 P  0.2744 -1.0000 -0.3267 0.0611 -0.0111 -1.0000 0.1178
 123 E  -0.2556 -0.2678 -0.0644 -0.7733 -0.9644 1.0000 -0.6467
 124 L  0.2367 -0.0733 -0.0100 0.6622 -0.2067 0.7933 -0.0589
 125 A  -0.3889 -0.7556 -0.7522 -0.1900 -0.1889 1.0000 -0.5289
 126 V  0.7522 -0.3167 -0.2578 0.3678 -0.2122 -0.0344 1.0000
 127 K  -0.0978 0.0733 0.1811 -0.9878 0.8078 0.3100 -0.2944
 128 E  -0.2556 -0.2678 -0.0644 -0.7733 -0.9644 1.0000 -0.6467
 129 M  0.1222 0.0733 0.0967 0.3744 -0.2911 0.7244 -0.0011
 130 E  -0.2556 -0.2678 -0.0644 -0.7733 -0.9644 1.0000 -0.6467
 131 R  0.1167 0.4144 0.5178 -1.0000 1.0000 0.5867 -0.4122
 132 C  -0.1556 -0.3656 -0.3989 0.5644 -0.1267 -0.7244 0.5289
 133 V  0.7522 -0.3167 -0.2578 0.3678 -0.2122 -0.0344 1.0000
 134 K  -0.0978 0.0733 0.1811 -0.9878 0.8078 0.3100 -0.2944
 135 E  -0.2556 -0.2678 -0.0644 -0.7733 -0.9644 1.0000 -0.6467
 136 L  0.2367 -0.0733 -0.0100 0.6622 -0.2067 0.7933 -0.0589
 137 G  -1.0000 -1.0000 -1.0000 -0.3800 -0.1989 -1.0000 -1.0000
 138 F  0.4033 0.4144 0.4578 0.7178 -0.3022 0.1722 0.3533
 139 P  0.2744 -1.0000 -0.3267 0.0611 -0.0111 -1.0000 0.1178
 140 G  -1.0000 -1.0000 -1.0000 -0.3800 -0.1989 -1.0000 -1.0000
 141 V  0.7522 -0.3167 -0.2578 0.3678 -0.2122 -0.0344 1.0000
 142 Q  -0.2556 -0.1222 -0.0222 -0.5156 -0.3067 0.5867 -0.4122
 143 I  1.0000 -0.0733 -0.0100 0.7244 -0.2067 0.1722 0.7644
 144 G  -1.0000 -1.0000 -1.0000 -0.3800 -0.1989 -1.0000 -1.0000
 145 T  0.4467 -0.4633 -0.3567 -0.2211 -0.3200 -0.4478 0.2356
 146 H  0.4267 0.1222 0.1533 -0.3011 0.2167 -0.0344 -0.1178
 147 V  0.7522 -0.3167 -0.2578 0.3678 -0.2122 -0.0344 1.0000
 148 N  -0.2367 -0.3656 -0.2700 -0.7489 -0.0833 -0.4478 -0.5878
 149 E  -0.2556 -0.2678 -0.0644 -0.7733 -0.9644 1.0000 -0.6467
 150 W  0.5322 1.0000 1.0000 1.0000 -0.2322 0.3100 0.5878
 151 D  -0.2367 -0.4633 -0.3122 -0.8522 -1.0000 -0.1722 -0.7056
 152 L  0.2367 -0.0733 -0.0100 0.6622 -0.2067 0.7933 -0.0589
 153 N  -0.2367 -0.3656 -0.2700 -0.7489 -0.0833 -0.4478 -0.5878
 154 A  -0.3889 -0.7556 -0.7522 -0.1900 -0.1889 1.0000 -0.5289
 155 Q  -0.2556 -0.1222 -0.0222 -0.5156 -0.3067 0.5867 -0.4122
 156 E  -0.2556 -0.2678 -0.0644 -0.7733 -0.9644 1.0000 -0.6467
 157 L  0.2367 -0.0733 -0.0100 0.6622 -0.2067 0.7933 -0.0589
 158 F  0.4033 0.4144 0.4578 0.7178 -0.3022 0.1722 0.3533
 159 P  0.2744 -1.0000 -0.3267 0.0611 -0.0111 -1.0000 0.1178
 160 V  0.7522 -0.3167 -0.2578 0.3678 -0.2122 -0.0344 1.0000
 161 Y  0.4033 0.4633 0.6011 0.2089 -0.3044 -0.1722 0.5289
 162 A  -0.3889 -0.7556 -0.7522 -0.1900 -0.1889 1.0000 -0.5289
 163 A  -0.3889 -0.7556 -0.7522 -0.1900 -0.1889 1.0000 -0.5289
 164 A  -0.3889 -0.7556 -0.7522 -0.1900 -0.1889 1.0000 -0.5289
 165 E  -0.2556 -0.2678 -0.0644 -0.7733 -0.9644 1.0000 -0.6467
 166 R  0.1167 0.4144 0.5178 -1.0000 1.0000 0.5867 -0.4122
 167 L  0.2367 -0.0733 -0.0100 0.6622 -0.2067 0.7933 -0.0589
 168 K  -0.0978 0.0733 0.1811 -0.9878 0.8078 0.3100 -0.2944
 169 C  -0.1556 -0.3656 -0.3989 0.5644 -0.1267 -0.7244 0.5289
 170 S  -0.3744 -0.7078 -0.6044 -0.4044 -0.2944 -0.5178 -0.2356
 171 L  0.2367 -0.0733 -0.0100 0.6622 -0.2067 0.7933 -0.0589
 172 F  0.4033 0.4144 0.4578 0.7178 -0.3022 0.1722 0.3533
 173 V  0.7522 -0.3167 -0.2578 0.3678 -0.2122 -0.0344 1.0000
 174 H  0.4267 0.1222 0.1533 -0.3011 0.2167 -0.0344 -0.1178
 175 P  0.2744 -1.0000 -0.3267 0.0611 -0.0111 -1.0000 0.1178
 176 W  0.5322 1.0000 1.0000 1.0000 -0.2322 0.3100 0.5878
 177 D  -0.2367 -0.4633 -0.3122 -0.8522 -1.0000 -0.1722 -0.7056
 178 M  0.1222 0.0733 0.0967 0.3744 -0.2911 0.7244 -0.0011
 179 Q  -0.2556 -0.1222 -0.0222 -0.5156 -0.3067 0.5867 -0.4122
 180 M  0.1222 0.0733 0.0967 0.3744 -0.2911 0.7244 -0.0011
 181 D  -0.2367 -0.4633 -0.3122 -0.8522 -1.0000 -0.1722 -0.7056
 182 G  -1.0000 -1.0000 -1.0000 -0.3800 -0.1989 -1.0000 -1.0000
 183 R  0.1167 0.4144 0.5178 -1.0000 1.0000 0.5867 -0.4122
 184 M  0.1222 0.0733 0.0967 0.3744 -0.2911 0.7244 -0.0011
 185 A  -0.3889 -0.7556 -0.7522 -0.1900 -0.1889 1.0000 -0.5289
 186 K  -0.0978 0.0733 0.1811 -0.9878 0.8078 0.3100 -0.2944
 187 Y  0.4033 0.4633 0.6011 0.2089 -0.3044 -0.1722 0.5289
 188 W  0.5322 1.0000 1.0000 1.0000 -0.2322 0.3100 0.5878
 189 L  0.2367 -0.0733 -0.0100 0.6622 -0.2067 0.7933 -0.0589
 190 P  0.2744 -1.0000 -0.3267 0.0611 -0.0111 -1.0000 0.1178
 191 W  0.5322 1.0000 1.0000 1.0000 -0.2322 0.3100 0.5878
 192 L  0.2367 -0.0733 -0.0100 0.6622 -0.2067 0.7933 -0.0589
 193 V  0.7522 -0.3167 -0.2578 0.3678 -0.2122 -0.0344 1.0000
 194 G  -1.0000 -1.0000 -1.0000 -0.3800 -0.1989 -1.0000 -1.0000
 195 M  0.1222 0.0733 0.0967 0.3744 -0.2911 0.7244 -0.0011
 196 P  0.2744 -1.0000 -0.3267 0.0611 -0.0111 -1.0000 0.1178
 197 A  -0.3889 -0.7556 -0.7522 -0.1900 -0.1889 1.0000 -0.5289
 198 E  -0.2556 -0.2678 -0.0644 -0.7733 -0.9644 1.0000 -0.6467
 199 T  0.4467 -0.4633 -0.3567 -0.2211 -0.3200 -0.4478 0.2356
 200 T  0.4467 -0.4633 -0.3567 -0.2211 -0.3200 -0.4478 0.2356
 201 I  1.0000 -0.0733 -0.0100 0.7244 -0.2067 0.1722 0.7644
 202 A  -0.3889 -0.7556 -0.7522 -0.1900 -0.1889 1.0000 -0.5289
 203 I  1.0000 -0.0733 -0.0100 0.7244 -0.2067 0.1722 0.7644
 204 C  -0.1556 -0.3656 -0.3989 0.5644 -0.1267 -0.7244 0.5289
 205 S  -0.3744 -0.7078 -0.6044 -0.4044 -0.2944 -0.5178 -0.2356
 206 M  0.1222 0.0733 0.0967 0.3744 -0.2911 0.7244 -0.0011
 207 I  1.0000 -0.0733 -0.0100 0.7244 -0.2067 0.1722 0.7644
 208 M  0.1222 0.0733 0.0967 0.3744 -0.2911 0.7244 -0.0011
 209 G  -1.0000 -1.0000 -1.0000 -0.3800 -0.1989 -1.0000 -1.0000
 210 G  -1.0000 -1.0000 -1.0000 -0.3800 -0.1989 -1.0000 -1.0000
 211 V  0.7522 -0.3167 -0.2578 0.3678 -0.2122 -0.0344 1.0000
 212 F  0.4033 0.4144 0.4578 0.7178 -0.3022 0.1722 0.3533
 213 E  -0.2556 -0.2678 -0.0644 -0.7733 -0.9644 1.0000 -0.6467
 214 K  -0.0978 0.0733 0.1811 -0.9878 0.8078 0.3100 -0.2944
 215 F  0.4033 0.4144 0.4578 0.7178 -0.3022 0.1722 0.3533
 216 P  0.2744 -1.0000 -0.3267 0.0611 -0.0111 -1.0000 0.1178
 217 K  -0.0978 0.0733 0.1811 -0.9878 0.8078 0.3100 -0.2944
 218 L  0.2367 -0.0733 -0.0100 0.6622 -0.2067 0.7933 -0.0589
 219 K  -0.0978 0.0733 0.1811 -0.9878 0.8078 0.3100 -0.2944
 220 V  0.7522 -0.3167 -0.2578 0.3678 -0.2122 -0.0344 1.0000
 221 C  -0.1556 -0.3656 -0.3989 0.5644 -0.1267 -0.7244 0.5289
 222 F  0.4033 0.4144 0.4578 0.7178 -0.3022 0.1722 0.3533
 223 A  -0.3889 -0.7556 -0.7522 -0.1900 -0.1889 1.0000 -0.5289
 224 H  0.4267 0.1222 0.1533 -0.3011 0.2167 -0.0344 -0.1178
 225 G  -1.0000 -1.0000 -1.0000 -0.3800 -0.1989 -1.0000 -1.0000
 226 G  -1.0000 -1.0000 -1.0000 -0.3800 -0.1989 -1.0000 -1.0000
 227 G  -1.0000 -1.0000 -1.0000 -0.3800 -0.1989 -1.0000 -1.0000
 228 A  -0.3889 -0.7556 -0.7522 -0.1900 -0.1889 1.0000 -0.5289
 229 F  0.4033 0.4144 0.4578 0.7178 -0.3022 0.1722 0.3533
 230 P  0.2744 -1.0000 -0.3267 0.0611 -0.0111 -1.0000 0.1178
 231 F  0.4033 0.4144 0.4578 0.7178 -0.3022 0.1722 0.3533
 232 T  0.4467 -0.4633 -0.3567 -0.2211 -0.3200 -0.4478 0.2356
 233 V  0.7522 -0.3167 -0.2578 0.3678 -0.2122 -0.0344 1.0000
 234 G  -1.0000 -1.0000 -1.0000 -0.3800 -0.1989 -1.0000 -1.0000
 235 R  0.1167 0.4144 0.5178 -1.0000 1.0000 0.5867 -0.4122
 236 I  1.0000 -0.0733 -0.0100 0.7244 -0.2067 0.1722 0.7644
 237 S  -0.3744 -0.7078 -0.6044 -0.4044 -0.2944 -0.5178 -0.2356
 238 H  0.4267 0.1222 0.1533 -0.3011 0.2167 -0.0344 -0.1178
 239 G  -1.0000 -1.0000 -1.0000 -0.3800 -0.1989 -1.0000 -1.0000
 240 F  0.4033 0.4144 0.4578 0.7178 -0.3022 0.1722 0.3533
 241 S  -0.3744 -0.7078 -0.6044 -0.4044 -0.2944 -0.5178 -0.2356
 242 M  0.1222 0.0733 0.0967 0.3744 -0.2911 0.7244 -0.0011
 243 R  0.1167 0.4144 0.5178 -1.0000 1.0000 0.5867 -0.4122
 244 P  0.2744 -1.0000 -0.3267 0.0611 -0.0111 -1.0000 0.1178
 245 D  -0.2367 -0.4633 -0.3122 -0.8522 -1.0000 -0.1722 -0.7056
 246 L  0.2367 -0.0733 -0.0100 0.6622 -0.2067 0.7933 -0.0589
 247 C  -0.1556 -0.3656 -0.3989 0.5644 -0.1267 -0.7244 0.5289
 248 A  -0.3889 -0.7556 -0.7522 -0.1900 -0.1889 1.0000 -0.5289
 249 Q  -0.2556 -0.1222 -0.0222 -0.5156 -0.3067 0.5867 -0.4122
 250 D  -0.2367 -0.4633 -0.3122 -0.8522 -1.0000 -0.1722 -0.7056
 251 N  -0.2367 -0.3656 -0.2700 -0.7489 -0.0833 -0.4478 -0.5878
 252 P  0.2744 -1.0000 -0.3267 0.0611 -0.0111 -1.0000 0.1178
 253 M  0.1222 0.0733 0.0967 0.3744 -0.2911 0.7244 -0.0011
 254 N  -0.2367 -0.3656 -0.2700 -0.7489 -0.0833 -0.4478 -0.5878
 255 P  0.2744 -1.0000 -0.3267 0.0611 -0.0111 -1.0000 0.1178
 256 K  -0.0978 0.0733 0.1811 -0.9878 0.8078 0.3100 -0.2944
 257 K  -0.0978 0.0733 0.1811 -0.9878 0.8078 0.3100 -0.2944
 258 Y  0.4033 0.4633 0.6011 0.2089 -0.3044 -0.1722 0.5289
 259 L  0.2367 -0.0733 -0.0100 0.6622 -0.2067 0.7933 -0.0589
 260 G  -1.0000 -1.0000 -1.0000 -0.3800 -0.1989 -1.0000 -1.0000
 261 S  -0.3744 -0.7078 -0.6044 -0.4044 -0.2944 -0.5178 -0.2356
 262 F  0.4033 0.4144 0.4578 0.7178 -0.3022 0.1722 0.3533
 263 Y  0.4033 0.4633 0.6011 0.2089 -0.3044 -0.1722 0.5289
 264 T  0.4467 -0.4633 -0.3567 -0.2211 -0.3200 -0.4478 0.2356
 265 D  -0.2367 -0.4633 -0.3122 -0.8522 -1.0000 -0.1722 -0.7056
 266 A  -0.3889 -0.7556 -0.7522 -0.1900 -0.1889 1.0000 -0.5289
 267 L  0.2367 -0.0733 -0.0100 0.6622 -0.2067 0.7933 -0.0589
 268 V  0.7522 -0.3167 -0.2578 0.3678 -0.2122 -0.0344 1.0000
 269 H  0.4267 0.1222 0.1533 -0.3011 0.2167 -0.0344 -0.1178
 270 D  -0.2367 -0.4633 -0.3122 -0.8522 -1.0000 -0.1722 -0.7056
 271 P  0.2744 -1.0000 -0.3267 0.0611 -0.0111 -1.0000 0.1178
 272 L  0.2367 -0.0733 -0.0100 0.6622 -0.2067 0.7933 -0.0589
 273 S  -0.3744 -0.7078 -0.6044 -0.4044 -0.2944 -0.5178 -0.2356
 274 L  0.2367 -0.0733 -0.0100 0.6622 -0.2067 0.7933 -0.0589
 275 K  -0.0978 0.0733 0.1811 -0.9878 0.8078 0.3100 -0.2944
 276 L  0.2367 -0.0733 -0.0100 0.6622 -0.2067 0.7933 -0.0589
 277 L  0.2367 -0.0733 -0.0100 0.6622 -0.2067 0.7933 -0.0589
 278 T  0.4467 -0.4633 -0.3567 -0.2211 -0.3200 -0.4478 0.2356
 279 D  -0.2367 -0.4633 -0.3122 -0.8522 -1.0000 -0.1722 -0.7056
 280 V  0.7522 -0.3167 -0.2578 0.3678 -0.2122 -0.0344 1.0000
 281 I  1.0000 -0.0733 -0.0100 0.7244 -0.2067 0.1722 0.7644
 282 G  -1.0000 -1.0000 -1.0000 -0.3800 -0.1989 -1.0000 -1.0000
 283 K  -0.0978 0.0733 0.1811 -0.9878 0.8078 0.3100 -0.2944
 284 D  -0.2367 -0.4633 -0.3122 -0.8522 -1.0000 -0.1722 -0.7056
 285 K  -0.0978 0.0733 0.1811 -0.9878 0.8078 0.3100 -0.2944
 286 V  0.7522 -0.3167 -0.2578 0.3678 -0.2122 -0.0344 1.0000
 287 I  1.0000 -0.0733 -0.0100 0.7244 -0.2067 0.1722 0.7644
 288 L  0.2367 -0.0733 -0.0100 0.6622 -0.2067 0.7933 -0.0589
 289 G  -1.0000 -1.0000 -1.0000 -0.3800 -0.1989 -1.0000 -1.0000
 290 T  0.4467 -0.4633 -0.3567 -0.2211 -0.3200 -0.4478 0.2356
 291 D  -0.2367 -0.4633 -0.3122 -0.8522 -1.0000 -0.1722 -0.7056
 292 Y  0.4033 0.4633 0.6011 0.2089 -0.3044 -0.1722 0.5289
 293 P  0.2744 -1.0000 -0.3267 0.0611 -0.0111 -1.0000 0.1178
 294 F  0.4033 0.4144 0.4578 0.7178 -0.3022 0.1722 0.3533
 295 P  0.2744 -1.0000 -0.3267 0.0611 -0.0111 -1.0000 0.1178
 296 L  0.2367 -0.0733 -0.0100 0.6622 -0.2067 0.7933 -0.0589
 297 G  -1.0000 -1.0000 -1.0000 -0.3800 -0.1989 -1.0000 -1.0000
 298 E  -0.2556 -0.2678 -0.0644 -0.7733 -0.9644 1.0000 -0.6467
 299 L  0.2367 -0.0733 -0.0100 0.6622 -0.2067 0.7933 -0.0589
 300 E  -0.2556 -0.2678 -0.0644 -0.7733 -0.9644 1.0000 -0.6467
 301 P  0.2744 -1.0000 -0.3267 0.0611 -0.0111 -1.0000 0.1178
 302 G  -1.0000 -1.0000 -1.0000 -0.3800 -0.1989 -1.0000 -1.0000
 303 K  -0.0978 0.0733 0.1811 -0.9878 0.8078 0.3100 -0.2944
 304 L  0.2367 -0.0733 -0.0100 0.6622 -0.2067 0.7933 -0.0589
 305 I  1.0000 -0.0733 -0.0100 0.7244 -0.2067 0.1722 0.7644
 306 E  -0.2556 -0.2678 -0.0644 -0.7733 -0.9644 1.0000 -0.6467
 307 S  -0.3744 -0.7078 -0.6044 -0.4044 -0.2944 -0.5178 -0.2356
 308 M  0.1222 0.0733 0.0967 0.3744 -0.2911 0.7244 -0.0011
 309 E  -0.2556 -0.2678 -0.0644 -0.7733 -0.9644 1.0000 -0.6467
 310 E  -0.2556 -0.2678 -0.0644 -0.7733 -0.9644 1.0000 -0.6467
 311 F  0.4033 0.4144 0.4578 0.7178 -0.3022 0.1722 0.3533
 312 D  -0.2367 -0.4633 -0.3122 -0.8522 -1.0000 -0.1722 -0.7056
 313 E  -0.2556 -0.2678 -0.0644 -0.7733 -0.9644 1.0000 -0.6467
 314 E  -0.2556 -0.2678 -0.0644 -0.7733 -0.9644 1.0000 -0.6467
 315 T  0.4467 -0.4633 -0.3567 -0.2211 -0.3200 -0.4478 0.2356
 316 K  -0.0978 0.0733 0.1811 -0.9878 0.8078 0.3100 -0.2944
 317 N  -0.2367 -0.3656 -0.2700 -0.7489 -0.0833 -0.4478 -0.5878
 318 K  -0.0978 0.0733 0.1811 -0.9878 0.8078 0.3100 -0.2944
 319 L  0.2367 -0.0733 -0.0100 0.6622 -0.2067 0.7933 -0.0589
 320 K  -0.0978 0.0733 0.1811 -0.9878 0.8078 0.3100 -0.2944
 321 A  -0.3889 -0.7556 -0.7522 -0.1900 -0.1889 1.0000 -0.5289
 322 G  -1.0000 -1.0000 -1.0000 -0.3800 -0.1989 -1.0000 -1.0000
 323 N  -0.2367 -0.3656 -0.2700 -0.7489 -0.0833 -0.4478 -0.5878
 324 A  -0.3889 -0.7556 -0.7522 -0.1900 -0.1889 1.0000 -0.5289
 325 L  0.2367 -0.0733 -0.0100 0.6622 -0.2067 0.7933 -0.0589
 326 A  -0.3889 -0.7556 -0.7522 -0.1900 -0.1889 1.0000 -0.5289
 327 F  0.4033 0.4144 0.4578 0.7178 -0.3022 0.1722 0.3533
 328 L  0.2367 -0.0733 -0.0100 0.6622 -0.2067 0.7933 -0.0589
 329 G  -1.0000 -1.0000 -1.0000 -0.3800 -0.1989 -1.0000 -1.0000
 330 L  0.2367 -0.0733 -0.0100 0.6622 -0.2067 0.7933 -0.0589
 331 E  -0.2556 -0.2678 -0.0644 -0.7733 -0.9644 1.0000 -0.6467
 332 R  0.1167 0.4144 0.5178 -1.0000 1.0000 0.5867 -0.4122
