 1 M  0.1222 0.0733 0.0967 0.3744 -0.2911 0.7244 -0.0011
 2 K  -0.0978 0.0733 0.1811 -0.9878 0.8078 0.3100 -0.2944
 3 C  -0.1556 -0.3656 -0.3989 0.5644 -0.1267 -0.7244 0.5289
 4 P  0.2744 -1.0000 -0.3267 0.0611 -0.0111 -1.0000 0.1178
 5 V  0.7522 -0.3167 -0.2578 0.3678 -0.2122 -0.0344 1.0000
 6 C  -0.1556 -0.3656 -0.3989 0.5644 -0.1267 -0.7244 0.5289
 7 H  0.4267 0.1222 0.1533 -0.3011 0.2167 -0.0344 -0.1178
 8 Q  -0.2556 -0.1222 -0.0222 -0.5156 -0.3067 0.5867 -0.4122
 9 G  -1.0000 -1.0000 -1.0000 -0.3800 -0.1989 -1.0000 -1.0000
 10 E  -0.2556 -0.2678 -0.0644 -0.7733 -0.9644 1.0000 -0.6467
 11 M  0.1222 0.0733 0.0967 0.3744 -0.2911 0.7244 -0.0011
 12 V  0.7522 -0.3167 -0.2578 0.3678 -0.2122 -0.0344 1.0000
 13 S  -0.3744 -0.7078 -0.6044 -0.4044 -0.2944 -0.5178 -0.2356
 14 G  -1.0000 -1.0000 -1.0000 -0.3800 -0.1989 -1.0000 -1.0000
 15 I  1.0000 -0.0733 -0.0100 0.7244 -0.2067 0.1722 0.7644
 16 K  -0.0978 0.0733 0.1811 -0.9878 0.8078 0.3100 -0.2944
 17 D  -0.2367 -0.4633 -0.3122 -0.8522 -1.0000 -0.1722 -0.7056
 18 I  1.0000 -0.0733 -0.0100 0.7244 -0.2067 0.1722 0.7644
 19 P  0.2744 -1.0000 -0.3267 0.0611 -0.0111 -1.0000 0.1178
 20 Y  0.4033 0.4633 0.6011 0.2089 -0.3044 -0.1722 0.5289
 21 T  0.4467 -0.4633 -0.3567 -0.2211 -0.3200 -0.4478 0.2356
 22 F  0.4033 0.4144 0.4578 0.7178 -0.3022 0.1722 0.3533
 23 R  0.1167 0.4144 0.5178 -1.0000 1.0000 0.5867 -0.4122
 24 G  -1.0000 -1.0000 -1.0000 -0.3800 -0.1989 -1.0000 -1.0000
 25 R  0.1167 0.4144 0.5178 -1.0000 1.0000 0.5867 -0.4122
 26 K  -0.0978 0.0733 0.1811 -0.9878 0.8078 0.3100 -0.2944
 27 T  0.4467 -0.4633 -0.3567 -0.2211 -0.3200 -0.4478 0.2356
 28 V  0.7522 -0.3167 -0.2578 0.3678 -0.2122 -0.0344 1.0000
 29 L  0.2367 -0.0733 -0.0100 0.6622 -0.2067 0.7933 -0.0589
 30 K  -0.0978 0.0733 0.1811 -0.9878 0.8078 0.3100 -0.2944
 31 G  -1.0000 -1.0000 -1.0000 -0.3800 -0.1989 -1.0000 -1.0000
 32 I  1.0000 -0.0733 -0.0100 0.7244 -0.2067 0.1722 0.7644
 33 H  0.4267 0.1222 0.1533 -0.3011 0.2167 -0.0344 -0.1178
 34 G  -1.0000 -1.0000 -1.0000 -0.3800 -0.1989 -1.0000 -1.0000
 35 L  0.2367 -0.0733 -0.0100 0.6622 -0.2067 0.7933 -0.0589
 36 Y  0.4033 0.4633 0.6011 0.2089 -0.3044 -0.1722 0.5289
 37 C  -0.1556 -0.3656 -0.3989 0.5644 -0.1267 -0.7244 0.5289
 38 V  0.7522 -0.3167 -0.2578 0.3678 -0.2122 -0.0344 1.0000
 39 H  0.4267 0.1222 0.1533 -0.3011 0.2167 -0.0344 -0.1178
 40 C  -0.1556 -0.3656 -0.3989 0.5644 -0.1267 -0.7244 0.5289
 41 E  -0.2556 -0.2678 -0.0644 -0.7733 -0.9644 1.0000 -0.6467
 42 E  -0.2556 -0.2678 -0.0644 -0.7733 -0.9644 1.0000 -0.6467
 43 S  -0.3744 -0.7078 -0.6044 -0.4044 -0.2944 -0.5178 -0.2356
 44 I  1.0000 -0.0733 -0.0100 0.7244 -0.2067 0.1722 0.7644
 45 M  0.1222 0.0733 0.0967 0.3744 -0.2911 0.7244 -0.0011
 46 N  -0.2367 -0.3656 -0.2700 -0.7489 -0.0833 -0.4478 -0.5878
 47 K  -0.0978 0.0733 0.1811 -0.9878 0.8078 0.3100 -0.2944
 48 E  -0.2556 -0.2678 -0.0644 -0.7733 -0.9644 1.0000 -0.6467
 49 E  -0.2556 -0.2678 -0.0644 -0.7733 -0.9644 1.0000 -0.6467
 50 S  -0.3744 -0.7078 -0.6044 -0.4044 -0.2944 -0.5178 -0.2356
 51 D  -0.2367 -0.4633 -0.3122 -0.8522 -1.0000 -0.1722 -0.7056
 52 A  -0.3889 -0.7556 -0.7522 -0.1900 -0.1889 1.0000 -0.5289
 53 F  0.4033 0.4144 0.4578 0.7178 -0.3022 0.1722 0.3533
 54 M  0.1222 0.0733 0.0967 0.3744 -0.2911 0.7244 -0.0011
 55 A  -0.3889 -0.7556 -0.7522 -0.1900 -0.1889 1.0000 -0.5289
 56 Q  -0.2556 -0.1222 -0.0222 -0.5156 -0.3067 0.5867 -0.4122
 57 V  0.7522 -0.3167 -0.2578 0.3678 -0.2122 -0.0344 1.0000
 58 K  -0.0978 0.0733 0.1811 -0.9878 0.8078 0.3100 -0.2944
 59 A  -0.3889 -0.7556 -0.7522 -0.1900 -0.1889 1.0000 -0.5289
 60 F  0.4033 0.4144 0.4578 0.7178 -0.3022 0.1722 0.3533
 61 R  0.1167 0.4144 0.5178 -1.0000 1.0000 0.5867 -0.4122
 62 A  -0.3889 -0.7556 -0.7522 -0.1900 -0.1889 1.0000 -0.5289
 63 S  -0.3744 -0.7078 -0.6044 -0.4044 -0.2944 -0.5178 -0.2356
 64 V  0.7522 -0.3167 -0.2578 0.3678 -0.2122 -0.0344 1.0000
 65 N  -0.2367 -0.3656 -0.2700 -0.7489 -0.0833 -0.4478 -0.5878
 66 A  -0.3889 -0.7556 -0.7522 -0.1900 -0.1889 1.0000 -0.5289
 67 E  -0.2556 -0.2678 -0.0644 -0.7733 -0.9644 1.0000 -0.6467
