 2 D  -0.2367 -0.4633 -0.3122 -0.8522 -1.0000 -0.1722 -0.7056
 3 T  0.4467 -0.4633 -0.3567 -0.2211 -0.3200 -0.4478 0.2356
 4 P  0.2744 -1.0000 -0.3267 0.0611 -0.0111 -1.0000 0.1178
 5 E  -0.2556 -0.2678 -0.0644 -0.7733 -0.9644 1.0000 -0.6467
 6 N  -0.2367 -0.3656 -0.2700 -0.7489 -0.0833 -0.4478 -0.5878
 7 V  0.7522 -0.3167 -0.2578 0.3678 -0.2122 -0.0344 1.0000
 8 L  0.2367 -0.0733 -0.0100 0.6622 -0.2067 0.7933 -0.0589
 9 Q  -0.2556 -0.1222 -0.0222 -0.5156 -0.3067 0.5867 -0.4122
 10 M  0.1222 0.0733 0.0967 0.3744 -0.2911 0.7244 -0.0011
 11 L  0.2367 -0.0733 -0.0100 0.6622 -0.2067 0.7933 -0.0589
 12 E  -0.2556 -0.2678 -0.0644 -0.7733 -0.9644 1.0000 -0.6467
 13 A  -0.3889 -0.7556 -0.7522 -0.1900 -0.1889 1.0000 -0.5289
 14 H  0.4267 0.1222 0.1533 -0.3011 0.2167 -0.0344 -0.1178
 15 M  0.1222 0.0733 0.0967 0.3744 -0.2911 0.7244 -0.0011
 16 Q  -0.2556 -0.1222 -0.0222 -0.5156 -0.3067 0.5867 -0.4122
 17 S  -0.3744 -0.7078 -0.6044 -0.4044 -0.2944 -0.5178 -0.2356
 18 Y  0.4033 0.4633 0.6011 0.2089 -0.3044 -0.1722 0.5289
 19 K  -0.0978 0.0733 0.1811 -0.9878 0.8078 0.3100 -0.2944
 20 G  -1.0000 -1.0000 -1.0000 -0.3800 -0.1989 -1.0000 -1.0000
 21 N  -0.2367 -0.3656 -0.2700 -0.7489 -0.0833 -0.4478 -0.5878
 22 D  -0.2367 -0.4633 -0.3122 -0.8522 -1.0000 -0.1722 -0.7056
 23 P  0.2744 -1.0000 -0.3267 0.0611 -0.0111 -1.0000 0.1178
 24 L  0.2367 -0.0733 -0.0100 0.6622 -0.2067 0.7933 -0.0589
 25 G  -1.0000 -1.0000 -1.0000 -0.3800 -0.1989 -1.0000 -1.0000
 26 E  -0.2556 -0.2678 -0.0644 -0.7733 -0.9644 1.0000 -0.6467
 27 W  0.5322 1.0000 1.0000 1.0000 -0.2322 0.3100 0.5878
 28 E  -0.2556 -0.2678 -0.0644 -0.7733 -0.9644 1.0000 -0.6467
 29 R  0.1167 0.4144 0.5178 -1.0000 1.0000 0.5867 -0.4122
 30 Y  0.4033 0.4633 0.6011 0.2089 -0.3044 -0.1722 0.5289
 31 I  1.0000 -0.0733 -0.0100 0.7244 -0.2067 0.1722 0.7644
 32 Q  -0.2556 -0.1222 -0.0222 -0.5156 -0.3067 0.5867 -0.4122
 33 W  0.5322 1.0000 1.0000 1.0000 -0.2322 0.3100 0.5878
 34 V  0.7522 -0.3167 -0.2578 0.3678 -0.2122 -0.0344 1.0000
 35 E  -0.2556 -0.2678 -0.0644 -0.7733 -0.9644 1.0000 -0.6467
 36 E  -0.2556 -0.2678 -0.0644 -0.7733 -0.9644 1.0000 -0.6467
 37 N  -0.2367 -0.3656 -0.2700 -0.7489 -0.0833 -0.4478 -0.5878
 38 F  0.4033 0.4144 0.4578 0.7178 -0.3022 0.1722 0.3533
 39 P  0.2744 -1.0000 -0.3267 0.0611 -0.0111 -1.0000 0.1178
 40 E  -0.2556 -0.2678 -0.0644 -0.7733 -0.9644 1.0000 -0.6467
 41 N  -0.2367 -0.3656 -0.2700 -0.7489 -0.0833 -0.4478 -0.5878
 42 K  -0.0978 0.0733 0.1811 -0.9878 0.8078 0.3100 -0.2944
 43 E  -0.2556 -0.2678 -0.0644 -0.7733 -0.9644 1.0000 -0.6467
 44 Y  0.4033 0.4633 0.6011 0.2089 -0.3044 -0.1722 0.5289
 45 L  0.2367 -0.0733 -0.0100 0.6622 -0.2067 0.7933 -0.0589
 46 I  1.0000 -0.0733 -0.0100 0.7244 -0.2067 0.1722 0.7644
 47 T  0.4467 -0.4633 -0.3567 -0.2211 -0.3200 -0.4478 0.2356
 48 L  0.2367 -0.0733 -0.0100 0.6622 -0.2067 0.7933 -0.0589
 49 L  0.2367 -0.0733 -0.0100 0.6622 -0.2067 0.7933 -0.0589
 50 E  -0.2556 -0.2678 -0.0644 -0.7733 -0.9644 1.0000 -0.6467
 51 H  0.4267 0.1222 0.1533 -0.3011 0.2167 -0.0344 -0.1178
 52 L  0.2367 -0.0733 -0.0100 0.6622 -0.2067 0.7933 -0.0589
 53 M  0.1222 0.0733 0.0967 0.3744 -0.2911 0.7244 -0.0011
 54 K  -0.0978 0.0733 0.1811 -0.9878 0.8078 0.3100 -0.2944
 55 E  -0.2556 -0.2678 -0.0644 -0.7733 -0.9644 1.0000 -0.6467
 56 F  0.4033 0.4144 0.4578 0.7178 -0.3022 0.1722 0.3533
 57 L  0.2367 -0.0733 -0.0100 0.6622 -0.2067 0.7933 -0.0589
 58 D  -0.2367 -0.4633 -0.3122 -0.8522 -1.0000 -0.1722 -0.7056
 59 K  -0.0978 0.0733 0.1811 -0.9878 0.8078 0.3100 -0.2944
 60 K  -0.0978 0.0733 0.1811 -0.9878 0.8078 0.3100 -0.2944
 61 K  -0.0978 0.0733 0.1811 -0.9878 0.8078 0.3100 -0.2944
 62 Y  0.4033 0.4633 0.6011 0.2089 -0.3044 -0.1722 0.5289
 63 H  0.4267 0.1222 0.1533 -0.3011 0.2167 -0.0344 -0.1178
 64 N  -0.2367 -0.3656 -0.2700 -0.7489 -0.0833 -0.4478 -0.5878
 65 D  -0.2367 -0.4633 -0.3122 -0.8522 -1.0000 -0.1722 -0.7056
 66 P  0.2744 -1.0000 -0.3267 0.0611 -0.0111 -1.0000 0.1178
 67 R  0.1167 0.4144 0.5178 -1.0000 1.0000 0.5867 -0.4122
 68 F  0.4033 0.4144 0.4578 0.7178 -0.3022 0.1722 0.3533
 69 I  1.0000 -0.0733 -0.0100 0.7244 -0.2067 0.1722 0.7644
 70 S  -0.3744 -0.7078 -0.6044 -0.4044 -0.2944 -0.5178 -0.2356
 71 Y  0.4033 0.4633 0.6011 0.2089 -0.3044 -0.1722 0.5289
 72 C  -0.1556 -0.3656 -0.3989 0.5644 -0.1267 -0.7244 0.5289
 73 L  0.2367 -0.0733 -0.0100 0.6622 -0.2067 0.7933 -0.0589
 74 K  -0.0978 0.0733 0.1811 -0.9878 0.8078 0.3100 -0.2944
 75 F  0.4033 0.4144 0.4578 0.7178 -0.3022 0.1722 0.3533
 76 A  -0.3889 -0.7556 -0.7522 -0.1900 -0.1889 1.0000 -0.5289
 77 E  -0.2556 -0.2678 -0.0644 -0.7733 -0.9644 1.0000 -0.6467
 78 Y  0.4033 0.4633 0.6011 0.2089 -0.3044 -0.1722 0.5289
 79 N  -0.2367 -0.3656 -0.2700 -0.7489 -0.0833 -0.4478 -0.5878
 80 S  -0.3744 -0.7078 -0.6044 -0.4044 -0.2944 -0.5178 -0.2356
 81 D  -0.2367 -0.4633 -0.3122 -0.8522 -1.0000 -0.1722 -0.7056
 82 L  0.2367 -0.0733 -0.0100 0.6622 -0.2067 0.7933 -0.0589
 83 H  0.4267 0.1222 0.1533 -0.3011 0.2167 -0.0344 -0.1178
 84 Q  -0.2556 -0.1222 -0.0222 -0.5156 -0.3067 0.5867 -0.4122
 85 F  0.4033 0.4144 0.4578 0.7178 -0.3022 0.1722 0.3533
 86 F  0.4033 0.4144 0.4578 0.7178 -0.3022 0.1722 0.3533
 87 E  -0.2556 -0.2678 -0.0644 -0.7733 -0.9644 1.0000 -0.6467
 88 F  0.4033 0.4144 0.4578 0.7178 -0.3022 0.1722 0.3533
 89 L  0.2367 -0.0733 -0.0100 0.6622 -0.2067 0.7933 -0.0589
 90 Y  0.4033 0.4633 0.6011 0.2089 -0.3044 -0.1722 0.5289
 91 N  -0.2367 -0.3656 -0.2700 -0.7489 -0.0833 -0.4478 -0.5878
 92 H  0.4267 0.1222 0.1533 -0.3011 0.2167 -0.0344 -0.1178
 93 G  -1.0000 -1.0000 -1.0000 -0.3800 -0.1989 -1.0000 -1.0000
 94 I  1.0000 -0.0733 -0.0100 0.7244 -0.2067 0.1722 0.7644
 95 G  -1.0000 -1.0000 -1.0000 -0.3800 -0.1989 -1.0000 -1.0000
 96 T  0.4467 -0.4633 -0.3567 -0.2211 -0.3200 -0.4478 0.2356
 97 L  0.2367 -0.0733 -0.0100 0.6622 -0.2067 0.7933 -0.0589
 98 S  -0.3744 -0.7078 -0.6044 -0.4044 -0.2944 -0.5178 -0.2356
 99 S  -0.3744 -0.7078 -0.6044 -0.4044 -0.2944 -0.5178 -0.2356
 100 P  0.2744 -1.0000 -0.3267 0.0611 -0.0111 -1.0000 0.1178
 101 L  0.2367 -0.0733 -0.0100 0.6622 -0.2067 0.7933 -0.0589
 102 Y  0.4033 0.4633 0.6011 0.2089 -0.3044 -0.1722 0.5289
 103 I  1.0000 -0.0733 -0.0100 0.7244 -0.2067 0.1722 0.7644
 104 A  -0.3889 -0.7556 -0.7522 -0.1900 -0.1889 1.0000 -0.5289
 105 W  0.5322 1.0000 1.0000 1.0000 -0.2322 0.3100 0.5878
 106 A  -0.3889 -0.7556 -0.7522 -0.1900 -0.1889 1.0000 -0.5289
 107 G  -1.0000 -1.0000 -1.0000 -0.3800 -0.1989 -1.0000 -1.0000
 108 H  0.4267 0.1222 0.1533 -0.3011 0.2167 -0.0344 -0.1178
 109 L  0.2367 -0.0733 -0.0100 0.6622 -0.2067 0.7933 -0.0589
 110 E  -0.2556 -0.2678 -0.0644 -0.7733 -0.9644 1.0000 -0.6467
 111 A  -0.3889 -0.7556 -0.7522 -0.1900 -0.1889 1.0000 -0.5289
 112 Q  -0.2556 -0.1222 -0.0222 -0.5156 -0.3067 0.5867 -0.4122
 113 G  -1.0000 -1.0000 -1.0000 -0.3800 -0.1989 -1.0000 -1.0000
 114 E  -0.2556 -0.2678 -0.0644 -0.7733 -0.9644 1.0000 -0.6467
 115 L  0.2367 -0.0733 -0.0100 0.6622 -0.2067 0.7933 -0.0589
 116 Q  -0.2556 -0.1222 -0.0222 -0.5156 -0.3067 0.5867 -0.4122
 117 H  0.4267 0.1222 0.1533 -0.3011 0.2167 -0.0344 -0.1178
 118 A  -0.3889 -0.7556 -0.7522 -0.1900 -0.1889 1.0000 -0.5289
 119 S  -0.3744 -0.7078 -0.6044 -0.4044 -0.2944 -0.5178 -0.2356
 120 A  -0.3889 -0.7556 -0.7522 -0.1900 -0.1889 1.0000 -0.5289
 121 V  0.7522 -0.3167 -0.2578 0.3678 -0.2122 -0.0344 1.0000
 122 L  0.2367 -0.0733 -0.0100 0.6622 -0.2067 0.7933 -0.0589
 123 Q  -0.2556 -0.1222 -0.0222 -0.5156 -0.3067 0.5867 -0.4122
 124 R  0.1167 0.4144 0.5178 -1.0000 1.0000 0.5867 -0.4122
 125 G  -1.0000 -1.0000 -1.0000 -0.3800 -0.1989 -1.0000 -1.0000
 126 I  1.0000 -0.0733 -0.0100 0.7244 -0.2067 0.1722 0.7644
 127 Q  -0.2556 -0.1222 -0.0222 -0.5156 -0.3067 0.5867 -0.4122
 128 N  -0.2367 -0.3656 -0.2700 -0.7489 -0.0833 -0.4478 -0.5878
 129 Q  -0.2556 -0.1222 -0.0222 -0.5156 -0.3067 0.5867 -0.4122
 130 A  -0.3889 -0.7556 -0.7522 -0.1900 -0.1889 1.0000 -0.5289
 131 E  -0.2556 -0.2678 -0.0644 -0.7733 -0.9644 1.0000 -0.6467
 132 P  0.2744 -1.0000 -0.3267 0.0611 -0.0111 -1.0000 0.1178
 133 R  0.1167 0.4144 0.5178 -1.0000 1.0000 0.5867 -0.4122
 134 E  -0.2556 -0.2678 -0.0644 -0.7733 -0.9644 1.0000 -0.6467
 135 F  0.4033 0.4144 0.4578 0.7178 -0.3022 0.1722 0.3533
 136 L  0.2367 -0.0733 -0.0100 0.6622 -0.2067 0.7933 -0.0589
 137 Q  -0.2556 -0.1222 -0.0222 -0.5156 -0.3067 0.5867 -0.4122
 138 Q  -0.2556 -0.1222 -0.0222 -0.5156 -0.3067 0.5867 -0.4122
 139 Q  -0.2556 -0.1222 -0.0222 -0.5156 -0.3067 0.5867 -0.4122
 140 Y  0.4033 0.4633 0.6011 0.2089 -0.3044 -0.1722 0.5289
 141 R  0.1167 0.4144 0.5178 -1.0000 1.0000 0.5867 -0.4122
 142 L  0.2367 -0.0733 -0.0100 0.6622 -0.2067 0.7933 -0.0589
 143 F  0.4033 0.4144 0.4578 0.7178 -0.3022 0.1722 0.3533
 144 Q  -0.2556 -0.1222 -0.0222 -0.5156 -0.3067 0.5867 -0.4122
 145 T  0.4467 -0.4633 -0.3567 -0.2211 -0.3200 -0.4478 0.2356
 146 R  0.1167 0.4144 0.5178 -1.0000 1.0000 0.5867 -0.4122
 147 L  0.2367 -0.0733 -0.0100 0.6622 -0.2067 0.7933 -0.0589
