 95 N  -0.2367 -0.3656 -0.2700 -0.7489 -0.0833 -0.4478 -0.5878
 96 E  -0.2556 -0.2678 -0.0644 -0.7733 -0.9644 1.0000 -0.6467
 97 L  0.2367 -0.0733 -0.0100 0.6622 -0.2067 0.7933 -0.0589
 98 E  -0.2556 -0.2678 -0.0644 -0.7733 -0.9644 1.0000 -0.6467
 99 V  0.7522 -0.3167 -0.2578 0.3678 -0.2122 -0.0344 1.0000
 100 R  0.1167 0.4144 0.5178 -1.0000 1.0000 0.5867 -0.4122
 101 Y  0.4033 0.4633 0.6011 0.2089 -0.3044 -0.1722 0.5289
 102 S  -0.3744 -0.7078 -0.6044 -0.4044 -0.2944 -0.5178 -0.2356
 103 E  -0.2556 -0.2678 -0.0644 -0.7733 -0.9644 1.0000 -0.6467
 104 V  0.7522 -0.3167 -0.2578 0.3678 -0.2122 -0.0344 1.0000
 105 L  0.2367 -0.0733 -0.0100 0.6622 -0.2067 0.7933 -0.0589
 106 R  0.1167 0.4144 0.5178 -1.0000 1.0000 0.5867 -0.4122
 107 E  -0.2556 -0.2678 -0.0644 -0.7733 -0.9644 1.0000 -0.6467
 108 L  0.2367 -0.0733 -0.0100 0.6622 -0.2067 0.7933 -0.0589
 109 E  -0.2556 -0.2678 -0.0644 -0.7733 -0.9644 1.0000 -0.6467
 110 R  0.1167 0.4144 0.5178 -1.0000 1.0000 0.5867 -0.4122
 111 R  0.1167 0.4144 0.5178 -1.0000 1.0000 0.5867 -0.4122
 112 I  1.0000 -0.0733 -0.0100 0.7244 -0.2067 0.1722 0.7644
 113 I  1.0000 -0.0733 -0.0100 0.7244 -0.2067 0.1722 0.7644
 114 H  0.4267 0.1222 0.1533 -0.3011 0.2167 -0.0344 -0.1178
 115 L  0.2367 -0.0733 -0.0100 0.6622 -0.2067 0.7933 -0.0589
 116 Q  -0.2556 -0.1222 -0.0222 -0.5156 -0.3067 0.5867 -0.4122
 117 R  0.1167 0.4144 0.5178 -1.0000 1.0000 0.5867 -0.4122
 118 R  0.1167 0.4144 0.5178 -1.0000 1.0000 0.5867 -0.4122
 119 I  1.0000 -0.0733 -0.0100 0.7244 -0.2067 0.1722 0.7644
 120 N  -0.2367 -0.3656 -0.2700 -0.7489 -0.0833 -0.4478 -0.5878
 121 M  0.1222 0.0733 0.0967 0.3744 -0.2911 0.7244 -0.0011
 122 Q  -0.2556 -0.1222 -0.0222 -0.5156 -0.3067 0.5867 -0.4122
 123 L  0.2367 -0.0733 -0.0100 0.6622 -0.2067 0.7933 -0.0589
 124 Q  -0.2556 -0.1222 -0.0222 -0.5156 -0.3067 0.5867 -0.4122
 125 Q  -0.2556 -0.1222 -0.0222 -0.5156 -0.3067 0.5867 -0.4122
 126 L  0.2367 -0.0733 -0.0100 0.6622 -0.2067 0.7933 -0.0589
 127 T  0.4467 -0.4633 -0.3567 -0.2211 -0.3200 -0.4478 0.2356
 128 L  0.2367 -0.0733 -0.0100 0.6622 -0.2067 0.7933 -0.0589
 129 L  0.2367 -0.0733 -0.0100 0.6622 -0.2067 0.7933 -0.0589
 130 Q  -0.2556 -0.1222 -0.0222 -0.5156 -0.3067 0.5867 -0.4122
 131 H  0.4267 0.1222 0.1533 -0.3011 0.2167 -0.0344 -0.1178
 132 N  -0.2367 -0.3656 -0.2700 -0.7489 -0.0833 -0.4478 -0.5878
 133 I  1.0000 -0.0733 -0.0100 0.7244 -0.2067 0.1722 0.7644
 134 K  -0.0978 0.0733 0.1811 -0.9878 0.8078 0.3100 -0.2944
 135 T  0.4467 -0.4633 -0.3567 -0.2211 -0.3200 -0.4478 0.2356
 136 Q  -0.2556 -0.1222 -0.0222 -0.5156 -0.3067 0.5867 -0.4122
 137 V  0.7522 -0.3167 -0.2578 0.3678 -0.2122 -0.0344 1.0000
 138 S  -0.3744 -0.7078 -0.6044 -0.4044 -0.2944 -0.5178 -0.2356
 139 Q  -0.2556 -0.1222 -0.0222 -0.5156 -0.3067 0.5867 -0.4122
 140 I  1.0000 -0.0733 -0.0100 0.7244 -0.2067 0.1722 0.7644
 141 L  0.2367 -0.0733 -0.0100 0.6622 -0.2067 0.7933 -0.0589
 142 R  0.1167 0.4144 0.5178 -1.0000 1.0000 0.5867 -0.4122
 143 V  0.7522 -0.3167 -0.2578 0.3678 -0.2122 -0.0344 1.0000
 144 E  -0.2556 -0.2678 -0.0644 -0.7733 -0.9644 1.0000 -0.6467
 145 V  0.7522 -0.3167 -0.2578 0.3678 -0.2122 -0.0344 1.0000
 146 D  -0.2367 -0.4633 -0.3122 -0.8522 -1.0000 -0.1722 -0.7056
 147 I  1.0000 -0.0733 -0.0100 0.7244 -0.2067 0.1722 0.7644
 148 D  -0.2367 -0.4633 -0.3122 -0.8522 -1.0000 -0.1722 -0.7056
 149 V  0.7522 -0.3167 -0.2578 0.3678 -0.2122 -0.0344 1.0000
 150 A  -0.3889 -0.7556 -0.7522 -0.1900 -0.1889 1.0000 -0.5289
 151 L  0.2367 -0.0733 -0.0100 0.6622 -0.2067 0.7933 -0.0589
 152 R  0.1167 0.4144 0.5178 -1.0000 1.0000 0.5867 -0.4122
 153 A  -0.3889 -0.7556 -0.7522 -0.1900 -0.1889 1.0000 -0.5289
 154 C  -0.1556 -0.3656 -0.3989 0.5644 -0.1267 -0.7244 0.5289
 155 K  -0.0978 0.0733 0.1811 -0.9878 0.8078 0.3100 -0.2944
 156 G  -1.0000 -1.0000 -1.0000 -0.3800 -0.1989 -1.0000 -1.0000
 157 S  -0.3744 -0.7078 -0.6044 -0.4044 -0.2944 -0.5178 -0.2356
 158 C  -0.1556 -0.3656 -0.3989 0.5644 -0.1267 -0.7244 0.5289
 159 A  -0.3889 -0.7556 -0.7522 -0.1900 -0.1889 1.0000 -0.5289
 160 R  0.1167 0.4144 0.5178 -1.0000 1.0000 0.5867 -0.4122
 161 Y  0.4033 0.4633 0.6011 0.2089 -0.3044 -0.1722 0.5289
 162 L  0.2367 -0.0733 -0.0100 0.6622 -0.2067 0.7933 -0.0589
 163 E  -0.2556 -0.2678 -0.0644 -0.7733 -0.9644 1.0000 -0.6467
 164 Y  0.4033 0.4633 0.6011 0.2089 -0.3044 -0.1722 0.5289
 165 R  0.1167 0.4144 0.5178 -1.0000 1.0000 0.5867 -0.4122
 166 L  0.2367 -0.0733 -0.0100 0.6622 -0.2067 0.7933 -0.0589
 167 D  -0.2367 -0.4633 -0.3122 -0.8522 -1.0000 -0.1722 -0.7056
 168 K  -0.0978 0.0733 0.1811 -0.9878 0.8078 0.3100 -0.2944
 169 E  -0.2556 -0.2678 -0.0644 -0.7733 -0.9644 1.0000 -0.6467
 170 K  -0.0978 0.0733 0.1811 -0.9878 0.8078 0.3100 -0.2944
 171 N  -0.2367 -0.3656 -0.2700 -0.7489 -0.0833 -0.4478 -0.5878
 172 L  0.2367 -0.0733 -0.0100 0.6622 -0.2067 0.7933 -0.0589
 173 Q  -0.2556 -0.1222 -0.0222 -0.5156 -0.3067 0.5867 -0.4122
 174 L  0.2367 -0.0733 -0.0100 0.6622 -0.2067 0.7933 -0.0589
 175 E  -0.2556 -0.2678 -0.0644 -0.7733 -0.9644 1.0000 -0.6467
 176 K  -0.0978 0.0733 0.1811 -0.9878 0.8078 0.3100 -0.2944
 177 A  -0.3889 -0.7556 -0.7522 -0.1900 -0.1889 1.0000 -0.5289
 178 A  -0.3889 -0.7556 -0.7522 -0.1900 -0.1889 1.0000 -0.5289
 179 S  -0.3744 -0.7078 -0.6044 -0.4044 -0.2944 -0.5178 -0.2356
 180 Y  0.4033 0.4633 0.6011 0.2089 -0.3044 -0.1722 0.5289
 181 I  1.0000 -0.0733 -0.0100 0.7244 -0.2067 0.1722 0.7644
 182 A  -0.3889 -0.7556 -0.7522 -0.1900 -0.1889 1.0000 -0.5289
 183 N  -0.2367 -0.3656 -0.2700 -0.7489 -0.0833 -0.4478 -0.5878
 184 L  0.2367 -0.0733 -0.0100 0.6622 -0.2067 0.7933 -0.0589
 185 K  -0.0978 0.0733 0.1811 -0.9878 0.8078 0.3100 -0.2944
 186 F  0.4033 0.4144 0.4578 0.7178 -0.3022 0.1722 0.3533
 187 E  -0.2556 -0.2678 -0.0644 -0.7733 -0.9644 1.0000 -0.6467
 188 R  0.1167 0.4144 0.5178 -1.0000 1.0000 0.5867 -0.4122
 189 F  0.4033 0.4144 0.4578 0.7178 -0.3022 0.1722 0.3533
 190 E  -0.2556 -0.2678 -0.0644 -0.7733 -0.9644 1.0000 -0.6467
 191 E  -0.2556 -0.2678 -0.0644 -0.7733 -0.9644 1.0000 -0.6467
 192 V  0.7522 -0.3167 -0.2578 0.3678 -0.2122 -0.0344 1.0000
 193 V  0.7522 -0.3167 -0.2578 0.3678 -0.2122 -0.0344 1.0000
