 1 M  0.1222 0.0733 0.0967 0.3744 -0.2911 0.7244 -0.0011
 2 L  0.2367 -0.0733 -0.0100 0.6622 -0.2067 0.7933 -0.0589
 3 Y  0.4033 0.4633 0.6011 0.2089 -0.3044 -0.1722 0.5289
 4 I  1.0000 -0.0733 -0.0100 0.7244 -0.2067 0.1722 0.7644
 5 L  0.2367 -0.0733 -0.0100 0.6622 -0.2067 0.7933 -0.0589
 6 N  -0.2367 -0.3656 -0.2700 -0.7489 -0.0833 -0.4478 -0.5878
 7 S  -0.3744 -0.7078 -0.6044 -0.4044 -0.2944 -0.5178 -0.2356
 8 A  -0.3889 -0.7556 -0.7522 -0.1900 -0.1889 1.0000 -0.5289
 9 I  1.0000 -0.0733 -0.0100 0.7244 -0.2067 0.1722 0.7644
 10 L  0.2367 -0.0733 -0.0100 0.6622 -0.2067 0.7933 -0.0589
 11 P  0.2744 -1.0000 -0.3267 0.0611 -0.0111 -1.0000 0.1178
 12 L  0.2367 -0.0733 -0.0100 0.6622 -0.2067 0.7933 -0.0589
 13 K  -0.0978 0.0733 0.1811 -0.9878 0.8078 0.3100 -0.2944
 14 P  0.2744 -1.0000 -0.3267 0.0611 -0.0111 -1.0000 0.1178
 15 G  -1.0000 -1.0000 -1.0000 -0.3800 -0.1989 -1.0000 -1.0000
 16 E  -0.2556 -0.2678 -0.0644 -0.7733 -0.9644 1.0000 -0.6467
 17 E  -0.2556 -0.2678 -0.0644 -0.7733 -0.9644 1.0000 -0.6467
 18 Y  0.4033 0.4633 0.6011 0.2089 -0.3044 -0.1722 0.5289
 19 T  0.4467 -0.4633 -0.3567 -0.2211 -0.3200 -0.4478 0.2356
 20 V  0.7522 -0.3167 -0.2578 0.3678 -0.2122 -0.0344 1.0000
 21 K  -0.0978 0.0733 0.1811 -0.9878 0.8078 0.3100 -0.2944
 22 A  -0.3889 -0.7556 -0.7522 -0.1900 -0.1889 1.0000 -0.5289
 23 K  -0.0978 0.0733 0.1811 -0.9878 0.8078 0.3100 -0.2944
 24 E  -0.2556 -0.2678 -0.0644 -0.7733 -0.9644 1.0000 -0.6467
 25 I  1.0000 -0.0733 -0.0100 0.7244 -0.2067 0.1722 0.7644
 26 T  0.4467 -0.4633 -0.3567 -0.2211 -0.3200 -0.4478 0.2356
 27 I  1.0000 -0.0733 -0.0100 0.7244 -0.2067 0.1722 0.7644
 28 Q  -0.2556 -0.1222 -0.0222 -0.5156 -0.3067 0.5867 -0.4122
 29 E  -0.2556 -0.2678 -0.0644 -0.7733 -0.9644 1.0000 -0.6467
 30 A  -0.3889 -0.7556 -0.7522 -0.1900 -0.1889 1.0000 -0.5289
 31 K  -0.0978 0.0733 0.1811 -0.9878 0.8078 0.3100 -0.2944
 32 E  -0.2556 -0.2678 -0.0644 -0.7733 -0.9644 1.0000 -0.6467
 33 L  0.2367 -0.0733 -0.0100 0.6622 -0.2067 0.7933 -0.0589
 34 V  0.7522 -0.3167 -0.2578 0.3678 -0.2122 -0.0344 1.0000
 35 T  0.4467 -0.4633 -0.3567 -0.2211 -0.3200 -0.4478 0.2356
 36 K  -0.0978 0.0733 0.1811 -0.9878 0.8078 0.3100 -0.2944
 37 E  -0.2556 -0.2678 -0.0644 -0.7733 -0.9644 1.0000 -0.6467
 38 Q  -0.2556 -0.1222 -0.0222 -0.5156 -0.3067 0.5867 -0.4122
 39 F  0.4033 0.4144 0.4578 0.7178 -0.3022 0.1722 0.3533
 40 T  0.4467 -0.4633 -0.3567 -0.2211 -0.3200 -0.4478 0.2356
 41 S  -0.3744 -0.7078 -0.6044 -0.4044 -0.2944 -0.5178 -0.2356
 42 A  -0.3889 -0.7556 -0.7522 -0.1900 -0.1889 1.0000 -0.5289
 43 I  1.0000 -0.0733 -0.0100 0.7244 -0.2067 0.1722 0.7644
 44 G  -1.0000 -1.0000 -1.0000 -0.3800 -0.1989 -1.0000 -1.0000
 45 H  0.4267 0.1222 0.1533 -0.3011 0.2167 -0.0344 -0.1178
 46 Q  -0.2556 -0.1222 -0.0222 -0.5156 -0.3067 0.5867 -0.4122
 47 A  -0.3889 -0.7556 -0.7522 -0.1900 -0.1889 1.0000 -0.5289
 48 T  0.4467 -0.4633 -0.3567 -0.2211 -0.3200 -0.4478 0.2356
 49 A  -0.3889 -0.7556 -0.7522 -0.1900 -0.1889 1.0000 -0.5289
 50 E  -0.2556 -0.2678 -0.0644 -0.7733 -0.9644 1.0000 -0.6467
 51 L  0.2367 -0.0733 -0.0100 0.6622 -0.2067 0.7933 -0.0589
 52 L  0.2367 -0.0733 -0.0100 0.6622 -0.2067 0.7933 -0.0589
 53 S  -0.3744 -0.7078 -0.6044 -0.4044 -0.2944 -0.5178 -0.2356
 54 S  -0.3744 -0.7078 -0.6044 -0.4044 -0.2944 -0.5178 -0.2356
 55 I  1.0000 -0.0733 -0.0100 0.7244 -0.2067 0.1722 0.7644
 56 L  0.2367 -0.0733 -0.0100 0.6622 -0.2067 0.7933 -0.0589
 57 G  -1.0000 -1.0000 -1.0000 -0.3800 -0.1989 -1.0000 -1.0000
 58 V  0.7522 -0.3167 -0.2578 0.3678 -0.2122 -0.0344 1.0000
 59 N  -0.2367 -0.3656 -0.2700 -0.7489 -0.0833 -0.4478 -0.5878
 60 V  0.7522 -0.3167 -0.2578 0.3678 -0.2122 -0.0344 1.0000
 61 P  0.2744 -1.0000 -0.3267 0.0611 -0.0111 -1.0000 0.1178
 62 M  0.1222 0.0733 0.0967 0.3744 -0.2911 0.7244 -0.0011
 63 N  -0.2367 -0.3656 -0.2700 -0.7489 -0.0833 -0.4478 -0.5878
 64 R  0.1167 0.4144 0.5178 -1.0000 1.0000 0.5867 -0.4122
 65 V  0.7522 -0.3167 -0.2578 0.3678 -0.2122 -0.0344 1.0000
 66 Q  -0.2556 -0.1222 -0.0222 -0.5156 -0.3067 0.5867 -0.4122
 67 I  1.0000 -0.0733 -0.0100 0.7244 -0.2067 0.1722 0.7644
 68 K  -0.0978 0.0733 0.1811 -0.9878 0.8078 0.3100 -0.2944
 69 V  0.7522 -0.3167 -0.2578 0.3678 -0.2122 -0.0344 1.0000
 70 T  0.4467 -0.4633 -0.3567 -0.2211 -0.3200 -0.4478 0.2356
 71 H  0.4267 0.1222 0.1533 -0.3011 0.2167 -0.0344 -0.1178
 72 G  -1.0000 -1.0000 -1.0000 -0.3800 -0.1989 -1.0000 -1.0000
 73 D  -0.2367 -0.4633 -0.3122 -0.8522 -1.0000 -0.1722 -0.7056
 74 R  0.1167 0.4144 0.5178 -1.0000 1.0000 0.5867 -0.4122
 75 I  1.0000 -0.0733 -0.0100 0.7244 -0.2067 0.1722 0.7644
 76 L  0.2367 -0.0733 -0.0100 0.6622 -0.2067 0.7933 -0.0589
 77 A  -0.3889 -0.7556 -0.7522 -0.1900 -0.1889 1.0000 -0.5289
 78 F  0.4033 0.4144 0.4578 0.7178 -0.3022 0.1722 0.3533
 79 M  0.1222 0.0733 0.0967 0.3744 -0.2911 0.7244 -0.0011
 80 L  0.2367 -0.0733 -0.0100 0.6622 -0.2067 0.7933 -0.0589
 81 K  -0.0978 0.0733 0.1811 -0.9878 0.8078 0.3100 -0.2944
 82 Q  -0.2556 -0.1222 -0.0222 -0.5156 -0.3067 0.5867 -0.4122
 83 R  0.1167 0.4144 0.5178 -1.0000 1.0000 0.5867 -0.4122
 84 L  0.2367 -0.0733 -0.0100 0.6622 -0.2067 0.7933 -0.0589
 85 P  0.2744 -1.0000 -0.3267 0.0611 -0.0111 -1.0000 0.1178
 86 E  -0.2556 -0.2678 -0.0644 -0.7733 -0.9644 1.0000 -0.6467
 87 G  -1.0000 -1.0000 -1.0000 -0.3800 -0.1989 -1.0000 -1.0000
 88 V  0.7522 -0.3167 -0.2578 0.3678 -0.2122 -0.0344 1.0000
 89 V  0.7522 -0.3167 -0.2578 0.3678 -0.2122 -0.0344 1.0000
 90 V  0.7522 -0.3167 -0.2578 0.3678 -0.2122 -0.0344 1.0000
 91 K  -0.0978 0.0733 0.1811 -0.9878 0.8078 0.3100 -0.2944
 92 T  0.4467 -0.4633 -0.3567 -0.2211 -0.3200 -0.4478 0.2356
 93 T  0.4467 -0.4633 -0.3567 -0.2211 -0.3200 -0.4478 0.2356
 94 E  -0.2556 -0.2678 -0.0644 -0.7733 -0.9644 1.0000 -0.6467
 95 E  -0.2556 -0.2678 -0.0644 -0.7733 -0.9644 1.0000 -0.6467
 96 L  0.2367 -0.0733 -0.0100 0.6622 -0.2067 0.7933 -0.0589
 97 E  -0.2556 -0.2678 -0.0644 -0.7733 -0.9644 1.0000 -0.6467
 98 K  -0.0978 0.0733 0.1811 -0.9878 0.8078 0.3100 -0.2944
 99 I  1.0000 -0.0733 -0.0100 0.7244 -0.2067 0.1722 0.7644
 100 G  -1.0000 -1.0000 -1.0000 -0.3800 -0.1989 -1.0000 -1.0000
 101 Y  0.4033 0.4633 0.6011 0.2089 -0.3044 -0.1722 0.5289
 102 E  -0.2556 -0.2678 -0.0644 -0.7733 -0.9644 1.0000 -0.6467
 103 L  0.2367 -0.0733 -0.0100 0.6622 -0.2067 0.7933 -0.0589
 104 W  0.5322 1.0000 1.0000 1.0000 -0.2322 0.3100 0.5878
 105 L  0.2367 -0.0733 -0.0100 0.6622 -0.2067 0.7933 -0.0589
 106 F  0.4033 0.4144 0.4578 0.7178 -0.3022 0.1722 0.3533
 107 E  -0.2556 -0.2678 -0.0644 -0.7733 -0.9644 1.0000 -0.6467
 108 I  1.0000 -0.0733 -0.0100 0.7244 -0.2067 0.1722 0.7644
 109 Q  -0.2556 -0.1222 -0.0222 -0.5156 -0.3067 0.5867 -0.4122
