 8 L  0.2367 -0.0733 -0.0100 0.6622 -0.2067 0.7933 -0.0589
 9 Q  -0.2556 -0.1222 -0.0222 -0.5156 -0.3067 0.5867 -0.4122
 10 L  0.2367 -0.0733 -0.0100 0.6622 -0.2067 0.7933 -0.0589
 11 S  -0.3744 -0.7078 -0.6044 -0.4044 -0.2944 -0.5178 -0.2356
 12 S  -0.3744 -0.7078 -0.6044 -0.4044 -0.2944 -0.5178 -0.2356
 13 V  0.7522 -0.3167 -0.2578 0.3678 -0.2122 -0.0344 1.0000
 14 L  0.2367 -0.0733 -0.0100 0.6622 -0.2067 0.7933 -0.0589
 15 N  -0.2367 -0.3656 -0.2700 -0.7489 -0.0833 -0.4478 -0.5878
 16 R  0.1167 0.4144 0.5178 -1.0000 1.0000 0.5867 -0.4122
 17 E  -0.2556 -0.2678 -0.0644 -0.7733 -0.9644 1.0000 -0.6467
 18 C  -0.1556 -0.3656 -0.3989 0.5644 -0.1267 -0.7244 0.5289
 19 T  0.4467 -0.4633 -0.3567 -0.2211 -0.3200 -0.4478 0.2356
 20 R  0.1167 0.4144 0.5178 -1.0000 1.0000 0.5867 -0.4122
 21 S  -0.3744 -0.7078 -0.6044 -0.4044 -0.2944 -0.5178 -0.2356
 22 R  0.1167 0.4144 0.5178 -1.0000 1.0000 0.5867 -0.4122
 23 V  0.7522 -0.3167 -0.2578 0.3678 -0.2122 -0.0344 1.0000
 24 H  0.4267 0.1222 0.1533 -0.3011 0.2167 -0.0344 -0.1178
 25 C  -0.1556 -0.3656 -0.3989 0.5644 -0.1267 -0.7244 0.5289
 26 Q  -0.2556 -0.1222 -0.0222 -0.5156 -0.3067 0.5867 -0.4122
 27 S  -0.3744 -0.7078 -0.6044 -0.4044 -0.2944 -0.5178 -0.2356
 28 K  -0.0978 0.0733 0.1811 -0.9878 0.8078 0.3100 -0.2944
 29 K  -0.0978 0.0733 0.1811 -0.9878 0.8078 0.3100 -0.2944
 30 R  0.1167 0.4144 0.5178 -1.0000 1.0000 0.5867 -0.4122
 31 A  -0.3889 -0.7556 -0.7522 -0.1900 -0.1889 1.0000 -0.5289
 32 L  0.2367 -0.0733 -0.0100 0.6622 -0.2067 0.7933 -0.0589
 33 E  -0.2556 -0.2678 -0.0644 -0.7733 -0.9644 1.0000 -0.6467
 34 I  1.0000 -0.0733 -0.0100 0.7244 -0.2067 0.1722 0.7644
 35 I  1.0000 -0.0733 -0.0100 0.7244 -0.2067 0.1722 0.7644
 36 S  -0.3744 -0.7078 -0.6044 -0.4044 -0.2944 -0.5178 -0.2356
 37 E  -0.2556 -0.2678 -0.0644 -0.7733 -0.9644 1.0000 -0.6467
 38 L  0.2367 -0.0733 -0.0100 0.6622 -0.2067 0.7933 -0.0589
 39 A  -0.3889 -0.7556 -0.7522 -0.1900 -0.1889 1.0000 -0.5289
 40 A  -0.3889 -0.7556 -0.7522 -0.1900 -0.1889 1.0000 -0.5289
 41 K  -0.0978 0.0733 0.1811 -0.9878 0.8078 0.3100 -0.2944
 42 Q  -0.2556 -0.1222 -0.0222 -0.5156 -0.3067 0.5867 -0.4122
 43 L  0.2367 -0.0733 -0.0100 0.6622 -0.2067 0.7933 -0.0589
 44 S  -0.3744 -0.7078 -0.6044 -0.4044 -0.2944 -0.5178 -0.2356
 45 L  0.2367 -0.0733 -0.0100 0.6622 -0.2067 0.7933 -0.0589
 46 P  0.2744 -1.0000 -0.3267 0.0611 -0.0111 -1.0000 0.1178
 47 P  0.2744 -1.0000 -0.3267 0.0611 -0.0111 -1.0000 0.1178
 48 Q  -0.2556 -0.1222 -0.0222 -0.5156 -0.3067 0.5867 -0.4122
 49 V  0.7522 -0.3167 -0.2578 0.3678 -0.2122 -0.0344 1.0000
 50 V  0.7522 -0.3167 -0.2578 0.3678 -0.2122 -0.0344 1.0000
 51 F  0.4033 0.4144 0.4578 0.7178 -0.3022 0.1722 0.3533
 52 E  -0.2556 -0.2678 -0.0644 -0.7733 -0.9644 1.0000 -0.6467
 53 A  -0.3889 -0.7556 -0.7522 -0.1900 -0.1889 1.0000 -0.5289
 54 I  1.0000 -0.0733 -0.0100 0.7244 -0.2067 0.1722 0.7644
 55 L  0.2367 -0.0733 -0.0100 0.6622 -0.2067 0.7933 -0.0589
 56 T  0.4467 -0.4633 -0.3567 -0.2211 -0.3200 -0.4478 0.2356
 57 R  0.1167 0.4144 0.5178 -1.0000 1.0000 0.5867 -0.4122
 58 E  -0.2556 -0.2678 -0.0644 -0.7733 -0.9644 1.0000 -0.6467
 59 K  -0.0978 0.0733 0.1811 -0.9878 0.8078 0.3100 -0.2944
 60 M  0.1222 0.0733 0.0967 0.3744 -0.2911 0.7244 -0.0011
 61 G  -1.0000 -1.0000 -1.0000 -0.3800 -0.1989 -1.0000 -1.0000
 62 S  -0.3744 -0.7078 -0.6044 -0.4044 -0.2944 -0.5178 -0.2356
 63 T  0.4467 -0.4633 -0.3567 -0.2211 -0.3200 -0.4478 0.2356
 64 G  -1.0000 -1.0000 -1.0000 -0.3800 -0.1989 -1.0000 -1.0000
 65 I  1.0000 -0.0733 -0.0100 0.7244 -0.2067 0.1722 0.7644
 66 G  -1.0000 -1.0000 -1.0000 -0.3800 -0.1989 -1.0000 -1.0000
 67 N  -0.2367 -0.3656 -0.2700 -0.7489 -0.0833 -0.4478 -0.5878
 68 G  -1.0000 -1.0000 -1.0000 -0.3800 -0.1989 -1.0000 -1.0000
 69 I  1.0000 -0.0733 -0.0100 0.7244 -0.2067 0.1722 0.7644
 70 A  -0.3889 -0.7556 -0.7522 -0.1900 -0.1889 1.0000 -0.5289
 71 I  1.0000 -0.0733 -0.0100 0.7244 -0.2067 0.1722 0.7644
 72 P  0.2744 -1.0000 -0.3267 0.0611 -0.0111 -1.0000 0.1178
 73 H  0.4267 0.1222 0.1533 -0.3011 0.2167 -0.0344 -0.1178
 74 G  -1.0000 -1.0000 -1.0000 -0.3800 -0.1989 -1.0000 -1.0000
 75 K  -0.0978 0.0733 0.1811 -0.9878 0.8078 0.3100 -0.2944
 76 L  0.2367 -0.0733 -0.0100 0.6622 -0.2067 0.7933 -0.0589
 77 E  -0.2556 -0.2678 -0.0644 -0.7733 -0.9644 1.0000 -0.6467
 78 E  -0.2556 -0.2678 -0.0644 -0.7733 -0.9644 1.0000 -0.6467
 79 D  -0.2367 -0.4633 -0.3122 -0.8522 -1.0000 -0.1722 -0.7056
 80 T  0.4467 -0.4633 -0.3567 -0.2211 -0.3200 -0.4478 0.2356
 81 L  0.2367 -0.0733 -0.0100 0.6622 -0.2067 0.7933 -0.0589
 82 R  0.1167 0.4144 0.5178 -1.0000 1.0000 0.5867 -0.4122
 83 A  -0.3889 -0.7556 -0.7522 -0.1900 -0.1889 1.0000 -0.5289
 84 V  0.7522 -0.3167 -0.2578 0.3678 -0.2122 -0.0344 1.0000
 85 G  -1.0000 -1.0000 -1.0000 -0.3800 -0.1989 -1.0000 -1.0000
 86 V  0.7522 -0.3167 -0.2578 0.3678 -0.2122 -0.0344 1.0000
 87 F  0.4033 0.4144 0.4578 0.7178 -0.3022 0.1722 0.3533
 88 V  0.7522 -0.3167 -0.2578 0.3678 -0.2122 -0.0344 1.0000
 89 Q  -0.2556 -0.1222 -0.0222 -0.5156 -0.3067 0.5867 -0.4122
 90 L  0.2367 -0.0733 -0.0100 0.6622 -0.2067 0.7933 -0.0589
 91 E  -0.2556 -0.2678 -0.0644 -0.7733 -0.9644 1.0000 -0.6467
 92 T  0.4467 -0.4633 -0.3567 -0.2211 -0.3200 -0.4478 0.2356
 93 P  0.2744 -1.0000 -0.3267 0.0611 -0.0111 -1.0000 0.1178
 94 I  1.0000 -0.0733 -0.0100 0.7244 -0.2067 0.1722 0.7644
 95 A  -0.3889 -0.7556 -0.7522 -0.1900 -0.1889 1.0000 -0.5289
 96 F  0.4033 0.4144 0.4578 0.7178 -0.3022 0.1722 0.3533
 97 D  -0.2367 -0.4633 -0.3122 -0.8522 -1.0000 -0.1722 -0.7056
 98 A  -0.3889 -0.7556 -0.7522 -0.1900 -0.1889 1.0000 -0.5289
 99 I  1.0000 -0.0733 -0.0100 0.7244 -0.2067 0.1722 0.7644
 100 D  -0.2367 -0.4633 -0.3122 -0.8522 -1.0000 -0.1722 -0.7056
 101 N  -0.2367 -0.3656 -0.2700 -0.7489 -0.0833 -0.4478 -0.5878
 102 Q  -0.2556 -0.1222 -0.0222 -0.5156 -0.3067 0.5867 -0.4122
 103 P  0.2744 -1.0000 -0.3267 0.0611 -0.0111 -1.0000 0.1178
 104 V  0.7522 -0.3167 -0.2578 0.3678 -0.2122 -0.0344 1.0000
 105 D  -0.2367 -0.4633 -0.3122 -0.8522 -1.0000 -0.1722 -0.7056
 106 L  0.2367 -0.0733 -0.0100 0.6622 -0.2067 0.7933 -0.0589
 107 L  0.2367 -0.0733 -0.0100 0.6622 -0.2067 0.7933 -0.0589
 108 F  0.4033 0.4144 0.4578 0.7178 -0.3022 0.1722 0.3533
 109 A  -0.3889 -0.7556 -0.7522 -0.1900 -0.1889 1.0000 -0.5289
 110 L  0.2367 -0.0733 -0.0100 0.6622 -0.2067 0.7933 -0.0589
 111 L  0.2367 -0.0733 -0.0100 0.6622 -0.2067 0.7933 -0.0589
 112 V  0.7522 -0.3167 -0.2578 0.3678 -0.2122 -0.0344 1.0000
 113 P  0.2744 -1.0000 -0.3267 0.0611 -0.0111 -1.0000 0.1178
 114 A  -0.3889 -0.7556 -0.7522 -0.1900 -0.1889 1.0000 -0.5289
 115 D  -0.2367 -0.4633 -0.3122 -0.8522 -1.0000 -0.1722 -0.7056
 116 Q  -0.2556 -0.1222 -0.0222 -0.5156 -0.3067 0.5867 -0.4122
 117 T  0.4467 -0.4633 -0.3567 -0.2211 -0.3200 -0.4478 0.2356
 118 K  -0.0978 0.0733 0.1811 -0.9878 0.8078 0.3100 -0.2944
 119 T  0.4467 -0.4633 -0.3567 -0.2211 -0.3200 -0.4478 0.2356
 120 H  0.4267 0.1222 0.1533 -0.3011 0.2167 -0.0344 -0.1178
 121 L  0.2367 -0.0733 -0.0100 0.6622 -0.2067 0.7933 -0.0589
 122 H  0.4267 0.1222 0.1533 -0.3011 0.2167 -0.0344 -0.1178
 123 T  0.4467 -0.4633 -0.3567 -0.2211 -0.3200 -0.4478 0.2356
 124 L  0.2367 -0.0733 -0.0100 0.6622 -0.2067 0.7933 -0.0589
 125 S  -0.3744 -0.7078 -0.6044 -0.4044 -0.2944 -0.5178 -0.2356
 126 L  0.2367 -0.0733 -0.0100 0.6622 -0.2067 0.7933 -0.0589
 127 V  0.7522 -0.3167 -0.2578 0.3678 -0.2122 -0.0344 1.0000
 128 A  -0.3889 -0.7556 -0.7522 -0.1900 -0.1889 1.0000 -0.5289
 129 K  -0.0978 0.0733 0.1811 -0.9878 0.8078 0.3100 -0.2944
 130 R  0.1167 0.4144 0.5178 -1.0000 1.0000 0.5867 -0.4122
 131 L  0.2367 -0.0733 -0.0100 0.6622 -0.2067 0.7933 -0.0589
 132 A  -0.3889 -0.7556 -0.7522 -0.1900 -0.1889 1.0000 -0.5289
 133 D  -0.2367 -0.4633 -0.3122 -0.8522 -1.0000 -0.1722 -0.7056
 134 K  -0.0978 0.0733 0.1811 -0.9878 0.8078 0.3100 -0.2944
 135 T  0.4467 -0.4633 -0.3567 -0.2211 -0.3200 -0.4478 0.2356
 136 I  1.0000 -0.0733 -0.0100 0.7244 -0.2067 0.1722 0.7644
 137 C  -0.1556 -0.3656 -0.3989 0.5644 -0.1267 -0.7244 0.5289
 138 R  0.1167 0.4144 0.5178 -1.0000 1.0000 0.5867 -0.4122
 139 R  0.1167 0.4144 0.5178 -1.0000 1.0000 0.5867 -0.4122
 140 L  0.2367 -0.0733 -0.0100 0.6622 -0.2067 0.7933 -0.0589
 141 R  0.1167 0.4144 0.5178 -1.0000 1.0000 0.5867 -0.4122
 142 A  -0.3889 -0.7556 -0.7522 -0.1900 -0.1889 1.0000 -0.5289
 143 A  -0.3889 -0.7556 -0.7522 -0.1900 -0.1889 1.0000 -0.5289
 144 Q  -0.2556 -0.1222 -0.0222 -0.5156 -0.3067 0.5867 -0.4122
 145 S  -0.3744 -0.7078 -0.6044 -0.4044 -0.2944 -0.5178 -0.2356
 146 D  -0.2367 -0.4633 -0.3122 -0.8522 -1.0000 -0.1722 -0.7056
 147 E  -0.2556 -0.2678 -0.0644 -0.7733 -0.9644 1.0000 -0.6467
 148 E  -0.2556 -0.2678 -0.0644 -0.7733 -0.9644 1.0000 -0.6467
 149 L  0.2367 -0.0733 -0.0100 0.6622 -0.2067 0.7933 -0.0589
 150 Y  0.4033 0.4633 0.6011 0.2089 -0.3044 -0.1722 0.5289
 151 Q  -0.2556 -0.1222 -0.0222 -0.5156 -0.3067 0.5867 -0.4122
 152 I  1.0000 -0.0733 -0.0100 0.7244 -0.2067 0.1722 0.7644
 153 I  1.0000 -0.0733 -0.0100 0.7244 -0.2067 0.1722 0.7644
 154 T  0.4467 -0.4633 -0.3567 -0.2211 -0.3200 -0.4478 0.2356
 155 D  -0.2367 -0.4633 -0.3122 -0.8522 -1.0000 -0.1722 -0.7056
 156 T  0.4467 -0.4633 -0.3567 -0.2211 -0.3200 -0.4478 0.2356
 157 E  -0.2556 -0.2678 -0.0644 -0.7733 -0.9644 1.0000 -0.6467
