 461 K  -0.0978 0.0733 0.1811 -0.9878 0.8078 0.3100 -0.2944
 462 G  -1.0000 -1.0000 -1.0000 -0.3800 -0.1989 -1.0000 -1.0000
 463 G  -1.0000 -1.0000 -1.0000 -0.3800 -0.1989 -1.0000 -1.0000
 464 W  0.5322 1.0000 1.0000 1.0000 -0.2322 0.3100 0.5878
 465 F  0.4033 0.4144 0.4578 0.7178 -0.3022 0.1722 0.3533
 466 G  -1.0000 -1.0000 -1.0000 -0.3800 -0.1989 -1.0000 -1.0000
 467 K  -0.0978 0.0733 0.1811 -0.9878 0.8078 0.3100 -0.2944
 468 H  0.4267 0.1222 0.1533 -0.3011 0.2167 -0.0344 -0.1178
 469 R  0.1167 0.4144 0.5178 -1.0000 1.0000 0.5867 -0.4122
 470 G  -1.0000 -1.0000 -1.0000 -0.3800 -0.1989 -1.0000 -1.0000
 471 Q  -0.2556 -0.1222 -0.0222 -0.5156 -0.3067 0.5867 -0.4122
 472 G  -1.0000 -1.0000 -1.0000 -0.3800 -0.1989 -1.0000 -1.0000
 473 G  -1.0000 -1.0000 -1.0000 -0.3800 -0.1989 -1.0000 -1.0000
 474 S  -0.3744 -0.7078 -0.6044 -0.4044 -0.2944 -0.5178 -0.2356
 475 N  -0.2367 -0.3656 -0.2700 -0.7489 -0.0833 -0.4478 -0.5878
 476 P  0.2744 -1.0000 -0.3267 0.0611 -0.0111 -1.0000 0.1178
 477 K  -0.0978 0.0733 0.1811 -0.9878 0.8078 0.3100 -0.2944
 478 F  0.4033 0.4144 0.4578 0.7178 -0.3022 0.1722 0.3533
 479 E  -0.2556 -0.2678 -0.0644 -0.7733 -0.9644 1.0000 -0.6467
 480 N  -0.2367 -0.3656 -0.2700 -0.7489 -0.0833 -0.4478 -0.5878
 481 I  1.0000 -0.0733 -0.0100 0.7244 -0.2067 0.1722 0.7644
 482 A  -0.3889 -0.7556 -0.7522 -0.1900 -0.1889 1.0000 -0.5289
 483 E  -0.2556 -0.2678 -0.0644 -0.7733 -0.9644 1.0000 -0.6467
 484 G  -1.0000 -1.0000 -1.0000 -0.3800 -0.1989 -1.0000 -1.0000
 485 L  0.2367 -0.0733 -0.0100 0.6622 -0.2067 0.7933 -0.0589
 486 R  0.1167 0.4144 0.5178 -1.0000 1.0000 0.5867 -0.4122
 487 A  -0.3889 -0.7556 -0.7522 -0.1900 -0.1889 1.0000 -0.5289
 488 L  0.2367 -0.0733 -0.0100 0.6622 -0.2067 0.7933 -0.0589
 489 L  0.2367 -0.0733 -0.0100 0.6622 -0.2067 0.7933 -0.0589
 490 A  -0.3889 -0.7556 -0.7522 -0.1900 -0.1889 1.0000 -0.5289
 491 R  0.1167 0.4144 0.5178 -1.0000 1.0000 0.5867 -0.4122
 492 S  -0.3744 -0.7078 -0.6044 -0.4044 -0.2944 -0.5178 -0.2356
 493 H  0.4267 0.1222 0.1533 -0.3011 0.2167 -0.0344 -0.1178
 494 V  0.7522 -0.3167 -0.2578 0.3678 -0.2122 -0.0344 1.0000
 495 E  -0.2556 -0.2678 -0.0644 -0.7733 -0.9644 1.0000 -0.6467
 496 R  0.1167 0.4144 0.5178 -1.0000 1.0000 0.5867 -0.4122
 497 T  0.4467 -0.4633 -0.3567 -0.2211 -0.3200 -0.4478 0.2356
 498 T  0.4467 -0.4633 -0.3567 -0.2211 -0.3200 -0.4478 0.2356
 499 D  -0.2367 -0.4633 -0.3122 -0.8522 -1.0000 -0.1722 -0.7056
 500 E  -0.2556 -0.2678 -0.0644 -0.7733 -0.9644 1.0000 -0.6467
 501 G  -1.0000 -1.0000 -1.0000 -0.3800 -0.1989 -1.0000 -1.0000
 502 T  0.4467 -0.4633 -0.3567 -0.2211 -0.3200 -0.4478 0.2356
 503 W  0.5322 1.0000 1.0000 1.0000 -0.2322 0.3100 0.5878
 504 V  0.7522 -0.3167 -0.2578 0.3678 -0.2122 -0.0344 1.0000
 505 A  -0.3889 -0.7556 -0.7522 -0.1900 -0.1889 1.0000 -0.5289
 506 G  -1.0000 -1.0000 -1.0000 -0.3800 -0.1989 -1.0000 -1.0000
 507 V  0.7522 -0.3167 -0.2578 0.3678 -0.2122 -0.0344 1.0000
 508 F  0.4033 0.4144 0.4578 0.7178 -0.3022 0.1722 0.3533
 509 V  0.7522 -0.3167 -0.2578 0.3678 -0.2122 -0.0344 1.0000
 510 Y  0.4033 0.4633 0.6011 0.2089 -0.3044 -0.1722 0.5289
 511 G  -1.0000 -1.0000 -1.0000 -0.3800 -0.1989 -1.0000 -1.0000
 512 G  -1.0000 -1.0000 -1.0000 -0.3800 -0.1989 -1.0000 -1.0000
 513 S  -0.3744 -0.7078 -0.6044 -0.4044 -0.2944 -0.5178 -0.2356
 514 K  -0.0978 0.0733 0.1811 -0.9878 0.8078 0.3100 -0.2944
 515 T  0.4467 -0.4633 -0.3567 -0.2211 -0.3200 -0.4478 0.2356
 516 S  -0.3744 -0.7078 -0.6044 -0.4044 -0.2944 -0.5178 -0.2356
 517 L  0.2367 -0.0733 -0.0100 0.6622 -0.2067 0.7933 -0.0589
 518 Y  0.4033 0.4633 0.6011 0.2089 -0.3044 -0.1722 0.5289
 519 N  -0.2367 -0.3656 -0.2700 -0.7489 -0.0833 -0.4478 -0.5878
 520 L  0.2367 -0.0733 -0.0100 0.6622 -0.2067 0.7933 -0.0589
 521 R  0.1167 0.4144 0.5178 -1.0000 1.0000 0.5867 -0.4122
 522 R  0.1167 0.4144 0.5178 -1.0000 1.0000 0.5867 -0.4122
 523 G  -1.0000 -1.0000 -1.0000 -0.3800 -0.1989 -1.0000 -1.0000
 524 T  0.4467 -0.4633 -0.3567 -0.2211 -0.3200 -0.4478 0.2356
 525 A  -0.3889 -0.7556 -0.7522 -0.1900 -0.1889 1.0000 -0.5289
 526 L  0.2367 -0.0733 -0.0100 0.6622 -0.2067 0.7933 -0.0589
 527 A  -0.3889 -0.7556 -0.7522 -0.1900 -0.1889 1.0000 -0.5289
 528 I  1.0000 -0.0733 -0.0100 0.7244 -0.2067 0.1722 0.7644
 529 P  0.2744 -1.0000 -0.3267 0.0611 -0.0111 -1.0000 0.1178
 530 Q  -0.2556 -0.1222 -0.0222 -0.5156 -0.3067 0.5867 -0.4122
 531 C  -0.1556 -0.3656 -0.3989 0.5644 -0.1267 -0.7244 0.5289
 532 R  0.1167 0.4144 0.5178 -1.0000 1.0000 0.5867 -0.4122
 533 L  0.2367 -0.0733 -0.0100 0.6622 -0.2067 0.7933 -0.0589
 534 T  0.4467 -0.4633 -0.3567 -0.2211 -0.3200 -0.4478 0.2356
 535 P  0.2744 -1.0000 -0.3267 0.0611 -0.0111 -1.0000 0.1178
 536 L  0.2367 -0.0733 -0.0100 0.6622 -0.2067 0.7933 -0.0589
 537 S  -0.3744 -0.7078 -0.6044 -0.4044 -0.2944 -0.5178 -0.2356
 538 R  0.1167 0.4144 0.5178 -1.0000 1.0000 0.5867 -0.4122
 539 L  0.2367 -0.0733 -0.0100 0.6622 -0.2067 0.7933 -0.0589
 540 P  0.2744 -1.0000 -0.3267 0.0611 -0.0111 -1.0000 0.1178
 541 F  0.4033 0.4144 0.4578 0.7178 -0.3022 0.1722 0.3533
 542 G  -1.0000 -1.0000 -1.0000 -0.3800 -0.1989 -1.0000 -1.0000
 543 M  0.1222 0.0733 0.0967 0.3744 -0.2911 0.7244 -0.0011
 544 A  -0.3889 -0.7556 -0.7522 -0.1900 -0.1889 1.0000 -0.5289
 545 P  0.2744 -1.0000 -0.3267 0.0611 -0.0111 -1.0000 0.1178
 546 G  -1.0000 -1.0000 -1.0000 -0.3800 -0.1989 -1.0000 -1.0000
 547 P  0.2744 -1.0000 -0.3267 0.0611 -0.0111 -1.0000 0.1178
 548 G  -1.0000 -1.0000 -1.0000 -0.3800 -0.1989 -1.0000 -1.0000
 549 P  0.2744 -1.0000 -0.3267 0.0611 -0.0111 -1.0000 0.1178
 550 Q  -0.2556 -0.1222 -0.0222 -0.5156 -0.3067 0.5867 -0.4122
 551 P  0.2744 -1.0000 -0.3267 0.0611 -0.0111 -1.0000 0.1178
 552 G  -1.0000 -1.0000 -1.0000 -0.3800 -0.1989 -1.0000 -1.0000
 553 P  0.2744 -1.0000 -0.3267 0.0611 -0.0111 -1.0000 0.1178
 554 L  0.2367 -0.0733 -0.0100 0.6622 -0.2067 0.7933 -0.0589
 555 R  0.1167 0.4144 0.5178 -1.0000 1.0000 0.5867 -0.4122
 556 E  -0.2556 -0.2678 -0.0644 -0.7733 -0.9644 1.0000 -0.6467
 557 S  -0.3744 -0.7078 -0.6044 -0.4044 -0.2944 -0.5178 -0.2356
 558 I  1.0000 -0.0733 -0.0100 0.7244 -0.2067 0.1722 0.7644
 559 V  0.7522 -0.3167 -0.2578 0.3678 -0.2122 -0.0344 1.0000
 560 C  -0.1556 -0.3656 -0.3989 0.5644 -0.1267 -0.7244 0.5289
 561 Y  0.4033 0.4633 0.6011 0.2089 -0.3044 -0.1722 0.5289
 562 F  0.4033 0.4144 0.4578 0.7178 -0.3022 0.1722 0.3533
 563 M  0.1222 0.0733 0.0967 0.3744 -0.2911 0.7244 -0.0011
 564 V  0.7522 -0.3167 -0.2578 0.3678 -0.2122 -0.0344 1.0000
 565 F  0.4033 0.4144 0.4578 0.7178 -0.3022 0.1722 0.3533
 566 L  0.2367 -0.0733 -0.0100 0.6622 -0.2067 0.7933 -0.0589
 567 Q  -0.2556 -0.1222 -0.0222 -0.5156 -0.3067 0.5867 -0.4122
 568 T  0.4467 -0.4633 -0.3567 -0.2211 -0.3200 -0.4478 0.2356
 569 H  0.4267 0.1222 0.1533 -0.3011 0.2167 -0.0344 -0.1178
 570 I  1.0000 -0.0733 -0.0100 0.7244 -0.2067 0.1722 0.7644
 571 F  0.4033 0.4144 0.4578 0.7178 -0.3022 0.1722 0.3533
 572 A  -0.3889 -0.7556 -0.7522 -0.1900 -0.1889 1.0000 -0.5289
 573 E  -0.2556 -0.2678 -0.0644 -0.7733 -0.9644 1.0000 -0.6467
 574 V  0.7522 -0.3167 -0.2578 0.3678 -0.2122 -0.0344 1.0000
 575 L  0.2367 -0.0733 -0.0100 0.6622 -0.2067 0.7933 -0.0589
 576 K  -0.0978 0.0733 0.1811 -0.9878 0.8078 0.3100 -0.2944
 577 D  -0.2367 -0.4633 -0.3122 -0.8522 -1.0000 -0.1722 -0.7056
 578 A  -0.3889 -0.7556 -0.7522 -0.1900 -0.1889 1.0000 -0.5289
 579 I  1.0000 -0.0733 -0.0100 0.7244 -0.2067 0.1722 0.7644
 580 K  -0.0978 0.0733 0.1811 -0.9878 0.8078 0.3100 -0.2944
 581 D  -0.2367 -0.4633 -0.3122 -0.8522 -1.0000 -0.1722 -0.7056
 582 L  0.2367 -0.0733 -0.0100 0.6622 -0.2067 0.7933 -0.0589
 583 V  0.7522 -0.3167 -0.2578 0.3678 -0.2122 -0.0344 1.0000
 584 M  0.1222 0.0733 0.0967 0.3744 -0.2911 0.7244 -0.0011
 585 T  0.4467 -0.4633 -0.3567 -0.2211 -0.3200 -0.4478 0.2356
 586 K  -0.0978 0.0733 0.1811 -0.9878 0.8078 0.3100 -0.2944
 587 P  0.2744 -1.0000 -0.3267 0.0611 -0.0111 -1.0000 0.1178
 588 A  -0.3889 -0.7556 -0.7522 -0.1900 -0.1889 1.0000 -0.5289
 589 P  0.2744 -1.0000 -0.3267 0.0611 -0.0111 -1.0000 0.1178
 590 T  0.4467 -0.4633 -0.3567 -0.2211 -0.3200 -0.4478 0.2356
 591 C  -0.1556 -0.3656 -0.3989 0.5644 -0.1267 -0.7244 0.5289
 592 N  -0.2367 -0.3656 -0.2700 -0.7489 -0.0833 -0.4478 -0.5878
 593 I  1.0000 -0.0733 -0.0100 0.7244 -0.2067 0.1722 0.7644
 594 R  0.1167 0.4144 0.5178 -1.0000 1.0000 0.5867 -0.4122
 595 V  0.7522 -0.3167 -0.2578 0.3678 -0.2122 -0.0344 1.0000
 596 T  0.4467 -0.4633 -0.3567 -0.2211 -0.3200 -0.4478 0.2356
 597 V  0.7522 -0.3167 -0.2578 0.3678 -0.2122 -0.0344 1.0000
 598 C  -0.1556 -0.3656 -0.3989 0.5644 -0.1267 -0.7244 0.5289
 599 S  -0.3744 -0.7078 -0.6044 -0.4044 -0.2944 -0.5178 -0.2356
 600 F  0.4033 0.4144 0.4578 0.7178 -0.3022 0.1722 0.3533
 601 D  -0.2367 -0.4633 -0.3122 -0.8522 -1.0000 -0.1722 -0.7056
 602 D  -0.2367 -0.4633 -0.3122 -0.8522 -1.0000 -0.1722 -0.7056
 603 G  -1.0000 -1.0000 -1.0000 -0.3800 -0.1989 -1.0000 -1.0000
 604 V  0.7522 -0.3167 -0.2578 0.3678 -0.2122 -0.0344 1.0000
 605 D  -0.2367 -0.4633 -0.3122 -0.8522 -1.0000 -0.1722 -0.7056
 606 L  0.2367 -0.0733 -0.0100 0.6622 -0.2067 0.7933 -0.0589
 607 P  0.2744 -1.0000 -0.3267 0.0611 -0.0111 -1.0000 0.1178
