 2 D  -0.2367 -0.4633 -0.3122 -0.8522 -1.0000 -0.1722 -0.7056
 3 Q  -0.2556 -0.1222 -0.0222 -0.5156 -0.3067 0.5867 -0.4122
 4 S  -0.3744 -0.7078 -0.6044 -0.4044 -0.2944 -0.5178 -0.2356
 5 S  -0.3744 -0.7078 -0.6044 -0.4044 -0.2944 -0.5178 -0.2356
 6 R  0.1167 0.4144 0.5178 -1.0000 1.0000 0.5867 -0.4122
 7 Y  0.4033 0.4633 0.6011 0.2089 -0.3044 -0.1722 0.5289
 8 V  0.7522 -0.3167 -0.2578 0.3678 -0.2122 -0.0344 1.0000
 9 N  -0.2367 -0.3656 -0.2700 -0.7489 -0.0833 -0.4478 -0.5878
 10 L  0.2367 -0.0733 -0.0100 0.6622 -0.2067 0.7933 -0.0589
 11 A  -0.3889 -0.7556 -0.7522 -0.1900 -0.1889 1.0000 -0.5289
 12 L  0.2367 -0.0733 -0.0100 0.6622 -0.2067 0.7933 -0.0589
 13 K  -0.0978 0.0733 0.1811 -0.9878 0.8078 0.3100 -0.2944
 14 E  -0.2556 -0.2678 -0.0644 -0.7733 -0.9644 1.0000 -0.6467
 15 E  -0.2556 -0.2678 -0.0644 -0.7733 -0.9644 1.0000 -0.6467
 16 D  -0.2367 -0.4633 -0.3122 -0.8522 -1.0000 -0.1722 -0.7056
 17 L  0.2367 -0.0733 -0.0100 0.6622 -0.2067 0.7933 -0.0589
 18 I  1.0000 -0.0733 -0.0100 0.7244 -0.2067 0.1722 0.7644
 19 A  -0.3889 -0.7556 -0.7522 -0.1900 -0.1889 1.0000 -0.5289
 20 G  -1.0000 -1.0000 -1.0000 -0.3800 -0.1989 -1.0000 -1.0000
 21 G  -1.0000 -1.0000 -1.0000 -0.3800 -0.1989 -1.0000 -1.0000
 22 E  -0.2556 -0.2678 -0.0644 -0.7733 -0.9644 1.0000 -0.6467
 23 H  0.4267 0.1222 0.1533 -0.3011 0.2167 -0.0344 -0.1178
 24 V  0.7522 -0.3167 -0.2578 0.3678 -0.2122 -0.0344 1.0000
 25 L  0.2367 -0.0733 -0.0100 0.6622 -0.2067 0.7933 -0.0589
 26 C  -0.1556 -0.3656 -0.3989 0.5644 -0.1267 -0.7244 0.5289
 27 A  -0.3889 -0.7556 -0.7522 -0.1900 -0.1889 1.0000 -0.5289
 28 Y  0.4033 0.4633 0.6011 0.2089 -0.3044 -0.1722 0.5289
 29 I  1.0000 -0.0733 -0.0100 0.7244 -0.2067 0.1722 0.7644
 30 M  0.1222 0.0733 0.0967 0.3744 -0.2911 0.7244 -0.0011
 31 K  -0.0978 0.0733 0.1811 -0.9878 0.8078 0.3100 -0.2944
 32 P  0.2744 -1.0000 -0.3267 0.0611 -0.0111 -1.0000 0.1178
 33 K  -0.0978 0.0733 0.1811 -0.9878 0.8078 0.3100 -0.2944
 34 A  -0.3889 -0.7556 -0.7522 -0.1900 -0.1889 1.0000 -0.5289
 35 G  -1.0000 -1.0000 -1.0000 -0.3800 -0.1989 -1.0000 -1.0000
 36 Y  0.4033 0.4633 0.6011 0.2089 -0.3044 -0.1722 0.5289
 37 G  -1.0000 -1.0000 -1.0000 -0.3800 -0.1989 -1.0000 -1.0000
 38 Y  0.4033 0.4633 0.6011 0.2089 -0.3044 -0.1722 0.5289
 39 V  0.7522 -0.3167 -0.2578 0.3678 -0.2122 -0.0344 1.0000
 40 A  -0.3889 -0.7556 -0.7522 -0.1900 -0.1889 1.0000 -0.5289
 41 T  0.4467 -0.4633 -0.3567 -0.2211 -0.3200 -0.4478 0.2356
 42 A  -0.3889 -0.7556 -0.7522 -0.1900 -0.1889 1.0000 -0.5289
 43 A  -0.3889 -0.7556 -0.7522 -0.1900 -0.1889 1.0000 -0.5289
 44 H  0.4267 0.1222 0.1533 -0.3011 0.2167 -0.0344 -0.1178
 45 F  0.4033 0.4144 0.4578 0.7178 -0.3022 0.1722 0.3533
 46 A  -0.3889 -0.7556 -0.7522 -0.1900 -0.1889 1.0000 -0.5289
 47 A  -0.3889 -0.7556 -0.7522 -0.1900 -0.1889 1.0000 -0.5289
 48 E  -0.2556 -0.2678 -0.0644 -0.7733 -0.9644 1.0000 -0.6467
 49 S  -0.3744 -0.7078 -0.6044 -0.4044 -0.2944 -0.5178 -0.2356
 50 S  -0.3744 -0.7078 -0.6044 -0.4044 -0.2944 -0.5178 -0.2356
 51 T  0.4467 -0.4633 -0.3567 -0.2211 -0.3200 -0.4478 0.2356
 52 G  -1.0000 -1.0000 -1.0000 -0.3800 -0.1989 -1.0000 -1.0000
 53 T  0.4467 -0.4633 -0.3567 -0.2211 -0.3200 -0.4478 0.2356
 ! !  -1.0000 -1.0000 -1.0000 -1.0000 -1.0000 -1.0000 -1.0000
 65 R  0.1167 0.4144 0.5178 -1.0000 1.0000 0.5867 -0.4122
 66 G  -1.0000 -1.0000 -1.0000 -0.3800 -0.1989 -1.0000 -1.0000
 67 V  0.7522 -0.3167 -0.2578 0.3678 -0.2122 -0.0344 1.0000
 68 D  -0.2367 -0.4633 -0.3122 -0.8522 -1.0000 -0.1722 -0.7056
 69 A  -0.3889 -0.7556 -0.7522 -0.1900 -0.1889 1.0000 -0.5289
 70 L  0.2367 -0.0733 -0.0100 0.6622 -0.2067 0.7933 -0.0589
 71 V  0.7522 -0.3167 -0.2578 0.3678 -0.2122 -0.0344 1.0000
 72 Y  0.4033 0.4633 0.6011 0.2089 -0.3044 -0.1722 0.5289
 73 E  -0.2556 -0.2678 -0.0644 -0.7733 -0.9644 1.0000 -0.6467
 74 V  0.7522 -0.3167 -0.2578 0.3678 -0.2122 -0.0344 1.0000
 75 D  -0.2367 -0.4633 -0.3122 -0.8522 -1.0000 -0.1722 -0.7056
 76 E  -0.2556 -0.2678 -0.0644 -0.7733 -0.9644 1.0000 -0.6467
 77 A  -0.3889 -0.7556 -0.7522 -0.1900 -0.1889 1.0000 -0.5289
 78 R  0.1167 0.4144 0.5178 -1.0000 1.0000 0.5867 -0.4122
 79 E  -0.2556 -0.2678 -0.0644 -0.7733 -0.9644 1.0000 -0.6467
 80 L  0.2367 -0.0733 -0.0100 0.6622 -0.2067 0.7933 -0.0589
 81 T  0.4467 -0.4633 -0.3567 -0.2211 -0.3200 -0.4478 0.2356
 82 K  -0.0978 0.0733 0.1811 -0.9878 0.8078 0.3100 -0.2944
 83 I  1.0000 -0.0733 -0.0100 0.7244 -0.2067 0.1722 0.7644
 84 A  -0.3889 -0.7556 -0.7522 -0.1900 -0.1889 1.0000 -0.5289
 85 Y  0.4033 0.4633 0.6011 0.2089 -0.3044 -0.1722 0.5289
 86 P  0.2744 -1.0000 -0.3267 0.0611 -0.0111 -1.0000 0.1178
 87 V  0.7522 -0.3167 -0.2578 0.3678 -0.2122 -0.0344 1.0000
 88 A  -0.3889 -0.7556 -0.7522 -0.1900 -0.1889 1.0000 -0.5289
 89 L  0.2367 -0.0733 -0.0100 0.6622 -0.2067 0.7933 -0.0589
 90 F  0.4033 0.4144 0.4578 0.7178 -0.3022 0.1722 0.3533
 91 D  -0.2367 -0.4633 -0.3122 -0.8522 -1.0000 -0.1722 -0.7056
 92 R  0.1167 0.4144 0.5178 -1.0000 1.0000 0.5867 -0.4122
 93 N  -0.2367 -0.3656 -0.2700 -0.7489 -0.0833 -0.4478 -0.5878
 94 I  1.0000 -0.0733 -0.0100 0.7244 -0.2067 0.1722 0.7644
 95 T  0.4467 -0.4633 -0.3567 -0.2211 -0.3200 -0.4478 0.2356
 96 D  -0.2367 -0.4633 -0.3122 -0.8522 -1.0000 -0.1722 -0.7056
 97 G  -1.0000 -1.0000 -1.0000 -0.3800 -0.1989 -1.0000 -1.0000
 98 K  -0.0978 0.0733 0.1811 -0.9878 0.8078 0.3100 -0.2944
 99 A  -0.3889 -0.7556 -0.7522 -0.1900 -0.1889 1.0000 -0.5289
 100 M  0.1222 0.0733 0.0967 0.3744 -0.2911 0.7244 -0.0011
 101 I  1.0000 -0.0733 -0.0100 0.7244 -0.2067 0.1722 0.7644
 102 A  -0.3889 -0.7556 -0.7522 -0.1900 -0.1889 1.0000 -0.5289
 103 S  -0.3744 -0.7078 -0.6044 -0.4044 -0.2944 -0.5178 -0.2356
 104 F  0.4033 0.4144 0.4578 0.7178 -0.3022 0.1722 0.3533
 105 L  0.2367 -0.0733 -0.0100 0.6622 -0.2067 0.7933 -0.0589
 106 T  0.4467 -0.4633 -0.3567 -0.2211 -0.3200 -0.4478 0.2356
 107 L  0.2367 -0.0733 -0.0100 0.6622 -0.2067 0.7933 -0.0589
 108 T  0.4467 -0.4633 -0.3567 -0.2211 -0.3200 -0.4478 0.2356
 109 M  0.1222 0.0733 0.0967 0.3744 -0.2911 0.7244 -0.0011
 110 G  -1.0000 -1.0000 -1.0000 -0.3800 -0.1989 -1.0000 -1.0000
 111 N  -0.2367 -0.3656 -0.2700 -0.7489 -0.0833 -0.4478 -0.5878
 112 N  -0.2367 -0.3656 -0.2700 -0.7489 -0.0833 -0.4478 -0.5878
 113 Q  -0.2556 -0.1222 -0.0222 -0.5156 -0.3067 0.5867 -0.4122
 114 G  -1.0000 -1.0000 -1.0000 -0.3800 -0.1989 -1.0000 -1.0000
 115 M  0.1222 0.0733 0.0967 0.3744 -0.2911 0.7244 -0.0011
 116 G  -1.0000 -1.0000 -1.0000 -0.3800 -0.1989 -1.0000 -1.0000
 117 D  -0.2367 -0.4633 -0.3122 -0.8522 -1.0000 -0.1722 -0.7056
 118 V  0.7522 -0.3167 -0.2578 0.3678 -0.2122 -0.0344 1.0000
 119 E  -0.2556 -0.2678 -0.0644 -0.7733 -0.9644 1.0000 -0.6467
 120 Y  0.4033 0.4633 0.6011 0.2089 -0.3044 -0.1722 0.5289
 121 A  -0.3889 -0.7556 -0.7522 -0.1900 -0.1889 1.0000 -0.5289
 122 K  -0.0978 0.0733 0.1811 -0.9878 0.8078 0.3100 -0.2944
 123 M  0.1222 0.0733 0.0967 0.3744 -0.2911 0.7244 -0.0011
 124 H  0.4267 0.1222 0.1533 -0.3011 0.2167 -0.0344 -0.1178
 125 D  -0.2367 -0.4633 -0.3122 -0.8522 -1.0000 -0.1722 -0.7056
 126 F  0.4033 0.4144 0.4578 0.7178 -0.3022 0.1722 0.3533
 127 Y  0.4033 0.4633 0.6011 0.2089 -0.3044 -0.1722 0.5289
 128 V  0.7522 -0.3167 -0.2578 0.3678 -0.2122 -0.0344 1.0000
 129 P  0.2744 -1.0000 -0.3267 0.0611 -0.0111 -1.0000 0.1178
 130 E  -0.2556 -0.2678 -0.0644 -0.7733 -0.9644 1.0000 -0.6467
 131 A  -0.3889 -0.7556 -0.7522 -0.1900 -0.1889 1.0000 -0.5289
 132 Y  0.4033 0.4633 0.6011 0.2089 -0.3044 -0.1722 0.5289
 133 R  0.1167 0.4144 0.5178 -1.0000 1.0000 0.5867 -0.4122
 134 A  -0.3889 -0.7556 -0.7522 -0.1900 -0.1889 1.0000 -0.5289
 135 L  0.2367 -0.0733 -0.0100 0.6622 -0.2067 0.7933 -0.0589
 136 F  0.4033 0.4144 0.4578 0.7178 -0.3022 0.1722 0.3533
 137 D  -0.2367 -0.4633 -0.3122 -0.8522 -1.0000 -0.1722 -0.7056
 138 G  -1.0000 -1.0000 -1.0000 -0.3800 -0.1989 -1.0000 -1.0000
 139 P  0.2744 -1.0000 -0.3267 0.0611 -0.0111 -1.0000 0.1178
 140 S  -0.3744 -0.7078 -0.6044 -0.4044 -0.2944 -0.5178 -0.2356
 141 V  0.7522 -0.3167 -0.2578 0.3678 -0.2122 -0.0344 1.0000
 142 N  -0.2367 -0.3656 -0.2700 -0.7489 -0.0833 -0.4478 -0.5878
 143 I  1.0000 -0.0733 -0.0100 0.7244 -0.2067 0.1722 0.7644
 144 S  -0.3744 -0.7078 -0.6044 -0.4044 -0.2944 -0.5178 -0.2356
 145 A  -0.3889 -0.7556 -0.7522 -0.1900 -0.1889 1.0000 -0.5289
 146 L  0.2367 -0.0733 -0.0100 0.6622 -0.2067 0.7933 -0.0589
 147 W  0.5322 1.0000 1.0000 1.0000 -0.2322 0.3100 0.5878
 148 K  -0.0978 0.0733 0.1811 -0.9878 0.8078 0.3100 -0.2944
 149 V  0.7522 -0.3167 -0.2578 0.3678 -0.2122 -0.0344 1.0000
 150 L  0.2367 -0.0733 -0.0100 0.6622 -0.2067 0.7933 -0.0589
 151 G  -1.0000 -1.0000 -1.0000 -0.3800 -0.1989 -1.0000 -1.0000
 152 R  0.1167 0.4144 0.5178 -1.0000 1.0000 0.5867 -0.4122
 153 P  0.2744 -1.0000 -0.3267 0.0611 -0.0111 -1.0000 0.1178
 154 E  -0.2556 -0.2678 -0.0644 -0.7733 -0.9644 1.0000 -0.6467
 155 V  0.7522 -0.3167 -0.2578 0.3678 -0.2122 -0.0344 1.0000
 156 D  -0.2367 -0.4633 -0.3122 -0.8522 -1.0000 -0.1722 -0.7056
 157 G  -1.0000 -1.0000 -1.0000 -0.3800 -0.1989 -1.0000 -1.0000
 158 G  -1.0000 -1.0000 -1.0000 -0.3800 -0.1989 -1.0000 -1.0000
 159 L  0.2367 -0.0733 -0.0100 0.6622 -0.2067 0.7933 -0.0589
 160 V  0.7522 -0.3167 -0.2578 0.3678 -0.2122 -0.0344 1.0000
 161 V  0.7522 -0.3167 -0.2578 0.3678 -0.2122 -0.0344 1.0000
 162 G  -1.0000 -1.0000 -1.0000 -0.3800 -0.1989 -1.0000 -1.0000
 163 T  0.4467 -0.4633 -0.3567 -0.2211 -0.3200 -0.4478 0.2356
 164 I  1.0000 -0.0733 -0.0100 0.7244 -0.2067 0.1722 0.7644
 165 I  1.0000 -0.0733 -0.0100 0.7244 -0.2067 0.1722 0.7644
 166 K  -0.0978 0.0733 0.1811 -0.9878 0.8078 0.3100 -0.2944
 167 P  0.2744 -1.0000 -0.3267 0.0611 -0.0111 -1.0000 0.1178
 168 K  -0.0978 0.0733 0.1811 -0.9878 0.8078 0.3100 -0.2944
 169 L  0.2367 -0.0733 -0.0100 0.6622 -0.2067 0.7933 -0.0589
 170 G  -1.0000 -1.0000 -1.0000 -0.3800 -0.1989 -1.0000 -1.0000
 171 L  0.2367 -0.0733 -0.0100 0.6622 -0.2067 0.7933 -0.0589
 172 R  0.1167 0.4144 0.5178 -1.0000 1.0000 0.5867 -0.4122
 173 P  0.2744 -1.0000 -0.3267 0.0611 -0.0111 -1.0000 0.1178
 174 K  -0.0978 0.0733 0.1811 -0.9878 0.8078 0.3100 -0.2944
 175 P  0.2744 -1.0000 -0.3267 0.0611 -0.0111 -1.0000 0.1178
 176 F  0.4033 0.4144 0.4578 0.7178 -0.3022 0.1722 0.3533
 177 A  -0.3889 -0.7556 -0.7522 -0.1900 -0.1889 1.0000 -0.5289
 178 E  -0.2556 -0.2678 -0.0644 -0.7733 -0.9644 1.0000 -0.6467
 179 A  -0.3889 -0.7556 -0.7522 -0.1900 -0.1889 1.0000 -0.5289
 180 C  -0.1556 -0.3656 -0.3989 0.5644 -0.1267 -0.7244 0.5289
 181 H  0.4267 0.1222 0.1533 -0.3011 0.2167 -0.0344 -0.1178
 182 A  -0.3889 -0.7556 -0.7522 -0.1900 -0.1889 1.0000 -0.5289
 183 F  0.4033 0.4144 0.4578 0.7178 -0.3022 0.1722 0.3533
 184 W  0.5322 1.0000 1.0000 1.0000 -0.2322 0.3100 0.5878
 185 L  0.2367 -0.0733 -0.0100 0.6622 -0.2067 0.7933 -0.0589
 186 G  -1.0000 -1.0000 -1.0000 -0.3800 -0.1989 -1.0000 -1.0000
 187 G  -1.0000 -1.0000 -1.0000 -0.3800 -0.1989 -1.0000 -1.0000
 188 D  -0.2367 -0.4633 -0.3122 -0.8522 -1.0000 -0.1722 -0.7056
 189 F  0.4033 0.4144 0.4578 0.7178 -0.3022 0.1722 0.3533
 190 I  1.0000 -0.0733 -0.0100 0.7244 -0.2067 0.1722 0.7644
 191 K  -0.0978 0.0733 0.1811 -0.9878 0.8078 0.3100 -0.2944
 192 N  -0.2367 -0.3656 -0.2700 -0.7489 -0.0833 -0.4478 -0.5878
 193 D  -0.2367 -0.4633 -0.3122 -0.8522 -1.0000 -0.1722 -0.7056
 194 E  -0.2556 -0.2678 -0.0644 -0.7733 -0.9644 1.0000 -0.6467
 195 P  0.2744 -1.0000 -0.3267 0.0611 -0.0111 -1.0000 0.1178
 196 Q  -0.2556 -0.1222 -0.0222 -0.5156 -0.3067 0.5867 -0.4122
 197 G  -1.0000 -1.0000 -1.0000 -0.3800 -0.1989 -1.0000 -1.0000
 198 N  -0.2367 -0.3656 -0.2700 -0.7489 -0.0833 -0.4478 -0.5878
 199 Q  -0.2556 -0.1222 -0.0222 -0.5156 -0.3067 0.5867 -0.4122
 200 P  0.2744 -1.0000 -0.3267 0.0611 -0.0111 -1.0000 0.1178
 201 F  0.4033 0.4144 0.4578 0.7178 -0.3022 0.1722 0.3533
 202 A  -0.3889 -0.7556 -0.7522 -0.1900 -0.1889 1.0000 -0.5289
 203 P  0.2744 -1.0000 -0.3267 0.0611 -0.0111 -1.0000 0.1178
 204 L  0.2367 -0.0733 -0.0100 0.6622 -0.2067 0.7933 -0.0589
 205 R  0.1167 0.4144 0.5178 -1.0000 1.0000 0.5867 -0.4122
 206 D  -0.2367 -0.4633 -0.3122 -0.8522 -1.0000 -0.1722 -0.7056
 207 T  0.4467 -0.4633 -0.3567 -0.2211 -0.3200 -0.4478 0.2356
 208 I  1.0000 -0.0733 -0.0100 0.7244 -0.2067 0.1722 0.7644
 209 A  -0.3889 -0.7556 -0.7522 -0.1900 -0.1889 1.0000 -0.5289
 210 L  0.2367 -0.0733 -0.0100 0.6622 -0.2067 0.7933 -0.0589
 211 V  0.7522 -0.3167 -0.2578 0.3678 -0.2122 -0.0344 1.0000
 212 A  -0.3889 -0.7556 -0.7522 -0.1900 -0.1889 1.0000 -0.5289
 213 D  -0.2367 -0.4633 -0.3122 -0.8522 -1.0000 -0.1722 -0.7056
 214 A  -0.3889 -0.7556 -0.7522 -0.1900 -0.1889 1.0000 -0.5289
 215 M  0.1222 0.0733 0.0967 0.3744 -0.2911 0.7244 -0.0011
 216 R  0.1167 0.4144 0.5178 -1.0000 1.0000 0.5867 -0.4122
 217 R  0.1167 0.4144 0.5178 -1.0000 1.0000 0.5867 -0.4122
 218 A  -0.3889 -0.7556 -0.7522 -0.1900 -0.1889 1.0000 -0.5289
 219 Q  -0.2556 -0.1222 -0.0222 -0.5156 -0.3067 0.5867 -0.4122
 220 D  -0.2367 -0.4633 -0.3122 -0.8522 -1.0000 -0.1722 -0.7056
 221 E  -0.2556 -0.2678 -0.0644 -0.7733 -0.9644 1.0000 -0.6467
 222 T  0.4467 -0.4633 -0.3567 -0.2211 -0.3200 -0.4478 0.2356
 223 G  -1.0000 -1.0000 -1.0000 -0.3800 -0.1989 -1.0000 -1.0000
 224 E  -0.2556 -0.2678 -0.0644 -0.7733 -0.9644 1.0000 -0.6467
 225 A  -0.3889 -0.7556 -0.7522 -0.1900 -0.1889 1.0000 -0.5289
 226 K  -0.0978 0.0733 0.1811 -0.9878 0.8078 0.3100 -0.2944
 227 L  0.2367 -0.0733 -0.0100 0.6622 -0.2067 0.7933 -0.0589
 228 F  0.4033 0.4144 0.4578 0.7178 -0.3022 0.1722 0.3533
 229 S  -0.3744 -0.7078 -0.6044 -0.4044 -0.2944 -0.5178 -0.2356
 230 A  -0.3889 -0.7556 -0.7522 -0.1900 -0.1889 1.0000 -0.5289
 231 N  -0.2367 -0.3656 -0.2700 -0.7489 -0.0833 -0.4478 -0.5878
 232 I  1.0000 -0.0733 -0.0100 0.7244 -0.2067 0.1722 0.7644
 233 T  0.4467 -0.4633 -0.3567 -0.2211 -0.3200 -0.4478 0.2356
 234 A  -0.3889 -0.7556 -0.7522 -0.1900 -0.1889 1.0000 -0.5289
 235 D  -0.2367 -0.4633 -0.3122 -0.8522 -1.0000 -0.1722 -0.7056
 236 D  -0.2367 -0.4633 -0.3122 -0.8522 -1.0000 -0.1722 -0.7056
 237 P  0.2744 -1.0000 -0.3267 0.0611 -0.0111 -1.0000 0.1178
 238 F  0.4033 0.4144 0.4578 0.7178 -0.3022 0.1722 0.3533
 239 E  -0.2556 -0.2678 -0.0644 -0.7733 -0.9644 1.0000 -0.6467
 240 I  1.0000 -0.0733 -0.0100 0.7244 -0.2067 0.1722 0.7644
 241 I  1.0000 -0.0733 -0.0100 0.7244 -0.2067 0.1722 0.7644
 242 A  -0.3889 -0.7556 -0.7522 -0.1900 -0.1889 1.0000 -0.5289
 243 R  0.1167 0.4144 0.5178 -1.0000 1.0000 0.5867 -0.4122
 244 G  -1.0000 -1.0000 -1.0000 -0.3800 -0.1989 -1.0000 -1.0000
 245 E  -0.2556 -0.2678 -0.0644 -0.7733 -0.9644 1.0000 -0.6467
 246 Y  0.4033 0.4633 0.6011 0.2089 -0.3044 -0.1722 0.5289
 247 V  0.7522 -0.3167 -0.2578 0.3678 -0.2122 -0.0344 1.0000
 248 L  0.2367 -0.0733 -0.0100 0.6622 -0.2067 0.7933 -0.0589
 249 E  -0.2556 -0.2678 -0.0644 -0.7733 -0.9644 1.0000 -0.6467
 250 T  0.4467 -0.4633 -0.3567 -0.2211 -0.3200 -0.4478 0.2356
 251 F  0.4033 0.4144 0.4578 0.7178 -0.3022 0.1722 0.3533
 252 G  -1.0000 -1.0000 -1.0000 -0.3800 -0.1989 -1.0000 -1.0000
 253 E  -0.2556 -0.2678 -0.0644 -0.7733 -0.9644 1.0000 -0.6467
 254 N  -0.2367 -0.3656 -0.2700 -0.7489 -0.0833 -0.4478 -0.5878
 255 A  -0.3889 -0.7556 -0.7522 -0.1900 -0.1889 1.0000 -0.5289
 256 S  -0.3744 -0.7078 -0.6044 -0.4044 -0.2944 -0.5178 -0.2356
 257 H  0.4267 0.1222 0.1533 -0.3011 0.2167 -0.0344 -0.1178
 258 V  0.7522 -0.3167 -0.2578 0.3678 -0.2122 -0.0344 1.0000
 259 A  -0.3889 -0.7556 -0.7522 -0.1900 -0.1889 1.0000 -0.5289
 260 L  0.2367 -0.0733 -0.0100 0.6622 -0.2067 0.7933 -0.0589
 261 L  0.2367 -0.0733 -0.0100 0.6622 -0.2067 0.7933 -0.0589
 262 V  0.7522 -0.3167 -0.2578 0.3678 -0.2122 -0.0344 1.0000
 263 D  -0.2367 -0.4633 -0.3122 -0.8522 -1.0000 -0.1722 -0.7056
 264 G  -1.0000 -1.0000 -1.0000 -0.3800 -0.1989 -1.0000 -1.0000
 265 Y  0.4033 0.4633 0.6011 0.2089 -0.3044 -0.1722 0.5289
 266 V  0.7522 -0.3167 -0.2578 0.3678 -0.2122 -0.0344 1.0000
 267 A  -0.3889 -0.7556 -0.7522 -0.1900 -0.1889 1.0000 -0.5289
 268 G  -1.0000 -1.0000 -1.0000 -0.3800 -0.1989 -1.0000 -1.0000
 269 A  -0.3889 -0.7556 -0.7522 -0.1900 -0.1889 1.0000 -0.5289
 270 A  -0.3889 -0.7556 -0.7522 -0.1900 -0.1889 1.0000 -0.5289
 271 A  -0.3889 -0.7556 -0.7522 -0.1900 -0.1889 1.0000 -0.5289
 272 I  1.0000 -0.0733 -0.0100 0.7244 -0.2067 0.1722 0.7644
 273 T  0.4467 -0.4633 -0.3567 -0.2211 -0.3200 -0.4478 0.2356
 274 T  0.4467 -0.4633 -0.3567 -0.2211 -0.3200 -0.4478 0.2356
 275 A  -0.3889 -0.7556 -0.7522 -0.1900 -0.1889 1.0000 -0.5289
 276 R  0.1167 0.4144 0.5178 -1.0000 1.0000 0.5867 -0.4122
 277 R  0.1167 0.4144 0.5178 -1.0000 1.0000 0.5867 -0.4122
 278 R  0.1167 0.4144 0.5178 -1.0000 1.0000 0.5867 -0.4122
 279 F  0.4033 0.4144 0.4578 0.7178 -0.3022 0.1722 0.3533
 280 P  0.2744 -1.0000 -0.3267 0.0611 -0.0111 -1.0000 0.1178
 281 D  -0.2367 -0.4633 -0.3122 -0.8522 -1.0000 -0.1722 -0.7056
 282 N  -0.2367 -0.3656 -0.2700 -0.7489 -0.0833 -0.4478 -0.5878
 283 F  0.4033 0.4144 0.4578 0.7178 -0.3022 0.1722 0.3533
 284 L  0.2367 -0.0733 -0.0100 0.6622 -0.2067 0.7933 -0.0589
 285 H  0.4267 0.1222 0.1533 -0.3011 0.2167 -0.0344 -0.1178
 286 Y  0.4033 0.4633 0.6011 0.2089 -0.3044 -0.1722 0.5289
 287 H  0.4267 0.1222 0.1533 -0.3011 0.2167 -0.0344 -0.1178
 288 R  0.1167 0.4144 0.5178 -1.0000 1.0000 0.5867 -0.4122
 289 A  -0.3889 -0.7556 -0.7522 -0.1900 -0.1889 1.0000 -0.5289
 290 G  -1.0000 -1.0000 -1.0000 -0.3800 -0.1989 -1.0000 -1.0000
 291 H  0.4267 0.1222 0.1533 -0.3011 0.2167 -0.0344 -0.1178
 292 G  -1.0000 -1.0000 -1.0000 -0.3800 -0.1989 -1.0000 -1.0000
 293 A  -0.3889 -0.7556 -0.7522 -0.1900 -0.1889 1.0000 -0.5289
 294 V  0.7522 -0.3167 -0.2578 0.3678 -0.2122 -0.0344 1.0000
 295 T  0.4467 -0.4633 -0.3567 -0.2211 -0.3200 -0.4478 0.2356
 296 S  -0.3744 -0.7078 -0.6044 -0.4044 -0.2944 -0.5178 -0.2356
 297 P  0.2744 -1.0000 -0.3267 0.0611 -0.0111 -1.0000 0.1178
 298 Q  -0.2556 -0.1222 -0.0222 -0.5156 -0.3067 0.5867 -0.4122
 299 S  -0.3744 -0.7078 -0.6044 -0.4044 -0.2944 -0.5178 -0.2356
 300 K  -0.0978 0.0733 0.1811 -0.9878 0.8078 0.3100 -0.2944
 301 R  0.1167 0.4144 0.5178 -1.0000 1.0000 0.5867 -0.4122
 302 G  -1.0000 -1.0000 -1.0000 -0.3800 -0.1989 -1.0000 -1.0000
 303 Y  0.4033 0.4633 0.6011 0.2089 -0.3044 -0.1722 0.5289
 304 T  0.4467 -0.4633 -0.3567 -0.2211 -0.3200 -0.4478 0.2356
 305 A  -0.3889 -0.7556 -0.7522 -0.1900 -0.1889 1.0000 -0.5289
 306 F  0.4033 0.4144 0.4578 0.7178 -0.3022 0.1722 0.3533
 307 V  0.7522 -0.3167 -0.2578 0.3678 -0.2122 -0.0344 1.0000
 308 H  0.4267 0.1222 0.1533 -0.3011 0.2167 -0.0344 -0.1178
 309 C  -0.1556 -0.3656 -0.3989 0.5644 -0.1267 -0.7244 0.5289
 310 K  -0.0978 0.0733 0.1811 -0.9878 0.8078 0.3100 -0.2944
 311 M  0.1222 0.0733 0.0967 0.3744 -0.2911 0.7244 -0.0011
 312 A  -0.3889 -0.7556 -0.7522 -0.1900 -0.1889 1.0000 -0.5289
 313 R  0.1167 0.4144 0.5178 -1.0000 1.0000 0.5867 -0.4122
 314 L  0.2367 -0.0733 -0.0100 0.6622 -0.2067 0.7933 -0.0589
 315 Q  -0.2556 -0.1222 -0.0222 -0.5156 -0.3067 0.5867 -0.4122
 316 G  -1.0000 -1.0000 -1.0000 -0.3800 -0.1989 -1.0000 -1.0000
 317 A  -0.3889 -0.7556 -0.7522 -0.1900 -0.1889 1.0000 -0.5289
 318 S  -0.3744 -0.7078 -0.6044 -0.4044 -0.2944 -0.5178 -0.2356
 319 G  -1.0000 -1.0000 -1.0000 -0.3800 -0.1989 -1.0000 -1.0000
 320 I  1.0000 -0.0733 -0.0100 0.7244 -0.2067 0.1722 0.7644
 321 H  0.4267 0.1222 0.1533 -0.3011 0.2167 -0.0344 -0.1178
 322 T  0.4467 -0.4633 -0.3567 -0.2211 -0.3200 -0.4478 0.2356
 323 G  -1.0000 -1.0000 -1.0000 -0.3800 -0.1989 -1.0000 -1.0000
 324 T  0.4467 -0.4633 -0.3567 -0.2211 -0.3200 -0.4478 0.2356
 ! !  -1.0000 -1.0000 -1.0000 -1.0000 -1.0000 -1.0000 -1.0000
 334 S  -0.3744 -0.7078 -0.6044 -0.4044 -0.2944 -0.5178 -0.2356
 335 S  -0.3744 -0.7078 -0.6044 -0.4044 -0.2944 -0.5178 -0.2356
 336 D  -0.2367 -0.4633 -0.3122 -0.8522 -1.0000 -0.1722 -0.7056
 337 R  0.1167 0.4144 0.5178 -1.0000 1.0000 0.5867 -0.4122
 338 A  -0.3889 -0.7556 -0.7522 -0.1900 -0.1889 1.0000 -0.5289
 339 I  1.0000 -0.0733 -0.0100 0.7244 -0.2067 0.1722 0.7644
 340 A  -0.3889 -0.7556 -0.7522 -0.1900 -0.1889 1.0000 -0.5289
 341 Y  0.4033 0.4633 0.6011 0.2089 -0.3044 -0.1722 0.5289
 342 M  0.1222 0.0733 0.0967 0.3744 -0.2911 0.7244 -0.0011
 343 L  0.2367 -0.0733 -0.0100 0.6622 -0.2067 0.7933 -0.0589
 344 T  0.4467 -0.4633 -0.3567 -0.2211 -0.3200 -0.4478 0.2356
 345 Q  -0.2556 -0.1222 -0.0222 -0.5156 -0.3067 0.5867 -0.4122
 346 D  -0.2367 -0.4633 -0.3122 -0.8522 -1.0000 -0.1722 -0.7056
 347 E  -0.2556 -0.2678 -0.0644 -0.7733 -0.9644 1.0000 -0.6467
 348 A  -0.3889 -0.7556 -0.7522 -0.1900 -0.1889 1.0000 -0.5289
 349 Q  -0.2556 -0.1222 -0.0222 -0.5156 -0.3067 0.5867 -0.4122
 350 G  -1.0000 -1.0000 -1.0000 -0.3800 -0.1989 -1.0000 -1.0000
 351 P  0.2744 -1.0000 -0.3267 0.0611 -0.0111 -1.0000 0.1178
 352 F  0.4033 0.4144 0.4578 0.7178 -0.3022 0.1722 0.3533
 353 Y  0.4033 0.4633 0.6011 0.2089 -0.3044 -0.1722 0.5289
 354 R  0.1167 0.4144 0.5178 -1.0000 1.0000 0.5867 -0.4122
 355 Q  -0.2556 -0.1222 -0.0222 -0.5156 -0.3067 0.5867 -0.4122
 356 S  -0.3744 -0.7078 -0.6044 -0.4044 -0.2944 -0.5178 -0.2356
 357 W  0.5322 1.0000 1.0000 1.0000 -0.2322 0.3100 0.5878
 358 G  -1.0000 -1.0000 -1.0000 -0.3800 -0.1989 -1.0000 -1.0000
 359 G  -1.0000 -1.0000 -1.0000 -0.3800 -0.1989 -1.0000 -1.0000
 360 M  0.1222 0.0733 0.0967 0.3744 -0.2911 0.7244 -0.0011
 361 K  -0.0978 0.0733 0.1811 -0.9878 0.8078 0.3100 -0.2944
 362 A  -0.3889 -0.7556 -0.7522 -0.1900 -0.1889 1.0000 -0.5289
 363 C  -0.1556 -0.3656 -0.3989 0.5644 -0.1267 -0.7244 0.5289
 364 T  0.4467 -0.4633 -0.3567 -0.2211 -0.3200 -0.4478 0.2356
 365 P  0.2744 -1.0000 -0.3267 0.0611 -0.0111 -1.0000 0.1178
 366 I  1.0000 -0.0733 -0.0100 0.7244 -0.2067 0.1722 0.7644
 367 I  1.0000 -0.0733 -0.0100 0.7244 -0.2067 0.1722 0.7644
 368 S  -0.3744 -0.7078 -0.6044 -0.4044 -0.2944 -0.5178 -0.2356
 369 G  -1.0000 -1.0000 -1.0000 -0.3800 -0.1989 -1.0000 -1.0000
 370 G  -1.0000 -1.0000 -1.0000 -0.3800 -0.1989 -1.0000 -1.0000
 371 M  0.1222 0.0733 0.0967 0.3744 -0.2911 0.7244 -0.0011
 372 N  -0.2367 -0.3656 -0.2700 -0.7489 -0.0833 -0.4478 -0.5878
 373 A  -0.3889 -0.7556 -0.7522 -0.1900 -0.1889 1.0000 -0.5289
 374 L  0.2367 -0.0733 -0.0100 0.6622 -0.2067 0.7933 -0.0589
 375 R  0.1167 0.4144 0.5178 -1.0000 1.0000 0.5867 -0.4122
 376 M  0.1222 0.0733 0.0967 0.3744 -0.2911 0.7244 -0.0011
 377 P  0.2744 -1.0000 -0.3267 0.0611 -0.0111 -1.0000 0.1178
 378 G  -1.0000 -1.0000 -1.0000 -0.3800 -0.1989 -1.0000 -1.0000
 379 F  0.4033 0.4144 0.4578 0.7178 -0.3022 0.1722 0.3533
 380 F  0.4033 0.4144 0.4578 0.7178 -0.3022 0.1722 0.3533
 381 E  -0.2556 -0.2678 -0.0644 -0.7733 -0.9644 1.0000 -0.6467
 382 N  -0.2367 -0.3656 -0.2700 -0.7489 -0.0833 -0.4478 -0.5878
 383 L  0.2367 -0.0733 -0.0100 0.6622 -0.2067 0.7933 -0.0589
 384 G  -1.0000 -1.0000 -1.0000 -0.3800 -0.1989 -1.0000 -1.0000
 385 N  -0.2367 -0.3656 -0.2700 -0.7489 -0.0833 -0.4478 -0.5878
 386 A  -0.3889 -0.7556 -0.7522 -0.1900 -0.1889 1.0000 -0.5289
 387 N  -0.2367 -0.3656 -0.2700 -0.7489 -0.0833 -0.4478 -0.5878
 388 V  0.7522 -0.3167 -0.2578 0.3678 -0.2122 -0.0344 1.0000
 389 I  1.0000 -0.0733 -0.0100 0.7244 -0.2067 0.1722 0.7644
 390 L  0.2367 -0.0733 -0.0100 0.6622 -0.2067 0.7933 -0.0589
 391 T  0.4467 -0.4633 -0.3567 -0.2211 -0.3200 -0.4478 0.2356
 392 A  -0.3889 -0.7556 -0.7522 -0.1900 -0.1889 1.0000 -0.5289
 393 G  -1.0000 -1.0000 -1.0000 -0.3800 -0.1989 -1.0000 -1.0000
 394 G  -1.0000 -1.0000 -1.0000 -0.3800 -0.1989 -1.0000 -1.0000
 395 G  -1.0000 -1.0000 -1.0000 -0.3800 -0.1989 -1.0000 -1.0000
 396 A  -0.3889 -0.7556 -0.7522 -0.1900 -0.1889 1.0000 -0.5289
 397 F  0.4033 0.4144 0.4578 0.7178 -0.3022 0.1722 0.3533
 398 G  -1.0000 -1.0000 -1.0000 -0.3800 -0.1989 -1.0000 -1.0000
 399 H  0.4267 0.1222 0.1533 -0.3011 0.2167 -0.0344 -0.1178
 400 I  1.0000 -0.0733 -0.0100 0.7244 -0.2067 0.1722 0.7644
 401 D  -0.2367 -0.4633 -0.3122 -0.8522 -1.0000 -0.1722 -0.7056
 402 G  -1.0000 -1.0000 -1.0000 -0.3800 -0.1989 -1.0000 -1.0000
 403 P  0.2744 -1.0000 -0.3267 0.0611 -0.0111 -1.0000 0.1178
 404 V  0.7522 -0.3167 -0.2578 0.3678 -0.2122 -0.0344 1.0000
 405 A  -0.3889 -0.7556 -0.7522 -0.1900 -0.1889 1.0000 -0.5289
 406 G  -1.0000 -1.0000 -1.0000 -0.3800 -0.1989 -1.0000 -1.0000
 407 A  -0.3889 -0.7556 -0.7522 -0.1900 -0.1889 1.0000 -0.5289
 408 R  0.1167 0.4144 0.5178 -1.0000 1.0000 0.5867 -0.4122
 409 S  -0.3744 -0.7078 -0.6044 -0.4044 -0.2944 -0.5178 -0.2356
 410 L  0.2367 -0.0733 -0.0100 0.6622 -0.2067 0.7933 -0.0589
 411 R  0.1167 0.4144 0.5178 -1.0000 1.0000 0.5867 -0.4122
 412 Q  -0.2556 -0.1222 -0.0222 -0.5156 -0.3067 0.5867 -0.4122
 413 A  -0.3889 -0.7556 -0.7522 -0.1900 -0.1889 1.0000 -0.5289
 414 W  0.5322 1.0000 1.0000 1.0000 -0.2322 0.3100 0.5878
 415 Q  -0.2556 -0.1222 -0.0222 -0.5156 -0.3067 0.5867 -0.4122
 416 A  -0.3889 -0.7556 -0.7522 -0.1900 -0.1889 1.0000 -0.5289
 417 W  0.5322 1.0000 1.0000 1.0000 -0.2322 0.3100 0.5878
 418 R  0.1167 0.4144 0.5178 -1.0000 1.0000 0.5867 -0.4122
 419 D  -0.2367 -0.4633 -0.3122 -0.8522 -1.0000 -0.1722 -0.7056
 420 G  -1.0000 -1.0000 -1.0000 -0.3800 -0.1989 -1.0000 -1.0000
 421 V  0.7522 -0.3167 -0.2578 0.3678 -0.2122 -0.0344 1.0000
 422 P  0.2744 -1.0000 -0.3267 0.0611 -0.0111 -1.0000 0.1178
 423 V  0.7522 -0.3167 -0.2578 0.3678 -0.2122 -0.0344 1.0000
 424 L  0.2367 -0.0733 -0.0100 0.6622 -0.2067 0.7933 -0.0589
 425 D  -0.2367 -0.4633 -0.3122 -0.8522 -1.0000 -0.1722 -0.7056
 426 Y  0.4033 0.4633 0.6011 0.2089 -0.3044 -0.1722 0.5289
 427 A  -0.3889 -0.7556 -0.7522 -0.1900 -0.1889 1.0000 -0.5289
 428 R  0.1167 0.4144 0.5178 -1.0000 1.0000 0.5867 -0.4122
 429 E  -0.2556 -0.2678 -0.0644 -0.7733 -0.9644 1.0000 -0.6467
 430 H  0.4267 0.1222 0.1533 -0.3011 0.2167 -0.0344 -0.1178
 431 K  -0.0978 0.0733 0.1811 -0.9878 0.8078 0.3100 -0.2944
 432 E  -0.2556 -0.2678 -0.0644 -0.7733 -0.9644 1.0000 -0.6467
 433 L  0.2367 -0.0733 -0.0100 0.6622 -0.2067 0.7933 -0.0589
 434 A  -0.3889 -0.7556 -0.7522 -0.1900 -0.1889 1.0000 -0.5289
 435 R  0.1167 0.4144 0.5178 -1.0000 1.0000 0.5867 -0.4122
 436 A  -0.3889 -0.7556 -0.7522 -0.1900 -0.1889 1.0000 -0.5289
 437 F  0.4033 0.4144 0.4578 0.7178 -0.3022 0.1722 0.3533
 438 E  -0.2556 -0.2678 -0.0644 -0.7733 -0.9644 1.0000 -0.6467
 439 S  -0.3744 -0.7078 -0.6044 -0.4044 -0.2944 -0.5178 -0.2356
 440 F  0.4033 0.4144 0.4578 0.7178 -0.3022 0.1722 0.3533
 441 P  0.2744 -1.0000 -0.3267 0.0611 -0.0111 -1.0000 0.1178
 442 G  -1.0000 -1.0000 -1.0000 -0.3800 -0.1989 -1.0000 -1.0000
 443 D  -0.2367 -0.4633 -0.3122 -0.8522 -1.0000 -0.1722 -0.7056
 444 A  -0.3889 -0.7556 -0.7522 -0.1900 -0.1889 1.0000 -0.5289
 445 D  -0.2367 -0.4633 -0.3122 -0.8522 -1.0000 -0.1722 -0.7056
 446 Q  -0.2556 -0.1222 -0.0222 -0.5156 -0.3067 0.5867 -0.4122
 447 I  1.0000 -0.0733 -0.0100 0.7244 -0.2067 0.1722 0.7644
 448 Y  0.4033 0.4633 0.6011 0.2089 -0.3044 -0.1722 0.5289
 449 P  0.2744 -1.0000 -0.3267 0.0611 -0.0111 -1.0000 0.1178
 450 G  -1.0000 -1.0000 -1.0000 -0.3800 -0.1989 -1.0000 -1.0000
 451 W  0.5322 1.0000 1.0000 1.0000 -0.2322 0.3100 0.5878
 452 R  0.1167 0.4144 0.5178 -1.0000 1.0000 0.5867 -0.4122
 453 K  -0.0978 0.0733 0.1811 -0.9878 0.8078 0.3100 -0.2944
 454 A  -0.3889 -0.7556 -0.7522 -0.1900 -0.1889 1.0000 -0.5289
 455 L  0.2367 -0.0733 -0.0100 0.6622 -0.2067 0.7933 -0.0589
 456 G  -1.0000 -1.0000 -1.0000 -0.3800 -0.1989 -1.0000 -1.0000
 457 V  0.7522 -0.3167 -0.2578 0.3678 -0.2122 -0.0344 1.0000
