 1 N  -0.2367 -0.3656 -0.2700 -0.7489 -0.0833 -0.4478 -0.5878
 2 Q  -0.2556 -0.1222 -0.0222 -0.5156 -0.3067 0.5867 -0.4122
 3 N  -0.2367 -0.3656 -0.2700 -0.7489 -0.0833 -0.4478 -0.5878
 4 T  0.4467 -0.4633 -0.3567 -0.2211 -0.3200 -0.4478 0.2356
 5 T  0.4467 -0.4633 -0.3567 -0.2211 -0.3200 -0.4478 0.2356
 6 E  -0.2556 -0.2678 -0.0644 -0.7733 -0.9644 1.0000 -0.6467
 7 P  0.2744 -1.0000 -0.3267 0.0611 -0.0111 -1.0000 0.1178
 8 V  0.7522 -0.3167 -0.2578 0.3678 -0.2122 -0.0344 1.0000
 9 A  -0.3889 -0.7556 -0.7522 -0.1900 -0.1889 1.0000 -0.5289
 10 A  -0.3889 -0.7556 -0.7522 -0.1900 -0.1889 1.0000 -0.5289
 11 T  0.4467 -0.4633 -0.3567 -0.2211 -0.3200 -0.4478 0.2356
 12 E  -0.2556 -0.2678 -0.0644 -0.7733 -0.9644 1.0000 -0.6467
 13 T  0.4467 -0.4633 -0.3567 -0.2211 -0.3200 -0.4478 0.2356
 14 L  0.2367 -0.0733 -0.0100 0.6622 -0.2067 0.7933 -0.0589
 15 A  -0.3889 -0.7556 -0.7522 -0.1900 -0.1889 1.0000 -0.5289
 16 E  -0.2556 -0.2678 -0.0644 -0.7733 -0.9644 1.0000 -0.6467
 17 V  0.7522 -0.3167 -0.2578 0.3678 -0.2122 -0.0344 1.0000
 18 P  0.2744 -1.0000 -0.3267 0.0611 -0.0111 -1.0000 0.1178
 19 E  -0.2556 -0.2678 -0.0644 -0.7733 -0.9644 1.0000 -0.6467
 20 H  0.4267 0.1222 0.1533 -0.3011 0.2167 -0.0344 -0.1178
 21 V  0.7522 -0.3167 -0.2578 0.3678 -0.2122 -0.0344 1.0000
 22 L  0.2367 -0.0733 -0.0100 0.6622 -0.2067 0.7933 -0.0589
 23 R  0.1167 0.4144 0.5178 -1.0000 1.0000 0.5867 -0.4122
 24 G  -1.0000 -1.0000 -1.0000 -0.3800 -0.1989 -1.0000 -1.0000
 25 L  0.2367 -0.0733 -0.0100 0.6622 -0.2067 0.7933 -0.0589
 26 P  0.2744 -1.0000 -0.3267 0.0611 -0.0111 -1.0000 0.1178
 27 E  -0.2556 -0.2678 -0.0644 -0.7733 -0.9644 1.0000 -0.6467
 28 E  -0.2556 -0.2678 -0.0644 -0.7733 -0.9644 1.0000 -0.6467
 29 V  0.7522 -0.3167 -0.2578 0.3678 -0.2122 -0.0344 1.0000
 30 R  0.1167 0.4144 0.5178 -1.0000 1.0000 0.5867 -0.4122
 31 L  0.2367 -0.0733 -0.0100 0.6622 -0.2067 0.7933 -0.0589
 32 F  0.4033 0.4144 0.4578 0.7178 -0.3022 0.1722 0.3533
 33 P  0.2744 -1.0000 -0.3267 0.0611 -0.0111 -1.0000 0.1178
 34 S  -0.3744 -0.7078 -0.6044 -0.4044 -0.2944 -0.5178 -0.2356
 35 A  -0.3889 -0.7556 -0.7522 -0.1900 -0.1889 1.0000 -0.5289
 36 V  0.7522 -0.3167 -0.2578 0.3678 -0.2122 -0.0344 1.0000
 37 D  -0.2367 -0.4633 -0.3122 -0.8522 -1.0000 -0.1722 -0.7056
 38 K  -0.0978 0.0733 0.1811 -0.9878 0.8078 0.3100 -0.2944
 39 T  0.4467 -0.4633 -0.3567 -0.2211 -0.3200 -0.4478 0.2356
 40 R  0.1167 0.4144 0.5178 -1.0000 1.0000 0.5867 -0.4122
 41 I  1.0000 -0.0733 -0.0100 0.7244 -0.2067 0.1722 0.7644
 42 G  -1.0000 -1.0000 -1.0000 -0.3800 -0.1989 -1.0000 -1.0000
 43 V  0.7522 -0.3167 -0.2578 0.3678 -0.2122 -0.0344 1.0000
 44 W  0.5322 1.0000 1.0000 1.0000 -0.2322 0.3100 0.5878
 45 A  -0.3889 -0.7556 -0.7522 -0.1900 -0.1889 1.0000 -0.5289
 46 T  0.4467 -0.4633 -0.3567 -0.2211 -0.3200 -0.4478 0.2356
 47 K  -0.0978 0.0733 0.1811 -0.9878 0.8078 0.3100 -0.2944
 48 P  0.2744 -1.0000 -0.3267 0.0611 -0.0111 -1.0000 0.1178
 49 I  1.0000 -0.0733 -0.0100 0.7244 -0.2067 0.1722 0.7644
 50 L  0.2367 -0.0733 -0.0100 0.6622 -0.2067 0.7933 -0.0589
 51 K  -0.0978 0.0733 0.1811 -0.9878 0.8078 0.3100 -0.2944
 52 G  -1.0000 -1.0000 -1.0000 -0.3800 -0.1989 -1.0000 -1.0000
 53 K  -0.0978 0.0733 0.1811 -0.9878 0.8078 0.3100 -0.2944
 54 K  -0.0978 0.0733 0.1811 -0.9878 0.8078 0.3100 -0.2944
 55 F  0.4033 0.4144 0.4578 0.7178 -0.3022 0.1722 0.3533
 56 G  -1.0000 -1.0000 -1.0000 -0.3800 -0.1989 -1.0000 -1.0000
 57 P  0.2744 -1.0000 -0.3267 0.0611 -0.0111 -1.0000 0.1178
 58 F  0.4033 0.4144 0.4578 0.7178 -0.3022 0.1722 0.3533
 59 V  0.7522 -0.3167 -0.2578 0.3678 -0.2122 -0.0344 1.0000
 60 G  -1.0000 -1.0000 -1.0000 -0.3800 -0.1989 -1.0000 -1.0000
 61 D  -0.2367 -0.4633 -0.3122 -0.8522 -1.0000 -0.1722 -0.7056
 62 K  -0.0978 0.0733 0.1811 -0.9878 0.8078 0.3100 -0.2944
 63 K  -0.0978 0.0733 0.1811 -0.9878 0.8078 0.3100 -0.2944
 64 K  -0.0978 0.0733 0.1811 -0.9878 0.8078 0.3100 -0.2944
 65 R  0.1167 0.4144 0.5178 -1.0000 1.0000 0.5867 -0.4122
 66 S  -0.3744 -0.7078 -0.6044 -0.4044 -0.2944 -0.5178 -0.2356
 67 Q  -0.2556 -0.1222 -0.0222 -0.5156 -0.3067 0.5867 -0.4122
 68 V  0.7522 -0.3167 -0.2578 0.3678 -0.2122 -0.0344 1.0000
 69 K  -0.0978 0.0733 0.1811 -0.9878 0.8078 0.3100 -0.2944
 70 N  -0.2367 -0.3656 -0.2700 -0.7489 -0.0833 -0.4478 -0.5878
 71 N  -0.2367 -0.3656 -0.2700 -0.7489 -0.0833 -0.4478 -0.5878
 72 V  0.7522 -0.3167 -0.2578 0.3678 -0.2122 -0.0344 1.0000
 73 Y  0.4033 0.4633 0.6011 0.2089 -0.3044 -0.1722 0.5289
 74 M  0.1222 0.0733 0.0967 0.3744 -0.2911 0.7244 -0.0011
 75 W  0.5322 1.0000 1.0000 1.0000 -0.2322 0.3100 0.5878
 76 E  -0.2556 -0.2678 -0.0644 -0.7733 -0.9644 1.0000 -0.6467
 77 V  0.7522 -0.3167 -0.2578 0.3678 -0.2122 -0.0344 1.0000
 78 Y  0.4033 0.4633 0.6011 0.2089 -0.3044 -0.1722 0.5289
 79 Y  0.4033 0.4633 0.6011 0.2089 -0.3044 -0.1722 0.5289
 80 P  0.2744 -1.0000 -0.3267 0.0611 -0.0111 -1.0000 0.1178
 81 N  -0.2367 -0.3656 -0.2700 -0.7489 -0.0833 -0.4478 -0.5878
 82 L  0.2367 -0.0733 -0.0100 0.6622 -0.2067 0.7933 -0.0589
 83 G  -1.0000 -1.0000 -1.0000 -0.3800 -0.1989 -1.0000 -1.0000
 84 W  0.5322 1.0000 1.0000 1.0000 -0.2322 0.3100 0.5878
 85 M  0.1222 0.0733 0.0967 0.3744 -0.2911 0.7244 -0.0011
 86 C  -0.1556 -0.3656 -0.3989 0.5644 -0.1267 -0.7244 0.5289
 87 I  1.0000 -0.0733 -0.0100 0.7244 -0.2067 0.1722 0.7644
 88 D  -0.2367 -0.4633 -0.3122 -0.8522 -1.0000 -0.1722 -0.7056
 89 A  -0.3889 -0.7556 -0.7522 -0.1900 -0.1889 1.0000 -0.5289
 90 T  0.4467 -0.4633 -0.3567 -0.2211 -0.3200 -0.4478 0.2356
 91 D  -0.2367 -0.4633 -0.3122 -0.8522 -1.0000 -0.1722 -0.7056
 92 P  0.2744 -1.0000 -0.3267 0.0611 -0.0111 -1.0000 0.1178
 93 E  -0.2556 -0.2678 -0.0644 -0.7733 -0.9644 1.0000 -0.6467
 94 K  -0.0978 0.0733 0.1811 -0.9878 0.8078 0.3100 -0.2944
 95 G  -1.0000 -1.0000 -1.0000 -0.3800 -0.1989 -1.0000 -1.0000
 96 N  -0.2367 -0.3656 -0.2700 -0.7489 -0.0833 -0.4478 -0.5878
 97 W  0.5322 1.0000 1.0000 1.0000 -0.2322 0.3100 0.5878
 98 L  0.2367 -0.0733 -0.0100 0.6622 -0.2067 0.7933 -0.0589
 99 R  0.1167 0.4144 0.5178 -1.0000 1.0000 0.5867 -0.4122
 100 Y  0.4033 0.4633 0.6011 0.2089 -0.3044 -0.1722 0.5289
 101 V  0.7522 -0.3167 -0.2578 0.3678 -0.2122 -0.0344 1.0000
 102 N  -0.2367 -0.3656 -0.2700 -0.7489 -0.0833 -0.4478 -0.5878
 103 W  0.5322 1.0000 1.0000 1.0000 -0.2322 0.3100 0.5878
 104 A  -0.3889 -0.7556 -0.7522 -0.1900 -0.1889 1.0000 -0.5289
 105 C  -0.1556 -0.3656 -0.3989 0.5644 -0.1267 -0.7244 0.5289
 106 S  -0.3744 -0.7078 -0.6044 -0.4044 -0.2944 -0.5178 -0.2356
 107 G  -1.0000 -1.0000 -1.0000 -0.3800 -0.1989 -1.0000 -1.0000
 108 E  -0.2556 -0.2678 -0.0644 -0.7733 -0.9644 1.0000 -0.6467
 109 E  -0.2556 -0.2678 -0.0644 -0.7733 -0.9644 1.0000 -0.6467
 110 Q  -0.2556 -0.1222 -0.0222 -0.5156 -0.3067 0.5867 -0.4122
 111 N  -0.2367 -0.3656 -0.2700 -0.7489 -0.0833 -0.4478 -0.5878
 112 L  0.2367 -0.0733 -0.0100 0.6622 -0.2067 0.7933 -0.0589
 113 F  0.4033 0.4144 0.4578 0.7178 -0.3022 0.1722 0.3533
 114 P  0.2744 -1.0000 -0.3267 0.0611 -0.0111 -1.0000 0.1178
 115 L  0.2367 -0.0733 -0.0100 0.6622 -0.2067 0.7933 -0.0589
 116 E  -0.2556 -0.2678 -0.0644 -0.7733 -0.9644 1.0000 -0.6467
 117 I  1.0000 -0.0733 -0.0100 0.7244 -0.2067 0.1722 0.7644
 118 N  -0.2367 -0.3656 -0.2700 -0.7489 -0.0833 -0.4478 -0.5878
 119 R  0.1167 0.4144 0.5178 -1.0000 1.0000 0.5867 -0.4122
 120 A  -0.3889 -0.7556 -0.7522 -0.1900 -0.1889 1.0000 -0.5289
 121 I  1.0000 -0.0733 -0.0100 0.7244 -0.2067 0.1722 0.7644
 122 Y  0.4033 0.4633 0.6011 0.2089 -0.3044 -0.1722 0.5289
 123 Y  0.4033 0.4633 0.6011 0.2089 -0.3044 -0.1722 0.5289
 124 K  -0.0978 0.0733 0.1811 -0.9878 0.8078 0.3100 -0.2944
 125 T  0.4467 -0.4633 -0.3567 -0.2211 -0.3200 -0.4478 0.2356
 126 L  0.2367 -0.0733 -0.0100 0.6622 -0.2067 0.7933 -0.0589
 127 K  -0.0978 0.0733 0.1811 -0.9878 0.8078 0.3100 -0.2944
 128 P  0.2744 -1.0000 -0.3267 0.0611 -0.0111 -1.0000 0.1178
 129 I  1.0000 -0.0733 -0.0100 0.7244 -0.2067 0.1722 0.7644
 130 A  -0.3889 -0.7556 -0.7522 -0.1900 -0.1889 1.0000 -0.5289
 131 P  0.2744 -1.0000 -0.3267 0.0611 -0.0111 -1.0000 0.1178
 132 G  -1.0000 -1.0000 -1.0000 -0.3800 -0.1989 -1.0000 -1.0000
 133 E  -0.2556 -0.2678 -0.0644 -0.7733 -0.9644 1.0000 -0.6467
 134 E  -0.2556 -0.2678 -0.0644 -0.7733 -0.9644 1.0000 -0.6467
 135 L  0.2367 -0.0733 -0.0100 0.6622 -0.2067 0.7933 -0.0589
 136 L  0.2367 -0.0733 -0.0100 0.6622 -0.2067 0.7933 -0.0589
 137 V  0.7522 -0.3167 -0.2578 0.3678 -0.2122 -0.0344 1.0000
 138 W  0.5322 1.0000 1.0000 1.0000 -0.2322 0.3100 0.5878
 139 Y  0.4033 0.4633 0.6011 0.2089 -0.3044 -0.1722 0.5289
 140 N  -0.2367 -0.3656 -0.2700 -0.7489 -0.0833 -0.4478 -0.5878
 141 G  -1.0000 -1.0000 -1.0000 -0.3800 -0.1989 -1.0000 -1.0000
 142 E  -0.2556 -0.2678 -0.0644 -0.7733 -0.9644 1.0000 -0.6467
 143 D  -0.2367 -0.4633 -0.3122 -0.8522 -1.0000 -0.1722 -0.7056
 144 N  -0.2367 -0.3656 -0.2700 -0.7489 -0.0833 -0.4478 -0.5878
 145 P  0.2744 -1.0000 -0.3267 0.0611 -0.0111 -1.0000 0.1178
 146 E  -0.2556 -0.2678 -0.0644 -0.7733 -0.9644 1.0000 -0.6467
 147 I  1.0000 -0.0733 -0.0100 0.7244 -0.2067 0.1722 0.7644
