 132 R  0.1167 0.4144 0.5178 -1.0000 1.0000 0.5867 -0.4122
 133 A  -0.3889 -0.7556 -0.7522 -0.1900 -0.1889 1.0000 -0.5289
 134 P  0.2744 -1.0000 -0.3267 0.0611 -0.0111 -1.0000 0.1178
 135 S  -0.3744 -0.7078 -0.6044 -0.4044 -0.2944 -0.5178 -0.2356
 136 T  0.4467 -0.4633 -0.3567 -0.2211 -0.3200 -0.4478 0.2356
 137 S  -0.3744 -0.7078 -0.6044 -0.4044 -0.2944 -0.5178 -0.2356
 138 D  -0.2367 -0.4633 -0.3122 -0.8522 -1.0000 -0.1722 -0.7056
 139 S  -0.3744 -0.7078 -0.6044 -0.4044 -0.2944 -0.5178 -0.2356
 140 V  0.7522 -0.3167 -0.2578 0.3678 -0.2122 -0.0344 1.0000
 141 R  0.1167 0.4144 0.5178 -1.0000 1.0000 0.5867 -0.4122
 142 L  0.2367 -0.0733 -0.0100 0.6622 -0.2067 0.7933 -0.0589
 143 K  -0.0978 0.0733 0.1811 -0.9878 0.8078 0.3100 -0.2944
 144 C  -0.1556 -0.3656 -0.3989 0.5644 -0.1267 -0.7244 0.5289
 145 R  0.1167 0.4144 0.5178 -1.0000 1.0000 0.5867 -0.4122
 146 E  -0.2556 -0.2678 -0.0644 -0.7733 -0.9644 1.0000 -0.6467
 147 M  0.1222 0.0733 0.0967 0.3744 -0.2911 0.7244 -0.0011
 148 L  0.2367 -0.0733 -0.0100 0.6622 -0.2067 0.7933 -0.0589
 149 A  -0.3889 -0.7556 -0.7522 -0.1900 -0.1889 1.0000 -0.5289
 150 A  -0.3889 -0.7556 -0.7522 -0.1900 -0.1889 1.0000 -0.5289
 151 A  -0.3889 -0.7556 -0.7522 -0.1900 -0.1889 1.0000 -0.5289
 152 L  0.2367 -0.0733 -0.0100 0.6622 -0.2067 0.7933 -0.0589
 153 R  0.1167 0.4144 0.5178 -1.0000 1.0000 0.5867 -0.4122
 154 T  0.4467 -0.4633 -0.3567 -0.2211 -0.3200 -0.4478 0.2356
 155 G  -1.0000 -1.0000 -1.0000 -0.3800 -0.1989 -1.0000 -1.0000
 156 D  -0.2367 -0.4633 -0.3122 -0.8522 -1.0000 -0.1722 -0.7056
 157 D  -0.2367 -0.4633 -0.3122 -0.8522 -1.0000 -0.1722 -0.7056
 158 Y  0.4033 0.4633 0.6011 0.2089 -0.3044 -0.1722 0.5289
 159 I  1.0000 -0.0733 -0.0100 0.7244 -0.2067 0.1722 0.7644
 160 A  -0.3889 -0.7556 -0.7522 -0.1900 -0.1889 1.0000 -0.5289
 161 I  1.0000 -0.0733 -0.0100 0.7244 -0.2067 0.1722 0.7644
 162 G  -1.0000 -1.0000 -1.0000 -0.3800 -0.1989 -1.0000 -1.0000
 163 A  -0.3889 -0.7556 -0.7522 -0.1900 -0.1889 1.0000 -0.5289
 164 D  -0.2367 -0.4633 -0.3122 -0.8522 -1.0000 -0.1722 -0.7056
 165 E  -0.2556 -0.2678 -0.0644 -0.7733 -0.9644 1.0000 -0.6467
 166 E  -0.2556 -0.2678 -0.0644 -0.7733 -0.9644 1.0000 -0.6467
 167 E  -0.2556 -0.2678 -0.0644 -0.7733 -0.9644 1.0000 -0.6467
 168 L  0.2367 -0.0733 -0.0100 0.6622 -0.2067 0.7933 -0.0589
 169 G  -1.0000 -1.0000 -1.0000 -0.3800 -0.1989 -1.0000 -1.0000
 170 S  -0.3744 -0.7078 -0.6044 -0.4044 -0.2944 -0.5178 -0.2356
 171 Q  -0.2556 -0.1222 -0.0222 -0.5156 -0.3067 0.5867 -0.4122
 172 I  1.0000 -0.0733 -0.0100 0.7244 -0.2067 0.1722 0.7644
 173 E  -0.2556 -0.2678 -0.0644 -0.7733 -0.9644 1.0000 -0.6467
 174 E  -0.2556 -0.2678 -0.0644 -0.7733 -0.9644 1.0000 -0.6467
 175 A  -0.3889 -0.7556 -0.7522 -0.1900 -0.1889 1.0000 -0.5289
 176 I  1.0000 -0.0733 -0.0100 0.7244 -0.2067 0.1722 0.7644
 177 Y  0.4033 0.4633 0.6011 0.2089 -0.3044 -0.1722 0.5289
 178 Q  -0.2556 -0.1222 -0.0222 -0.5156 -0.3067 0.5867 -0.4122
 179 E  -0.2556 -0.2678 -0.0644 -0.7733 -0.9644 1.0000 -0.6467
 180 I  1.0000 -0.0733 -0.0100 0.7244 -0.2067 0.1722 0.7644
 181 R  0.1167 0.4144 0.5178 -1.0000 1.0000 0.5867 -0.4122
 182 N  -0.2367 -0.3656 -0.2700 -0.7489 -0.0833 -0.4478 -0.5878
 183 T  0.4467 -0.4633 -0.3567 -0.2211 -0.3200 -0.4478 0.2356
 184 D  -0.2367 -0.4633 -0.3122 -0.8522 -1.0000 -0.1722 -0.7056
 185 M  0.1222 0.0733 0.0967 0.3744 -0.2911 0.7244 -0.0011
 186 K  -0.0978 0.0733 0.1811 -0.9878 0.8078 0.3100 -0.2944
 187 Y  0.4033 0.4633 0.6011 0.2089 -0.3044 -0.1722 0.5289
 188 K  -0.0978 0.0733 0.1811 -0.9878 0.8078 0.3100 -0.2944
 189 N  -0.2367 -0.3656 -0.2700 -0.7489 -0.0833 -0.4478 -0.5878
 190 R  0.1167 0.4144 0.5178 -1.0000 1.0000 0.5867 -0.4122
 191 V  0.7522 -0.3167 -0.2578 0.3678 -0.2122 -0.0344 1.0000
 192 R  0.1167 0.4144 0.5178 -1.0000 1.0000 0.5867 -0.4122
 193 S  -0.3744 -0.7078 -0.6044 -0.4044 -0.2944 -0.5178 -0.2356
 194 R  0.1167 0.4144 0.5178 -1.0000 1.0000 0.5867 -0.4122
 195 I  1.0000 -0.0733 -0.0100 0.7244 -0.2067 0.1722 0.7644
 196 S  -0.3744 -0.7078 -0.6044 -0.4044 -0.2944 -0.5178 -0.2356
 197 N  -0.2367 -0.3656 -0.2700 -0.7489 -0.0833 -0.4478 -0.5878
 198 L  0.2367 -0.0733 -0.0100 0.6622 -0.2067 0.7933 -0.0589
 199 K  -0.0978 0.0733 0.1811 -0.9878 0.8078 0.3100 -0.2944
 200 D  -0.2367 -0.4633 -0.3122 -0.8522 -1.0000 -0.1722 -0.7056
 201 A  -0.3889 -0.7556 -0.7522 -0.1900 -0.1889 1.0000 -0.5289
 202 K  -0.0978 0.0733 0.1811 -0.9878 0.8078 0.3100 -0.2944
 203 N  -0.2367 -0.3656 -0.2700 -0.7489 -0.0833 -0.4478 -0.5878
 204 P  0.2744 -1.0000 -0.3267 0.0611 -0.0111 -1.0000 0.1178
 205 N  -0.2367 -0.3656 -0.2700 -0.7489 -0.0833 -0.4478 -0.5878
 206 L  0.2367 -0.0733 -0.0100 0.6622 -0.2067 0.7933 -0.0589
 207 R  0.1167 0.4144 0.5178 -1.0000 1.0000 0.5867 -0.4122
 208 K  -0.0978 0.0733 0.1811 -0.9878 0.8078 0.3100 -0.2944
 209 N  -0.2367 -0.3656 -0.2700 -0.7489 -0.0833 -0.4478 -0.5878
 210 V  0.7522 -0.3167 -0.2578 0.3678 -0.2122 -0.0344 1.0000
 211 L  0.2367 -0.0733 -0.0100 0.6622 -0.2067 0.7933 -0.0589
 212 C  -0.1556 -0.3656 -0.3989 0.5644 -0.1267 -0.7244 0.5289
 213 G  -1.0000 -1.0000 -1.0000 -0.3800 -0.1989 -1.0000 -1.0000
 214 N  -0.2367 -0.3656 -0.2700 -0.7489 -0.0833 -0.4478 -0.5878
 215 I  1.0000 -0.0733 -0.0100 0.7244 -0.2067 0.1722 0.7644
 216 P  0.2744 -1.0000 -0.3267 0.0611 -0.0111 -1.0000 0.1178
 217 P  0.2744 -1.0000 -0.3267 0.0611 -0.0111 -1.0000 0.1178
 218 D  -0.2367 -0.4633 -0.3122 -0.8522 -1.0000 -0.1722 -0.7056
 219 L  0.2367 -0.0733 -0.0100 0.6622 -0.2067 0.7933 -0.0589
 220 F  0.4033 0.4144 0.4578 0.7178 -0.3022 0.1722 0.3533
 221 A  -0.3889 -0.7556 -0.7522 -0.1900 -0.1889 1.0000 -0.5289
 222 R  0.1167 0.4144 0.5178 -1.0000 1.0000 0.5867 -0.4122
 223 M  0.1222 0.0733 0.0967 0.3744 -0.2911 0.7244 -0.0011
 224 T  0.4467 -0.4633 -0.3567 -0.2211 -0.3200 -0.4478 0.2356
 225 A  -0.3889 -0.7556 -0.7522 -0.1900 -0.1889 1.0000 -0.5289
 226 E  -0.2556 -0.2678 -0.0644 -0.7733 -0.9644 1.0000 -0.6467
 227 E  -0.2556 -0.2678 -0.0644 -0.7733 -0.9644 1.0000 -0.6467
 228 M  0.1222 0.0733 0.0967 0.3744 -0.2911 0.7244 -0.0011
