 247 P  0.2744 -1.0000 -0.3267 0.0611 -0.0111 -1.0000 0.1178
 248 E  -0.2556 -0.2678 -0.0644 -0.7733 -0.9644 1.0000 -0.6467
 249 F  0.4033 0.4144 0.4578 0.7178 -0.3022 0.1722 0.3533
 250 D  -0.2367 -0.4633 -0.3122 -0.8522 -1.0000 -0.1722 -0.7056
 251 P  0.2744 -1.0000 -0.3267 0.0611 -0.0111 -1.0000 0.1178
 252 I  1.0000 -0.0733 -0.0100 0.7244 -0.2067 0.1722 0.7644
 253 L  0.2367 -0.0733 -0.0100 0.6622 -0.2067 0.7933 -0.0589
 254 L  0.2367 -0.0733 -0.0100 0.6622 -0.2067 0.7933 -0.0589
 255 R  0.1167 0.4144 0.5178 -1.0000 1.0000 0.5867 -0.4122
 256 P  0.2744 -1.0000 -0.3267 0.0611 -0.0111 -1.0000 0.1178
 257 V  0.7522 -0.3167 -0.2578 0.3678 -0.2122 -0.0344 1.0000
 258 D  -0.2367 -0.4633 -0.3122 -0.8522 -1.0000 -0.1722 -0.7056
 259 D  -0.2367 -0.4633 -0.3122 -0.8522 -1.0000 -0.1722 -0.7056
 260 L  0.2367 -0.0733 -0.0100 0.6622 -0.2067 0.7933 -0.0589
 261 E  -0.2556 -0.2678 -0.0644 -0.7733 -0.9644 1.0000 -0.6467
 262 L  0.2367 -0.0733 -0.0100 0.6622 -0.2067 0.7933 -0.0589
 263 T  0.4467 -0.4633 -0.3567 -0.2211 -0.3200 -0.4478 0.2356
 264 V  0.7522 -0.3167 -0.2578 0.3678 -0.2122 -0.0344 1.0000
 265 R  0.1167 0.4144 0.5178 -1.0000 1.0000 0.5867 -0.4122
 266 S  -0.3744 -0.7078 -0.6044 -0.4044 -0.2944 -0.5178 -0.2356
 267 A  -0.3889 -0.7556 -0.7522 -0.1900 -0.1889 1.0000 -0.5289
 268 N  -0.2367 -0.3656 -0.2700 -0.7489 -0.0833 -0.4478 -0.5878
 269 C  -0.1556 -0.3656 -0.3989 0.5644 -0.1267 -0.7244 0.5289
 270 L  0.2367 -0.0733 -0.0100 0.6622 -0.2067 0.7933 -0.0589
 ! !  -1.0000 -1.0000 -1.0000 -1.0000 -1.0000 -1.0000 -1.0000
 272 A  -0.3889 -0.7556 -0.7522 -0.1900 -0.1889 1.0000 -0.5289
 273 E  -0.2556 -0.2678 -0.0644 -0.7733 -0.9644 1.0000 -0.6467
 274 A  -0.3889 -0.7556 -0.7522 -0.1900 -0.1889 1.0000 -0.5289
 275 I  1.0000 -0.0733 -0.0100 0.7244 -0.2067 0.1722 0.7644
 276 H  0.4267 0.1222 0.1533 -0.3011 0.2167 -0.0344 -0.1178
 277 Y  0.4033 0.4633 0.6011 0.2089 -0.3044 -0.1722 0.5289
 278 I  1.0000 -0.0733 -0.0100 0.7244 -0.2067 0.1722 0.7644
 279 G  -1.0000 -1.0000 -1.0000 -0.3800 -0.1989 -1.0000 -1.0000
 280 D  -0.2367 -0.4633 -0.3122 -0.8522 -1.0000 -0.1722 -0.7056
 281 L  0.2367 -0.0733 -0.0100 0.6622 -0.2067 0.7933 -0.0589
 282 V  0.7522 -0.3167 -0.2578 0.3678 -0.2122 -0.0344 1.0000
 283 Q  -0.2556 -0.1222 -0.0222 -0.5156 -0.3067 0.5867 -0.4122
 284 R  0.1167 0.4144 0.5178 -1.0000 1.0000 0.5867 -0.4122
 285 T  0.4467 -0.4633 -0.3567 -0.2211 -0.3200 -0.4478 0.2356
 286 E  -0.2556 -0.2678 -0.0644 -0.7733 -0.9644 1.0000 -0.6467
 287 V  0.7522 -0.3167 -0.2578 0.3678 -0.2122 -0.0344 1.0000
 288 E  -0.2556 -0.2678 -0.0644 -0.7733 -0.9644 1.0000 -0.6467
 289 L  0.2367 -0.0733 -0.0100 0.6622 -0.2067 0.7933 -0.0589
 290 L  0.2367 -0.0733 -0.0100 0.6622 -0.2067 0.7933 -0.0589
 ! !  -1.0000 -1.0000 -1.0000 -1.0000 -1.0000 -1.0000 -1.0000
 292 T  0.4467 -0.4633 -0.3567 -0.2211 -0.3200 -0.4478 0.2356
 293 P  0.2744 -1.0000 -0.3267 0.0611 -0.0111 -1.0000 0.1178
 294 N  -0.2367 -0.3656 -0.2700 -0.7489 -0.0833 -0.4478 -0.5878
 295 L  0.2367 -0.0733 -0.0100 0.6622 -0.2067 0.7933 -0.0589
 296 G  -1.0000 -1.0000 -1.0000 -0.3800 -0.1989 -1.0000 -1.0000
 ! !  -1.0000 -1.0000 -1.0000 -1.0000 -1.0000 -1.0000 -1.0000
 299 S  -0.3744 -0.7078 -0.6044 -0.4044 -0.2944 -0.5178 -0.2356
 300 L  0.2367 -0.0733 -0.0100 0.6622 -0.2067 0.7933 -0.0589
 301 T  0.4467 -0.4633 -0.3567 -0.2211 -0.3200 -0.4478 0.2356
 302 E  -0.2556 -0.2678 -0.0644 -0.7733 -0.9644 1.0000 -0.6467
 303 I  1.0000 -0.0733 -0.0100 0.7244 -0.2067 0.1722 0.7644
 ! !  -1.0000 -1.0000 -1.0000 -1.0000 -1.0000 -1.0000 -1.0000
 305 D  -0.2367 -0.4633 -0.3122 -0.8522 -1.0000 -0.1722 -0.7056
 306 V  0.7522 -0.3167 -0.2578 0.3678 -0.2122 -0.0344 1.0000
 307 L  0.2367 -0.0733 -0.0100 0.6622 -0.2067 0.7933 -0.0589
 308 A  -0.3889 -0.7556 -0.7522 -0.1900 -0.1889 1.0000 -0.5289
 309 S  -0.3744 -0.7078 -0.6044 -0.4044 -0.2944 -0.5178 -0.2356
 310 R  0.1167 0.4144 0.5178 -1.0000 1.0000 0.5867 -0.4122
 311 G  -1.0000 -1.0000 -1.0000 -0.3800 -0.1989 -1.0000 -1.0000
 312 L  0.2367 -0.0733 -0.0100 0.6622 -0.2067 0.7933 -0.0589
 313 S  -0.3744 -0.7078 -0.6044 -0.4044 -0.2944 -0.5178 -0.2356
 314 L  0.2367 -0.0733 -0.0100 0.6622 -0.2067 0.7933 -0.0589
 315 G  -1.0000 -1.0000 -1.0000 -0.3800 -0.1989 -1.0000 -1.0000
 316 M  0.1222 0.0733 0.0967 0.3744 -0.2911 0.7244 -0.0011
 317 R  0.1167 0.4144 0.5178 -1.0000 1.0000 0.5867 -0.4122
 318 L  0.2367 -0.0733 -0.0100 0.6622 -0.2067 0.7933 -0.0589
 319 E  -0.2556 -0.2678 -0.0644 -0.7733 -0.9644 1.0000 -0.6467
 320 N  -0.2367 -0.3656 -0.2700 -0.7489 -0.0833 -0.4478 -0.5878
 321 W  0.5322 1.0000 1.0000 1.0000 -0.2322 0.3100 0.5878
 322 P  0.2744 -1.0000 -0.3267 0.0611 -0.0111 -1.0000 0.1178
 323 P  0.2744 -1.0000 -0.3267 0.0611 -0.0111 -1.0000 0.1178
 324 A  -0.3889 -0.7556 -0.7522 -0.1900 -0.1889 1.0000 -0.5289
 325 S  -0.3744 -0.7078 -0.6044 -0.4044 -0.2944 -0.5178 -0.2356
 326 I  1.0000 -0.0733 -0.0100 0.7244 -0.2067 0.1722 0.7644
 327 A  -0.3889 -0.7556 -0.7522 -0.1900 -0.1889 1.0000 -0.5289
 328 D  -0.2367 -0.4633 -0.3122 -0.8522 -1.0000 -0.1722 -0.7056
 329 E  -0.2556 -0.2678 -0.0644 -0.7733 -0.9644 1.0000 -0.6467
