 6 A  -0.3889 -0.7556 -0.7522 -0.1900 -0.1889 1.0000 -0.5289
 7 F  0.4033 0.4144 0.4578 0.7178 -0.3022 0.1722 0.3533
 8 D  -0.2367 -0.4633 -0.3122 -0.8522 -1.0000 -0.1722 -0.7056
 9 E  -0.2556 -0.2678 -0.0644 -0.7733 -0.9644 1.0000 -0.6467
 10 C  -0.1556 -0.3656 -0.3989 0.5644 -0.1267 -0.7244 0.5289
 11 A  -0.3889 -0.7556 -0.7522 -0.1900 -0.1889 1.0000 -0.5289
 12 C  -0.1556 -0.3656 -0.3989 0.5644 -0.1267 -0.7244 0.5289
 13 Y  0.4033 0.4633 0.6011 0.2089 -0.3044 -0.1722 0.5289
 14 T  0.4467 -0.4633 -0.3567 -0.2211 -0.3200 -0.4478 0.2356
 15 T  0.4467 -0.4633 -0.3567 -0.2211 -0.3200 -0.4478 0.2356
 16 R  0.1167 0.4144 0.5178 -1.0000 1.0000 0.5867 -0.4122
 17 R  0.1167 0.4144 0.5178 -1.0000 1.0000 0.5867 -0.4122
 18 A  -0.3889 -0.7556 -0.7522 -0.1900 -0.1889 1.0000 -0.5289
 19 A  -0.3889 -0.7556 -0.7522 -0.1900 -0.1889 1.0000 -0.5289
 20 R  0.1167 0.4144 0.5178 -1.0000 1.0000 0.5867 -0.4122
 21 Q  -0.2556 -0.1222 -0.0222 -0.5156 -0.3067 0.5867 -0.4122
 22 L  0.2367 -0.0733 -0.0100 0.6622 -0.2067 0.7933 -0.0589
 23 G  -1.0000 -1.0000 -1.0000 -0.3800 -0.1989 -1.0000 -1.0000
 24 Q  -0.2556 -0.1222 -0.0222 -0.5156 -0.3067 0.5867 -0.4122
 25 A  -0.3889 -0.7556 -0.7522 -0.1900 -0.1889 1.0000 -0.5289
 26 Y  0.4033 0.4633 0.6011 0.2089 -0.3044 -0.1722 0.5289
 27 D  -0.2367 -0.4633 -0.3122 -0.8522 -1.0000 -0.1722 -0.7056
 28 R  0.1167 0.4144 0.5178 -1.0000 1.0000 0.5867 -0.4122
 29 A  -0.3889 -0.7556 -0.7522 -0.1900 -0.1889 1.0000 -0.5289
 30 L  0.2367 -0.0733 -0.0100 0.6622 -0.2067 0.7933 -0.0589
 31 R  0.1167 0.4144 0.5178 -1.0000 1.0000 0.5867 -0.4122
 32 P  0.2744 -1.0000 -0.3267 0.0611 -0.0111 -1.0000 0.1178
 33 S  -0.3744 -0.7078 -0.6044 -0.4044 -0.2944 -0.5178 -0.2356
 34 G  -1.0000 -1.0000 -1.0000 -0.3800 -0.1989 -1.0000 -1.0000
 35 L  0.2367 -0.0733 -0.0100 0.6622 -0.2067 0.7933 -0.0589
 36 T  0.4467 -0.4633 -0.3567 -0.2211 -0.3200 -0.4478 0.2356
 37 N  -0.2367 -0.3656 -0.2700 -0.7489 -0.0833 -0.4478 -0.5878
 38 T  0.4467 -0.4633 -0.3567 -0.2211 -0.3200 -0.4478 0.2356
 39 Q  -0.2556 -0.1222 -0.0222 -0.5156 -0.3067 0.5867 -0.4122
 40 F  0.4033 0.4144 0.4578 0.7178 -0.3022 0.1722 0.3533
 41 S  -0.3744 -0.7078 -0.6044 -0.4044 -0.2944 -0.5178 -0.2356
 42 T  0.4467 -0.4633 -0.3567 -0.2211 -0.3200 -0.4478 0.2356
 43 L  0.2367 -0.0733 -0.0100 0.6622 -0.2067 0.7933 -0.0589
 44 A  -0.3889 -0.7556 -0.7522 -0.1900 -0.1889 1.0000 -0.5289
 45 V  0.7522 -0.3167 -0.2578 0.3678 -0.2122 -0.0344 1.0000
 46 I  1.0000 -0.0733 -0.0100 0.7244 -0.2067 0.1722 0.7644
 47 S  -0.3744 -0.7078 -0.6044 -0.4044 -0.2944 -0.5178 -0.2356
 48 L  0.2367 -0.0733 -0.0100 0.6622 -0.2067 0.7933 -0.0589
 ! !  -1.0000 -1.0000 -1.0000 -1.0000 -1.0000 -1.0000 -1.0000
 58 T  0.4467 -0.4633 -0.3567 -0.2211 -0.3200 -0.4478 0.2356
 59 M  0.1222 0.0733 0.0967 0.3744 -0.2911 0.7244 -0.0011
 60 S  -0.3744 -0.7078 -0.6044 -0.4044 -0.2944 -0.5178 -0.2356
 61 E  -0.2556 -0.2678 -0.0644 -0.7733 -0.9644 1.0000 -0.6467
 62 L  0.2367 -0.0733 -0.0100 0.6622 -0.2067 0.7933 -0.0589
 63 A  -0.3889 -0.7556 -0.7522 -0.1900 -0.1889 1.0000 -0.5289
 64 A  -0.3889 -0.7556 -0.7522 -0.1900 -0.1889 1.0000 -0.5289
 65 R  0.1167 0.4144 0.5178 -1.0000 1.0000 0.5867 -0.4122
 66 I  1.0000 -0.0733 -0.0100 0.7244 -0.2067 0.1722 0.7644
 67 G  -1.0000 -1.0000 -1.0000 -0.3800 -0.1989 -1.0000 -1.0000
 68 V  0.7522 -0.3167 -0.2578 0.3678 -0.2122 -0.0344 1.0000
 69 E  -0.2556 -0.2678 -0.0644 -0.7733 -0.9644 1.0000 -0.6467
 70 R  0.1167 0.4144 0.5178 -1.0000 1.0000 0.5867 -0.4122
 71 T  0.4467 -0.4633 -0.3567 -0.2211 -0.3200 -0.4478 0.2356
 72 T  0.4467 -0.4633 -0.3567 -0.2211 -0.3200 -0.4478 0.2356
 73 L  0.2367 -0.0733 -0.0100 0.6622 -0.2067 0.7933 -0.0589
 74 T  0.4467 -0.4633 -0.3567 -0.2211 -0.3200 -0.4478 0.2356
 75 R  0.1167 0.4144 0.5178 -1.0000 1.0000 0.5867 -0.4122
 76 N  -0.2367 -0.3656 -0.2700 -0.7489 -0.0833 -0.4478 -0.5878
 77 L  0.2367 -0.0733 -0.0100 0.6622 -0.2067 0.7933 -0.0589
 78 E  -0.2556 -0.2678 -0.0644 -0.7733 -0.9644 1.0000 -0.6467
 79 V  0.7522 -0.3167 -0.2578 0.3678 -0.2122 -0.0344 1.0000
 80 M  0.1222 0.0733 0.0967 0.3744 -0.2911 0.7244 -0.0011
 81 R  0.1167 0.4144 0.5178 -1.0000 1.0000 0.5867 -0.4122
 82 R  0.1167 0.4144 0.5178 -1.0000 1.0000 0.5867 -0.4122
 83 D  -0.2367 -0.4633 -0.3122 -0.8522 -1.0000 -0.1722 -0.7056
 84 G  -1.0000 -1.0000 -1.0000 -0.3800 -0.1989 -1.0000 -1.0000
 85 L  0.2367 -0.0733 -0.0100 0.6622 -0.2067 0.7933 -0.0589
 86 V  0.7522 -0.3167 -0.2578 0.3678 -0.2122 -0.0344 1.0000
 87 R  0.1167 0.4144 0.5178 -1.0000 1.0000 0.5867 -0.4122
 ! !  -1.0000 -1.0000 -1.0000 -1.0000 -1.0000 -1.0000 -1.0000
 99 I  1.0000 -0.0733 -0.0100 0.7244 -0.2067 0.1722 0.7644
 100 E  -0.2556 -0.2678 -0.0644 -0.7733 -0.9644 1.0000 -0.6467
 101 L  0.2367 -0.0733 -0.0100 0.6622 -0.2067 0.7933 -0.0589
 102 T  0.4467 -0.4633 -0.3567 -0.2211 -0.3200 -0.4478 0.2356
 103 A  -0.3889 -0.7556 -0.7522 -0.1900 -0.1889 1.0000 -0.5289
 104 K  -0.0978 0.0733 0.1811 -0.9878 0.8078 0.3100 -0.2944
 105 G  -1.0000 -1.0000 -1.0000 -0.3800 -0.1989 -1.0000 -1.0000
 106 R  0.1167 0.4144 0.5178 -1.0000 1.0000 0.5867 -0.4122
 107 A  -0.3889 -0.7556 -0.7522 -0.1900 -0.1889 1.0000 -0.5289
 108 A  -0.3889 -0.7556 -0.7522 -0.1900 -0.1889 1.0000 -0.5289
 109 L  0.2367 -0.0733 -0.0100 0.6622 -0.2067 0.7933 -0.0589
 110 Q  -0.2556 -0.1222 -0.0222 -0.5156 -0.3067 0.5867 -0.4122
 111 K  -0.0978 0.0733 0.1811 -0.9878 0.8078 0.3100 -0.2944
 112 A  -0.3889 -0.7556 -0.7522 -0.1900 -0.1889 1.0000 -0.5289
 113 V  0.7522 -0.3167 -0.2578 0.3678 -0.2122 -0.0344 1.0000
 114 P  0.2744 -1.0000 -0.3267 0.0611 -0.0111 -1.0000 0.1178
 115 L  0.2367 -0.0733 -0.0100 0.6622 -0.2067 0.7933 -0.0589
 116 W  0.5322 1.0000 1.0000 1.0000 -0.2322 0.3100 0.5878
 117 R  0.1167 0.4144 0.5178 -1.0000 1.0000 0.5867 -0.4122
 118 G  -1.0000 -1.0000 -1.0000 -0.3800 -0.1989 -1.0000 -1.0000
 119 V  0.7522 -0.3167 -0.2578 0.3678 -0.2122 -0.0344 1.0000
 120 Q  -0.2556 -0.1222 -0.0222 -0.5156 -0.3067 0.5867 -0.4122
 121 A  -0.3889 -0.7556 -0.7522 -0.1900 -0.1889 1.0000 -0.5289
 122 E  -0.2556 -0.2678 -0.0644 -0.7733 -0.9644 1.0000 -0.6467
 123 V  0.7522 -0.3167 -0.2578 0.3678 -0.2122 -0.0344 1.0000
 124 T  0.4467 -0.4633 -0.3567 -0.2211 -0.3200 -0.4478 0.2356
 125 A  -0.3889 -0.7556 -0.7522 -0.1900 -0.1889 1.0000 -0.5289
 126 S  -0.3744 -0.7078 -0.6044 -0.4044 -0.2944 -0.5178 -0.2356
 127 V  0.7522 -0.3167 -0.2578 0.3678 -0.2122 -0.0344 1.0000
 128 G  -1.0000 -1.0000 -1.0000 -0.3800 -0.1989 -1.0000 -1.0000
 129 D  -0.2367 -0.4633 -0.3122 -0.8522 -1.0000 -0.1722 -0.7056
 130 W  0.5322 1.0000 1.0000 1.0000 -0.2322 0.3100 0.5878
 131 P  0.2744 -1.0000 -0.3267 0.0611 -0.0111 -1.0000 0.1178
 132 R  0.1167 0.4144 0.5178 -1.0000 1.0000 0.5867 -0.4122
 133 V  0.7522 -0.3167 -0.2578 0.3678 -0.2122 -0.0344 1.0000
 134 R  0.1167 0.4144 0.5178 -1.0000 1.0000 0.5867 -0.4122
 135 R  0.1167 0.4144 0.5178 -1.0000 1.0000 0.5867 -0.4122
 136 D  -0.2367 -0.4633 -0.3122 -0.8522 -1.0000 -0.1722 -0.7056
 137 I  1.0000 -0.0733 -0.0100 0.7244 -0.2067 0.1722 0.7644
 138 A  -0.3889 -0.7556 -0.7522 -0.1900 -0.1889 1.0000 -0.5289
 139 N  -0.2367 -0.3656 -0.2700 -0.7489 -0.0833 -0.4478 -0.5878
 140 L  0.2367 -0.0733 -0.0100 0.6622 -0.2067 0.7933 -0.0589
 141 G  -1.0000 -1.0000 -1.0000 -0.3800 -0.1989 -1.0000 -1.0000
 142 Q  -0.2556 -0.1222 -0.0222 -0.5156 -0.3067 0.5867 -0.4122
 143 A  -0.3889 -0.7556 -0.7522 -0.1900 -0.1889 1.0000 -0.5289
 144 A  -0.3889 -0.7556 -0.7522 -0.1900 -0.1889 1.0000 -0.5289
 145 E  -0.2556 -0.2678 -0.0644 -0.7733 -0.9644 1.0000 -0.6467
 146 A  -0.3889 -0.7556 -0.7522 -0.1900 -0.1889 1.0000 -0.5289
 147 C  -0.1556 -0.3656 -0.3989 0.5644 -0.1267 -0.7244 0.5289
