 47 S  -0.3744 -0.7078 -0.6044 -0.4044 -0.2944 -0.5178 -0.2356
 48 R  0.1167 0.4144 0.5178 -1.0000 1.0000 0.5867 -0.4122
 49 M  0.1222 0.0733 0.0967 0.3744 -0.2911 0.7244 -0.0011
 50 P  0.2744 -1.0000 -0.3267 0.0611 -0.0111 -1.0000 0.1178
 51 S  -0.3744 -0.7078 -0.6044 -0.4044 -0.2944 -0.5178 -0.2356
 52 P  0.2744 -1.0000 -0.3267 0.0611 -0.0111 -1.0000 0.1178
 53 P  0.2744 -1.0000 -0.3267 0.0611 -0.0111 -1.0000 0.1178
 54 M  0.1222 0.0733 0.0967 0.3744 -0.2911 0.7244 -0.0011
 55 P  0.2744 -1.0000 -0.3267 0.0611 -0.0111 -1.0000 0.1178
 56 V  0.7522 -0.3167 -0.2578 0.3678 -0.2122 -0.0344 1.0000
 57 P  0.2744 -1.0000 -0.3267 0.0611 -0.0111 -1.0000 0.1178
 58 P  0.2744 -1.0000 -0.3267 0.0611 -0.0111 -1.0000 0.1178
 59 A  -0.3889 -0.7556 -0.7522 -0.1900 -0.1889 1.0000 -0.5289
 60 A  -0.3889 -0.7556 -0.7522 -0.1900 -0.1889 1.0000 -0.5289
 61 L  0.2367 -0.0733 -0.0100 0.6622 -0.2067 0.7933 -0.0589
 62 F  0.4033 0.4144 0.4578 0.7178 -0.3022 0.1722 0.3533
 63 N  -0.2367 -0.3656 -0.2700 -0.7489 -0.0833 -0.4478 -0.5878
 64 R  0.1167 0.4144 0.5178 -1.0000 1.0000 0.5867 -0.4122
 65 L  0.2367 -0.0733 -0.0100 0.6622 -0.2067 0.7933 -0.0589
 66 L  0.2367 -0.0733 -0.0100 0.6622 -0.2067 0.7933 -0.0589
 67 D  -0.2367 -0.4633 -0.3122 -0.8522 -1.0000 -0.1722 -0.7056
 68 D  -0.2367 -0.4633 -0.3122 -0.8522 -1.0000 -0.1722 -0.7056
 69 L  0.2367 -0.0733 -0.0100 0.6622 -0.2067 0.7933 -0.0589
 70 G  -1.0000 -1.0000 -1.0000 -0.3800 -0.1989 -1.0000 -1.0000
 71 F  0.4033 0.4144 0.4578 0.7178 -0.3022 0.1722 0.3533
 72 S  -0.3744 -0.7078 -0.6044 -0.4044 -0.2944 -0.5178 -0.2356
 73 A  -0.3889 -0.7556 -0.7522 -0.1900 -0.1889 1.0000 -0.5289
 74 G  -1.0000 -1.0000 -1.0000 -0.3800 -0.1989 -1.0000 -1.0000
 75 P  0.2744 -1.0000 -0.3267 0.0611 -0.0111 -1.0000 0.1178
 76 A  -0.3889 -0.7556 -0.7522 -0.1900 -0.1889 1.0000 -0.5289
 77 L  0.2367 -0.0733 -0.0100 0.6622 -0.2067 0.7933 -0.0589
 78 C  -0.1556 -0.3656 -0.3989 0.5644 -0.1267 -0.7244 0.5289
 79 T  0.4467 -0.4633 -0.3567 -0.2211 -0.3200 -0.4478 0.2356
 80 M  0.1222 0.0733 0.0967 0.3744 -0.2911 0.7244 -0.0011
 81 L  0.2367 -0.0733 -0.0100 0.6622 -0.2067 0.7933 -0.0589
 82 D  -0.2367 -0.4633 -0.3122 -0.8522 -1.0000 -0.1722 -0.7056
 83 T  0.4467 -0.4633 -0.3567 -0.2211 -0.3200 -0.4478 0.2356
 84 W  0.5322 1.0000 1.0000 1.0000 -0.2322 0.3100 0.5878
 85 N  -0.2367 -0.3656 -0.2700 -0.7489 -0.0833 -0.4478 -0.5878
 86 E  -0.2556 -0.2678 -0.0644 -0.7733 -0.9644 1.0000 -0.6467
 87 D  -0.2367 -0.4633 -0.3122 -0.8522 -1.0000 -0.1722 -0.7056
 88 L  0.2367 -0.0733 -0.0100 0.6622 -0.2067 0.7933 -0.0589
 89 F  0.4033 0.4144 0.4578 0.7178 -0.3022 0.1722 0.3533
 90 S  -0.3744 -0.7078 -0.6044 -0.4044 -0.2944 -0.5178 -0.2356
 91 A  -0.3889 -0.7556 -0.7522 -0.1900 -0.1889 1.0000 -0.5289
 92 L  0.2367 -0.0733 -0.0100 0.6622 -0.2067 0.7933 -0.0589
 93 P  0.2744 -1.0000 -0.3267 0.0611 -0.0111 -1.0000 0.1178
 94 T  0.4467 -0.4633 -0.3567 -0.2211 -0.3200 -0.4478 0.2356
 95 N  -0.2367 -0.3656 -0.2700 -0.7489 -0.0833 -0.4478 -0.5878
 96 A  -0.3889 -0.7556 -0.7522 -0.1900 -0.1889 1.0000 -0.5289
 97 D  -0.2367 -0.4633 -0.3122 -0.8522 -1.0000 -0.1722 -0.7056
 98 L  0.2367 -0.0733 -0.0100 0.6622 -0.2067 0.7933 -0.0589
 99 Y  0.4033 0.4633 0.6011 0.2089 -0.3044 -0.1722 0.5289
 100 R  0.1167 0.4144 0.5178 -1.0000 1.0000 0.5867 -0.4122
 101 E  -0.2556 -0.2678 -0.0644 -0.7733 -0.9644 1.0000 -0.6467
 102 C  -0.1556 -0.3656 -0.3989 0.5644 -0.1267 -0.7244 0.5289
 103 K  -0.0978 0.0733 0.1811 -0.9878 0.8078 0.3100 -0.2944
 104 F  0.4033 0.4144 0.4578 0.7178 -0.3022 0.1722 0.3533
 105 L  0.2367 -0.0733 -0.0100 0.6622 -0.2067 0.7933 -0.0589
 106 S  -0.3744 -0.7078 -0.6044 -0.4044 -0.2944 -0.5178 -0.2356
 107 T  0.4467 -0.4633 -0.3567 -0.2211 -0.3200 -0.4478 0.2356
 108 L  0.2367 -0.0733 -0.0100 0.6622 -0.2067 0.7933 -0.0589
 109 P  0.2744 -1.0000 -0.3267 0.0611 -0.0111 -1.0000 0.1178
 110 S  -0.3744 -0.7078 -0.6044 -0.4044 -0.2944 -0.5178 -0.2356
 111 D  -0.2367 -0.4633 -0.3122 -0.8522 -1.0000 -0.1722 -0.7056
 112 V  0.7522 -0.3167 -0.2578 0.3678 -0.2122 -0.0344 1.0000
 113 V  0.7522 -0.3167 -0.2578 0.3678 -0.2122 -0.0344 1.0000
 114 E  -0.2556 -0.2678 -0.0644 -0.7733 -0.9644 1.0000 -0.6467
 115 W  0.5322 1.0000 1.0000 1.0000 -0.2322 0.3100 0.5878
 116 G  -1.0000 -1.0000 -1.0000 -0.3800 -0.1989 -1.0000 -1.0000
 117 D  -0.2367 -0.4633 -0.3122 -0.8522 -1.0000 -0.1722 -0.7056
 118 A  -0.3889 -0.7556 -0.7522 -0.1900 -0.1889 1.0000 -0.5289
 119 Y  0.4033 0.4633 0.6011 0.2089 -0.3044 -0.1722 0.5289
 120 V  0.7522 -0.3167 -0.2578 0.3678 -0.2122 -0.0344 1.0000
 121 P  0.2744 -1.0000 -0.3267 0.0611 -0.0111 -1.0000 0.1178
 122 E  -0.2556 -0.2678 -0.0644 -0.7733 -0.9644 1.0000 -0.6467
 123 R  0.1167 0.4144 0.5178 -1.0000 1.0000 0.5867 -0.4122
 124 T  0.4467 -0.4633 -0.3567 -0.2211 -0.3200 -0.4478 0.2356
 125 Q  -0.2556 -0.1222 -0.0222 -0.5156 -0.3067 0.5867 -0.4122
 126 I  1.0000 -0.0733 -0.0100 0.7244 -0.2067 0.1722 0.7644
 127 D  -0.2367 -0.4633 -0.3122 -0.8522 -1.0000 -0.1722 -0.7056
 128 I  1.0000 -0.0733 -0.0100 0.7244 -0.2067 0.1722 0.7644
 129 R  0.1167 0.4144 0.5178 -1.0000 1.0000 0.5867 -0.4122
 130 A  -0.3889 -0.7556 -0.7522 -0.1900 -0.1889 1.0000 -0.5289
 131 H  0.4267 0.1222 0.1533 -0.3011 0.2167 -0.0344 -0.1178
 132 G  -1.0000 -1.0000 -1.0000 -0.3800 -0.1989 -1.0000 -1.0000
 133 D  -0.2367 -0.4633 -0.3122 -0.8522 -1.0000 -0.1722 -0.7056
 134 V  0.7522 -0.3167 -0.2578 0.3678 -0.2122 -0.0344 1.0000
 135 A  -0.3889 -0.7556 -0.7522 -0.1900 -0.1889 1.0000 -0.5289
 136 F  0.4033 0.4144 0.4578 0.7178 -0.3022 0.1722 0.3533
 137 P  0.2744 -1.0000 -0.3267 0.0611 -0.0111 -1.0000 0.1178
 138 T  0.4467 -0.4633 -0.3567 -0.2211 -0.3200 -0.4478 0.2356
 139 L  0.2367 -0.0733 -0.0100 0.6622 -0.2067 0.7933 -0.0589
 140 P  0.2744 -1.0000 -0.3267 0.0611 -0.0111 -1.0000 0.1178
 141 A  -0.3889 -0.7556 -0.7522 -0.1900 -0.1889 1.0000 -0.5289
 142 T  0.4467 -0.4633 -0.3567 -0.2211 -0.3200 -0.4478 0.2356
 143 R  0.1167 0.4144 0.5178 -1.0000 1.0000 0.5867 -0.4122
 144 D  -0.2367 -0.4633 -0.3122 -0.8522 -1.0000 -0.1722 -0.7056
 145 G  -1.0000 -1.0000 -1.0000 -0.3800 -0.1989 -1.0000 -1.0000
 146 L  0.2367 -0.0733 -0.0100 0.6622 -0.2067 0.7933 -0.0589
 147 G  -1.0000 -1.0000 -1.0000 -0.3800 -0.1989 -1.0000 -1.0000
 148 L  0.2367 -0.0733 -0.0100 0.6622 -0.2067 0.7933 -0.0589
 149 Y  0.4033 0.4633 0.6011 0.2089 -0.3044 -0.1722 0.5289
 150 Y  0.4033 0.4633 0.6011 0.2089 -0.3044 -0.1722 0.5289
 151 E  -0.2556 -0.2678 -0.0644 -0.7733 -0.9644 1.0000 -0.6467
 152 A  -0.3889 -0.7556 -0.7522 -0.1900 -0.1889 1.0000 -0.5289
 153 L  0.2367 -0.0733 -0.0100 0.6622 -0.2067 0.7933 -0.0589
 154 S  -0.3744 -0.7078 -0.6044 -0.4044 -0.2944 -0.5178 -0.2356
 155 R  0.1167 0.4144 0.5178 -1.0000 1.0000 0.5867 -0.4122
 156 F  0.4033 0.4144 0.4578 0.7178 -0.3022 0.1722 0.3533
 157 F  0.4033 0.4144 0.4578 0.7178 -0.3022 0.1722 0.3533
 158 H  0.4267 0.1222 0.1533 -0.3011 0.2167 -0.0344 -0.1178
 159 A  -0.3889 -0.7556 -0.7522 -0.1900 -0.1889 1.0000 -0.5289
 160 E  -0.2556 -0.2678 -0.0644 -0.7733 -0.9644 1.0000 -0.6467
 161 L  0.2367 -0.0733 -0.0100 0.6622 -0.2067 0.7933 -0.0589
 162 R  0.1167 0.4144 0.5178 -1.0000 1.0000 0.5867 -0.4122
 163 A  -0.3889 -0.7556 -0.7522 -0.1900 -0.1889 1.0000 -0.5289
 164 R  0.1167 0.4144 0.5178 -1.0000 1.0000 0.5867 -0.4122
 165 E  -0.2556 -0.2678 -0.0644 -0.7733 -0.9644 1.0000 -0.6467
 166 E  -0.2556 -0.2678 -0.0644 -0.7733 -0.9644 1.0000 -0.6467
 167 S  -0.3744 -0.7078 -0.6044 -0.4044 -0.2944 -0.5178 -0.2356
 168 Y  0.4033 0.4633 0.6011 0.2089 -0.3044 -0.1722 0.5289
 169 R  0.1167 0.4144 0.5178 -1.0000 1.0000 0.5867 -0.4122
 170 T  0.4467 -0.4633 -0.3567 -0.2211 -0.3200 -0.4478 0.2356
 171 V  0.7522 -0.3167 -0.2578 0.3678 -0.2122 -0.0344 1.0000
 172 L  0.2367 -0.0733 -0.0100 0.6622 -0.2067 0.7933 -0.0589
 173 A  -0.3889 -0.7556 -0.7522 -0.1900 -0.1889 1.0000 -0.5289
 174 N  -0.2367 -0.3656 -0.2700 -0.7489 -0.0833 -0.4478 -0.5878
 175 F  0.4033 0.4144 0.4578 0.7178 -0.3022 0.1722 0.3533
 176 C  -0.1556 -0.3656 -0.3989 0.5644 -0.1267 -0.7244 0.5289
 177 S  -0.3744 -0.7078 -0.6044 -0.4044 -0.2944 -0.5178 -0.2356
 178 A  -0.3889 -0.7556 -0.7522 -0.1900 -0.1889 1.0000 -0.5289
 179 L  0.2367 -0.0733 -0.0100 0.6622 -0.2067 0.7933 -0.0589
 180 Y  0.4033 0.4633 0.6011 0.2089 -0.3044 -0.1722 0.5289
 181 R  0.1167 0.4144 0.5178 -1.0000 1.0000 0.5867 -0.4122
 182 Y  0.4033 0.4633 0.6011 0.2089 -0.3044 -0.1722 0.5289
 183 L  0.2367 -0.0733 -0.0100 0.6622 -0.2067 0.7933 -0.0589
 184 R  0.1167 0.4144 0.5178 -1.0000 1.0000 0.5867 -0.4122
 185 A  -0.3889 -0.7556 -0.7522 -0.1900 -0.1889 1.0000 -0.5289
 186 S  -0.3744 -0.7078 -0.6044 -0.4044 -0.2944 -0.5178 -0.2356
 187 V  0.7522 -0.3167 -0.2578 0.3678 -0.2122 -0.0344 1.0000
 188 R  0.1167 0.4144 0.5178 -1.0000 1.0000 0.5867 -0.4122
 189 Q  -0.2556 -0.1222 -0.0222 -0.5156 -0.3067 0.5867 -0.4122
 190 L  0.2367 -0.0733 -0.0100 0.6622 -0.2067 0.7933 -0.0589
 191 H  0.4267 0.1222 0.1533 -0.3011 0.2167 -0.0344 -0.1178
 192 R  0.1167 0.4144 0.5178 -1.0000 1.0000 0.5867 -0.4122
 193 Q  -0.2556 -0.1222 -0.0222 -0.5156 -0.3067 0.5867 -0.4122
 194 A  -0.3889 -0.7556 -0.7522 -0.1900 -0.1889 1.0000 -0.5289
 195 H  0.4267 0.1222 0.1533 -0.3011 0.2167 -0.0344 -0.1178
 196 M  0.1222 0.0733 0.0967 0.3744 -0.2911 0.7244 -0.0011
 197 R  0.1167 0.4144 0.5178 -1.0000 1.0000 0.5867 -0.4122
 198 G  -1.0000 -1.0000 -1.0000 -0.3800 -0.1989 -1.0000 -1.0000
 199 R  0.1167 0.4144 0.5178 -1.0000 1.0000 0.5867 -0.4122
 200 D  -0.2367 -0.4633 -0.3122 -0.8522 -1.0000 -0.1722 -0.7056
 201 R  0.1167 0.4144 0.5178 -1.0000 1.0000 0.5867 -0.4122
 202 D  -0.2367 -0.4633 -0.3122 -0.8522 -1.0000 -0.1722 -0.7056
 203 L  0.2367 -0.0733 -0.0100 0.6622 -0.2067 0.7933 -0.0589
 204 G  -1.0000 -1.0000 -1.0000 -0.3800 -0.1989 -1.0000 -1.0000
 205 E  -0.2556 -0.2678 -0.0644 -0.7733 -0.9644 1.0000 -0.6467
 206 M  0.1222 0.0733 0.0967 0.3744 -0.2911 0.7244 -0.0011
 207 L  0.2367 -0.0733 -0.0100 0.6622 -0.2067 0.7933 -0.0589
 208 R  0.1167 0.4144 0.5178 -1.0000 1.0000 0.5867 -0.4122
 209 A  -0.3889 -0.7556 -0.7522 -0.1900 -0.1889 1.0000 -0.5289
 210 T  0.4467 -0.4633 -0.3567 -0.2211 -0.3200 -0.4478 0.2356
 211 I  1.0000 -0.0733 -0.0100 0.7244 -0.2067 0.1722 0.7644
 212 A  -0.3889 -0.7556 -0.7522 -0.1900 -0.1889 1.0000 -0.5289
 213 D  -0.2367 -0.4633 -0.3122 -0.8522 -1.0000 -0.1722 -0.7056
 214 R  0.1167 0.4144 0.5178 -1.0000 1.0000 0.5867 -0.4122
 215 Y  0.4033 0.4633 0.6011 0.2089 -0.3044 -0.1722 0.5289
 216 Y  0.4033 0.4633 0.6011 0.2089 -0.3044 -0.1722 0.5289
 217 R  0.1167 0.4144 0.5178 -1.0000 1.0000 0.5867 -0.4122
 218 E  -0.2556 -0.2678 -0.0644 -0.7733 -0.9644 1.0000 -0.6467
 219 T  0.4467 -0.4633 -0.3567 -0.2211 -0.3200 -0.4478 0.2356
 220 A  -0.3889 -0.7556 -0.7522 -0.1900 -0.1889 1.0000 -0.5289
 221 R  0.1167 0.4144 0.5178 -1.0000 1.0000 0.5867 -0.4122
 222 L  0.2367 -0.0733 -0.0100 0.6622 -0.2067 0.7933 -0.0589
 223 A  -0.3889 -0.7556 -0.7522 -0.1900 -0.1889 1.0000 -0.5289
 224 R  0.1167 0.4144 0.5178 -1.0000 1.0000 0.5867 -0.4122
 225 V  0.7522 -0.3167 -0.2578 0.3678 -0.2122 -0.0344 1.0000
 226 L  0.2367 -0.0733 -0.0100 0.6622 -0.2067 0.7933 -0.0589
 227 F  0.4033 0.4144 0.4578 0.7178 -0.3022 0.1722 0.3533
 228 L  0.2367 -0.0733 -0.0100 0.6622 -0.2067 0.7933 -0.0589
 229 H  0.4267 0.1222 0.1533 -0.3011 0.2167 -0.0344 -0.1178
 230 L  0.2367 -0.0733 -0.0100 0.6622 -0.2067 0.7933 -0.0589
 231 Y  0.4033 0.4633 0.6011 0.2089 -0.3044 -0.1722 0.5289
 232 L  0.2367 -0.0733 -0.0100 0.6622 -0.2067 0.7933 -0.0589
 233 F  0.4033 0.4144 0.4578 0.7178 -0.3022 0.1722 0.3533
 234 L  0.2367 -0.0733 -0.0100 0.6622 -0.2067 0.7933 -0.0589
 235 T  0.4467 -0.4633 -0.3567 -0.2211 -0.3200 -0.4478 0.2356
 236 R  0.1167 0.4144 0.5178 -1.0000 1.0000 0.5867 -0.4122
 237 E  -0.2556 -0.2678 -0.0644 -0.7733 -0.9644 1.0000 -0.6467
 238 I  1.0000 -0.0733 -0.0100 0.7244 -0.2067 0.1722 0.7644
 239 L  0.2367 -0.0733 -0.0100 0.6622 -0.2067 0.7933 -0.0589
 240 W  0.5322 1.0000 1.0000 1.0000 -0.2322 0.3100 0.5878
 241 A  -0.3889 -0.7556 -0.7522 -0.1900 -0.1889 1.0000 -0.5289
 242 A  -0.3889 -0.7556 -0.7522 -0.1900 -0.1889 1.0000 -0.5289
 243 Y  0.4033 0.4633 0.6011 0.2089 -0.3044 -0.1722 0.5289
 244 A  -0.3889 -0.7556 -0.7522 -0.1900 -0.1889 1.0000 -0.5289
 245 E  -0.2556 -0.2678 -0.0644 -0.7733 -0.9644 1.0000 -0.6467
 246 Q  -0.2556 -0.1222 -0.0222 -0.5156 -0.3067 0.5867 -0.4122
 247 M  0.1222 0.0733 0.0967 0.3744 -0.2911 0.7244 -0.0011
 248 M  0.1222 0.0733 0.0967 0.3744 -0.2911 0.7244 -0.0011
 249 R  0.1167 0.4144 0.5178 -1.0000 1.0000 0.5867 -0.4122
 250 P  0.2744 -1.0000 -0.3267 0.0611 -0.0111 -1.0000 0.1178
 251 D  -0.2367 -0.4633 -0.3122 -0.8522 -1.0000 -0.1722 -0.7056
 252 L  0.2367 -0.0733 -0.0100 0.6622 -0.2067 0.7933 -0.0589
 253 F  0.4033 0.4144 0.4578 0.7178 -0.3022 0.1722 0.3533
 254 D  -0.2367 -0.4633 -0.3122 -0.8522 -1.0000 -0.1722 -0.7056
 255 C  -0.1556 -0.3656 -0.3989 0.5644 -0.1267 -0.7244 0.5289
 256 L  0.2367 -0.0733 -0.0100 0.6622 -0.2067 0.7933 -0.0589
 257 C  -0.1556 -0.3656 -0.3989 0.5644 -0.1267 -0.7244 0.5289
 258 C  -0.1556 -0.3656 -0.3989 0.5644 -0.1267 -0.7244 0.5289
 259 D  -0.2367 -0.4633 -0.3122 -0.8522 -1.0000 -0.1722 -0.7056
 260 L  0.2367 -0.0733 -0.0100 0.6622 -0.2067 0.7933 -0.0589
 261 E  -0.2556 -0.2678 -0.0644 -0.7733 -0.9644 1.0000 -0.6467
 262 S  -0.3744 -0.7078 -0.6044 -0.4044 -0.2944 -0.5178 -0.2356
 263 W  0.5322 1.0000 1.0000 1.0000 -0.2322 0.3100 0.5878
 264 R  0.1167 0.4144 0.5178 -1.0000 1.0000 0.5867 -0.4122
 265 Q  -0.2556 -0.1222 -0.0222 -0.5156 -0.3067 0.5867 -0.4122
 266 L  0.2367 -0.0733 -0.0100 0.6622 -0.2067 0.7933 -0.0589
 267 A  -0.3889 -0.7556 -0.7522 -0.1900 -0.1889 1.0000 -0.5289
 268 G  -1.0000 -1.0000 -1.0000 -0.3800 -0.1989 -1.0000 -1.0000
 269 L  0.2367 -0.0733 -0.0100 0.6622 -0.2067 0.7933 -0.0589
 270 F  0.4033 0.4144 0.4578 0.7178 -0.3022 0.1722 0.3533
 271 Q  -0.2556 -0.1222 -0.0222 -0.5156 -0.3067 0.5867 -0.4122
 272 P  0.2744 -1.0000 -0.3267 0.0611 -0.0111 -1.0000 0.1178
 273 F  0.4033 0.4144 0.4578 0.7178 -0.3022 0.1722 0.3533
 274 M  0.1222 0.0733 0.0967 0.3744 -0.2911 0.7244 -0.0011
 275 F  0.4033 0.4144 0.4578 0.7178 -0.3022 0.1722 0.3533
 276 V  0.7522 -0.3167 -0.2578 0.3678 -0.2122 -0.0344 1.0000
 277 N  -0.2367 -0.3656 -0.2700 -0.7489 -0.0833 -0.4478 -0.5878
 278 G  -1.0000 -1.0000 -1.0000 -0.3800 -0.1989 -1.0000 -1.0000
 279 A  -0.3889 -0.7556 -0.7522 -0.1900 -0.1889 1.0000 -0.5289
 280 L  0.2367 -0.0733 -0.0100 0.6622 -0.2067 0.7933 -0.0589
 281 T  0.4467 -0.4633 -0.3567 -0.2211 -0.3200 -0.4478 0.2356
 282 V  0.7522 -0.3167 -0.2578 0.3678 -0.2122 -0.0344 1.0000
 283 R  0.1167 0.4144 0.5178 -1.0000 1.0000 0.5867 -0.4122
 284 G  -1.0000 -1.0000 -1.0000 -0.3800 -0.1989 -1.0000 -1.0000
 285 V  0.7522 -0.3167 -0.2578 0.3678 -0.2122 -0.0344 1.0000
 286 P  0.2744 -1.0000 -0.3267 0.0611 -0.0111 -1.0000 0.1178
 287 I  1.0000 -0.0733 -0.0100 0.7244 -0.2067 0.1722 0.7644
 288 E  -0.2556 -0.2678 -0.0644 -0.7733 -0.9644 1.0000 -0.6467
 289 A  -0.3889 -0.7556 -0.7522 -0.1900 -0.1889 1.0000 -0.5289
 290 R  0.1167 0.4144 0.5178 -1.0000 1.0000 0.5867 -0.4122
 291 R  0.1167 0.4144 0.5178 -1.0000 1.0000 0.5867 -0.4122
 292 L  0.2367 -0.0733 -0.0100 0.6622 -0.2067 0.7933 -0.0589
 293 R  0.1167 0.4144 0.5178 -1.0000 1.0000 0.5867 -0.4122
 294 E  -0.2556 -0.2678 -0.0644 -0.7733 -0.9644 1.0000 -0.6467
 295 L  0.2367 -0.0733 -0.0100 0.6622 -0.2067 0.7933 -0.0589
 296 N  -0.2367 -0.3656 -0.2700 -0.7489 -0.0833 -0.4478 -0.5878
 297 H  0.4267 0.1222 0.1533 -0.3011 0.2167 -0.0344 -0.1178
 298 I  1.0000 -0.0733 -0.0100 0.7244 -0.2067 0.1722 0.7644
 299 R  0.1167 0.4144 0.5178 -1.0000 1.0000 0.5867 -0.4122
 300 E  -0.2556 -0.2678 -0.0644 -0.7733 -0.9644 1.0000 -0.6467
 301 H  0.4267 0.1222 0.1533 -0.3011 0.2167 -0.0344 -0.1178
 302 L  0.2367 -0.0733 -0.0100 0.6622 -0.2067 0.7933 -0.0589
 303 N  -0.2367 -0.3656 -0.2700 -0.7489 -0.0833 -0.4478 -0.5878
 304 L  0.2367 -0.0733 -0.0100 0.6622 -0.2067 0.7933 -0.0589
 305 P  0.2744 -1.0000 -0.3267 0.0611 -0.0111 -1.0000 0.1178
 306 L  0.2367 -0.0733 -0.0100 0.6622 -0.2067 0.7933 -0.0589
 307 V  0.7522 -0.3167 -0.2578 0.3678 -0.2122 -0.0344 1.0000
 308 R  0.1167 0.4144 0.5178 -1.0000 1.0000 0.5867 -0.4122
 309 S  -0.3744 -0.7078 -0.6044 -0.4044 -0.2944 -0.5178 -0.2356
 310 A  -0.3889 -0.7556 -0.7522 -0.1900 -0.1889 1.0000 -0.5289
 311 A  -0.3889 -0.7556 -0.7522 -0.1900 -0.1889 1.0000 -0.5289
 312 T  0.4467 -0.4633 -0.3567 -0.2211 -0.3200 -0.4478 0.2356
 313 E  -0.2556 -0.2678 -0.0644 -0.7733 -0.9644 1.0000 -0.6467
 314 E  -0.2556 -0.2678 -0.0644 -0.7733 -0.9644 1.0000 -0.6467
 315 P  0.2744 -1.0000 -0.3267 0.0611 -0.0111 -1.0000 0.1178
 316 G  -1.0000 -1.0000 -1.0000 -0.3800 -0.1989 -1.0000 -1.0000
 317 A  -0.3889 -0.7556 -0.7522 -0.1900 -0.1889 1.0000 -0.5289
 318 P  0.2744 -1.0000 -0.3267 0.0611 -0.0111 -1.0000 0.1178
 319 L  0.2367 -0.0733 -0.0100 0.6622 -0.2067 0.7933 -0.0589
 320 T  0.4467 -0.4633 -0.3567 -0.2211 -0.3200 -0.4478 0.2356
 321 T  0.4467 -0.4633 -0.3567 -0.2211 -0.3200 -0.4478 0.2356
 322 P  0.2744 -1.0000 -0.3267 0.0611 -0.0111 -1.0000 0.1178
 323 P  0.2744 -1.0000 -0.3267 0.0611 -0.0111 -1.0000 0.1178
 324 T  0.4467 -0.4633 -0.3567 -0.2211 -0.3200 -0.4478 0.2356
 325 L  0.2367 -0.0733 -0.0100 0.6622 -0.2067 0.7933 -0.0589
 326 H  0.4267 0.1222 0.1533 -0.3011 0.2167 -0.0344 -0.1178
 327 G  -1.0000 -1.0000 -1.0000 -0.3800 -0.1989 -1.0000 -1.0000
 328 N  -0.2367 -0.3656 -0.2700 -0.7489 -0.0833 -0.4478 -0.5878
 329 Q  -0.2556 -0.1222 -0.0222 -0.5156 -0.3067 0.5867 -0.4122
 330 A  -0.3889 -0.7556 -0.7522 -0.1900 -0.1889 1.0000 -0.5289
 331 R  0.1167 0.4144 0.5178 -1.0000 1.0000 0.5867 -0.4122
 332 A  -0.3889 -0.7556 -0.7522 -0.1900 -0.1889 1.0000 -0.5289
 333 S  -0.3744 -0.7078 -0.6044 -0.4044 -0.2944 -0.5178 -0.2356
 334 G  -1.0000 -1.0000 -1.0000 -0.3800 -0.1989 -1.0000 -1.0000
 335 Y  0.4033 0.4633 0.6011 0.2089 -0.3044 -0.1722 0.5289
 336 F  0.4033 0.4144 0.4578 0.7178 -0.3022 0.1722 0.3533
 337 M  0.1222 0.0733 0.0967 0.3744 -0.2911 0.7244 -0.0011
 338 V  0.7522 -0.3167 -0.2578 0.3678 -0.2122 -0.0344 1.0000
 339 L  0.2367 -0.0733 -0.0100 0.6622 -0.2067 0.7933 -0.0589
 340 I  1.0000 -0.0733 -0.0100 0.7244 -0.2067 0.1722 0.7644
 341 R  0.1167 0.4144 0.5178 -1.0000 1.0000 0.5867 -0.4122
 342 A  -0.3889 -0.7556 -0.7522 -0.1900 -0.1889 1.0000 -0.5289
 343 K  -0.0978 0.0733 0.1811 -0.9878 0.8078 0.3100 -0.2944
 344 L  0.2367 -0.0733 -0.0100 0.6622 -0.2067 0.7933 -0.0589
 345 D  -0.2367 -0.4633 -0.3122 -0.8522 -1.0000 -0.1722 -0.7056
 346 S  -0.3744 -0.7078 -0.6044 -0.4044 -0.2944 -0.5178 -0.2356
 347 Y  0.4033 0.4633 0.6011 0.2089 -0.3044 -0.1722 0.5289
 348 S  -0.3744 -0.7078 -0.6044 -0.4044 -0.2944 -0.5178 -0.2356
 349 S  -0.3744 -0.7078 -0.6044 -0.4044 -0.2944 -0.5178 -0.2356
 ! !  -1.0000 -1.0000 -1.0000 -1.0000 -1.0000 -1.0000 -1.0000
 395 A  -0.3889 -0.7556 -0.7522 -0.1900 -0.1889 1.0000 -0.5289
 396 A  -0.3889 -0.7556 -0.7522 -0.1900 -0.1889 1.0000 -0.5289
 397 P  0.2744 -1.0000 -0.3267 0.0611 -0.0111 -1.0000 0.1178
 398 R  0.1167 0.4144 0.5178 -1.0000 1.0000 0.5867 -0.4122
 399 L  0.2367 -0.0733 -0.0100 0.6622 -0.2067 0.7933 -0.0589
 400 S  -0.3744 -0.7078 -0.6044 -0.4044 -0.2944 -0.5178 -0.2356
 401 F  0.4033 0.4144 0.4578 0.7178 -0.3022 0.1722 0.3533
 402 L  0.2367 -0.0733 -0.0100 0.6622 -0.2067 0.7933 -0.0589
