 18 K   -0.0909  0.1818  0.0000 -0.0909 -0.3636  0.0909  0.0909 -0.1818 -0.0909 -0.2727 -0.2727  0.4545 -0.1818 -0.3636 -0.0909 -0.0909 -0.0909 -0.3636 -0.2727 -0.2727 -0.0909 -0.2727  0.0909 -0.0909 -0.5455
 19 E   -0.0909 -0.0909 -0.0909  0.0909 -0.4545  0.1818  0.5455 -0.2727  0.0000 -0.3636 -0.3636  0.0909 -0.1818 -0.3636 -0.1818  0.0000 -0.0909 -0.3636 -0.2727 -0.2727  0.0909 -0.3636  0.4545 -0.0909 -0.5455
 20 L   -0.1818 -0.2727 -0.3636 -0.4545 -0.1818 -0.2727 -0.3636 -0.3636 -0.2727  0.0909  0.3636 -0.2727  0.1818  0.0000 -0.2727 -0.2727 -0.1818 -0.1818 -0.1818  0.0909 -0.3636  0.2727 -0.2727 -0.0909 -0.5455
 21 Y   -0.1818 -0.2727 -0.2727 -0.3636 -0.2727 -0.1818 -0.2727 -0.3636  0.1818 -0.1818 -0.1818 -0.2727 -0.1818  0.2727 -0.3636 -0.1818 -0.1818  0.1818  0.6364 -0.1818 -0.2727 -0.1818 -0.2727 -0.0909 -0.5455
 22 E   -0.0909 -0.0909 -0.0909  0.0909 -0.4545  0.1818  0.5455 -0.2727  0.0000 -0.3636 -0.3636  0.0909 -0.1818 -0.3636 -0.1818  0.0000 -0.0909 -0.3636 -0.2727 -0.2727  0.0909 -0.3636  0.4545 -0.0909 -0.5455
 23 K   -0.0909  0.1818  0.0000 -0.0909 -0.3636  0.0909  0.0909 -0.1818 -0.0909 -0.2727 -0.2727  0.4545 -0.1818 -0.3636 -0.0909 -0.0909 -0.0909 -0.3636 -0.2727 -0.2727 -0.0909 -0.2727  0.0909 -0.0909 -0.5455
 24 Y   -0.1818 -0.2727 -0.2727 -0.3636 -0.2727 -0.1818 -0.2727 -0.3636  0.1818 -0.1818 -0.1818 -0.2727 -0.1818  0.2727 -0.3636 -0.1818 -0.1818  0.1818  0.6364 -0.1818 -0.2727 -0.1818 -0.2727 -0.0909 -0.5455
 25 M   -0.0909 -0.1818 -0.2727 -0.3636 -0.1818  0.0000 -0.1818 -0.3636 -0.1818  0.0909  0.1818 -0.1818  0.5455  0.0000 -0.2727 -0.1818 -0.0909 -0.1818 -0.1818  0.0909 -0.2727  0.1818 -0.0909 -0.0909 -0.5455
 26 I   -0.1818 -0.2727 -0.3636 -0.3636 -0.1818 -0.2727 -0.3636 -0.4545 -0.3636  0.4545  0.0909 -0.2727  0.0909 -0.0909 -0.3636 -0.2727 -0.0909 -0.2727 -0.1818  0.2727 -0.3636  0.2727 -0.3636 -0.0909 -0.5455
 27 A    0.4545 -0.1818 -0.1818 -0.1818 -0.0909 -0.0909 -0.0909  0.0000 -0.1818 -0.1818 -0.1818 -0.0909 -0.0909 -0.2727 -0.0909  0.0909  0.0000 -0.2727 -0.1818  0.0000 -0.1818 -0.1818 -0.0909 -0.0909 -0.5455
 28 E   -0.0909 -0.0909 -0.0909  0.0909 -0.4545  0.1818  0.5455 -0.2727  0.0000 -0.3636 -0.3636  0.0909 -0.1818 -0.3636 -0.1818  0.0000 -0.0909 -0.3636 -0.2727 -0.2727  0.0909 -0.3636  0.4545 -0.0909 -0.5455
 29 D   -0.1818 -0.1818  0.0909  0.5455 -0.3636 -0.0909  0.0909 -0.1818 -0.1818 -0.3636 -0.4545 -0.0909 -0.3636 -0.3636 -0.1818 -0.0909 -0.0909 -0.5455 -0.3636 -0.3636  0.4545 -0.4545  0.0909 -0.0909 -0.5455
 30 L   -0.1818 -0.2727 -0.3636 -0.4545 -0.1818 -0.2727 -0.3636 -0.3636 -0.2727  0.0909  0.3636 -0.2727  0.1818  0.0000 -0.2727 -0.2727 -0.1818 -0.1818 -0.1818  0.0909 -0.3636  0.2727 -0.2727 -0.0909 -0.5455
 31 G    0.0000 -0.2727 -0.0909 -0.1818 -0.3636 -0.1818 -0.2727  0.5455 -0.2727 -0.4545 -0.3636 -0.1818 -0.3636 -0.3636 -0.2727 -0.0909 -0.1818 -0.3636 -0.3636 -0.3636 -0.0909 -0.4545 -0.2727 -0.0909 -0.5455
 32 R   -0.1818  0.5455 -0.0909 -0.1818 -0.3636  0.0909 -0.0909 -0.2727  0.0000 -0.2727 -0.2727  0.1818 -0.1818 -0.3636 -0.1818 -0.0909 -0.0909 -0.3636 -0.2727 -0.2727 -0.0909 -0.2727  0.0000 -0.0909 -0.5455
 33 G    0.0000 -0.2727 -0.0909 -0.1818 -0.3636 -0.1818 -0.2727  0.5455 -0.2727 -0.4545 -0.3636 -0.1818 -0.3636 -0.3636 -0.2727 -0.0909 -0.1818 -0.3636 -0.3636 -0.3636 -0.0909 -0.4545 -0.2727 -0.0909 -0.5455
 34 E   -0.0909 -0.0909 -0.0909  0.0909 -0.4545  0.1818  0.5455 -0.2727  0.0000 -0.3636 -0.3636  0.0909 -0.1818 -0.3636 -0.1818  0.0000 -0.0909 -0.3636 -0.2727 -0.2727  0.0909 -0.3636  0.4545 -0.0909 -0.5455
 35 F   -0.2727 -0.3636 -0.3636 -0.3636 -0.2727 -0.3636 -0.3636 -0.3636 -0.1818 -0.0909  0.0000 -0.3636  0.0000  0.5455 -0.3636 -0.2727 -0.1818  0.0000  0.2727 -0.0909 -0.3636  0.0000 -0.3636 -0.0909 -0.5455
 36 G    0.0000 -0.2727 -0.0909 -0.1818 -0.3636 -0.1818 -0.2727  0.5455 -0.2727 -0.4545 -0.3636 -0.1818 -0.3636 -0.3636 -0.2727 -0.0909 -0.1818 -0.3636 -0.3636 -0.3636 -0.0909 -0.4545 -0.2727 -0.0909 -0.5455
 37 I   -0.1818 -0.2727 -0.3636 -0.3636 -0.1818 -0.2727 -0.3636 -0.4545 -0.3636  0.4545  0.0909 -0.2727  0.0909 -0.0909 -0.3636 -0.2727 -0.0909 -0.2727 -0.1818  0.2727 -0.3636  0.2727 -0.3636 -0.0909 -0.5455
 38 V    0.0000 -0.2727 -0.3636 -0.3636 -0.0909 -0.2727 -0.2727 -0.3636 -0.3636  0.2727  0.0909 -0.2727  0.0909 -0.0909 -0.2727 -0.1818  0.0000 -0.2727 -0.1818  0.3636 -0.3636  0.1818 -0.2727 -0.0909 -0.5455
 39 H   -0.1818  0.0000  0.0000 -0.1818 -0.3636  0.0909  0.0000 -0.2727  0.7273 -0.3636 -0.2727 -0.0909 -0.1818 -0.1818 -0.2727 -0.0909 -0.1818 -0.2727  0.1818 -0.3636 -0.0909 -0.3636  0.0000 -0.0909 -0.5455
 40 R   -0.1818  0.5455 -0.0909 -0.1818 -0.3636  0.0909 -0.0909 -0.2727  0.0000 -0.2727 -0.2727  0.1818 -0.1818 -0.3636 -0.1818 -0.0909 -0.0909 -0.3636 -0.2727 -0.2727 -0.0909 -0.2727  0.0000 -0.0909 -0.5455
 41 C   -0.0909 -0.3636 -0.2727 -0.3636  0.8182 -0.3636 -0.4545 -0.3636 -0.3636 -0.1818 -0.1818 -0.3636 -0.1818 -0.2727 -0.3636 -0.1818 -0.0909 -0.2727 -0.2727 -0.0909 -0.3636 -0.1818 -0.3636 -0.0909 -0.5455
 42 V    0.0000 -0.2727 -0.3636 -0.3636 -0.0909 -0.2727 -0.2727 -0.3636 -0.3636  0.2727  0.0909 -0.2727  0.0909 -0.0909 -0.2727 -0.1818  0.0000 -0.2727 -0.1818  0.3636 -0.3636  0.1818 -0.2727 -0.0909 -0.5455
 43 E   -0.0909 -0.0909 -0.0909  0.0909 -0.4545  0.1818  0.5455 -0.2727  0.0000 -0.3636 -0.3636  0.0909 -0.1818 -0.3636 -0.1818  0.0000 -0.0909 -0.3636 -0.2727 -0.2727  0.0909 -0.3636  0.4545 -0.0909 -0.5455
 44 T    0.0000 -0.0909  0.0000 -0.0909 -0.0909 -0.0909 -0.0909 -0.1818 -0.1818 -0.0909 -0.1818 -0.0909 -0.0909 -0.1818 -0.1818  0.0909  0.4545 -0.3636 -0.1818  0.0000 -0.0909 -0.0909 -0.0909 -0.0909 -0.5455
 45 S    0.0909 -0.0909  0.0000 -0.0909 -0.1818  0.0000  0.0000 -0.0909 -0.0909 -0.2727 -0.2727 -0.0909 -0.1818 -0.2727 -0.0909  0.4545  0.0909 -0.3636 -0.1818 -0.1818  0.0000 -0.2727  0.0000 -0.0909 -0.5455
 46 S    0.0909 -0.0909  0.0000 -0.0909 -0.1818  0.0000  0.0000 -0.0909 -0.0909 -0.2727 -0.2727 -0.0909 -0.1818 -0.2727 -0.0909  0.4545  0.0909 -0.3636 -0.1818 -0.1818  0.0000 -0.2727  0.0000 -0.0909 -0.5455
 47 K   -0.0909  0.1818  0.0000 -0.0909 -0.3636  0.0909  0.0909 -0.1818 -0.0909 -0.2727 -0.2727  0.4545 -0.1818 -0.3636 -0.0909 -0.0909 -0.0909 -0.3636 -0.2727 -0.2727 -0.0909 -0.2727  0.0909 -0.0909 -0.5455
 48 K   -0.0909  0.1818  0.0000 -0.0909 -0.3636  0.0909  0.0909 -0.1818 -0.0909 -0.2727 -0.2727  0.4545 -0.1818 -0.3636 -0.0909 -0.0909 -0.0909 -0.3636 -0.2727 -0.2727 -0.0909 -0.2727  0.0909 -0.0909 -0.5455
 49 T    0.0000 -0.0909  0.0000 -0.0909 -0.0909 -0.0909 -0.0909 -0.1818 -0.1818 -0.0909 -0.1818 -0.0909 -0.0909 -0.1818 -0.1818  0.0909  0.4545 -0.3636 -0.1818  0.0000 -0.0909 -0.0909 -0.0909 -0.0909 -0.5455
 50 Y   -0.1818 -0.2727 -0.2727 -0.3636 -0.2727 -0.1818 -0.2727 -0.3636  0.1818 -0.1818 -0.1818 -0.2727 -0.1818  0.2727 -0.3636 -0.1818 -0.1818  0.1818  0.6364 -0.1818 -0.2727 -0.1818 -0.2727 -0.0909 -0.5455
 51 M   -0.0909 -0.1818 -0.2727 -0.3636 -0.1818  0.0000 -0.1818 -0.3636 -0.1818  0.0909  0.1818 -0.1818  0.5455  0.0000 -0.2727 -0.1818 -0.0909 -0.1818 -0.1818  0.0909 -0.2727  0.1818 -0.0909 -0.0909 -0.5455
 52 A    0.4545 -0.1818 -0.1818 -0.1818 -0.0909 -0.0909 -0.0909  0.0000 -0.1818 -0.1818 -0.1818 -0.0909 -0.0909 -0.2727 -0.0909  0.0909  0.0000 -0.2727 -0.1818  0.0000 -0.1818 -0.1818 -0.0909 -0.0909 -0.5455
 53 K   -0.0909  0.1818  0.0000 -0.0909 -0.3636  0.0909  0.0909 -0.1818 -0.0909 -0.2727 -0.2727  0.4545 -0.1818 -0.3636 -0.0909 -0.0909 -0.0909 -0.3636 -0.2727 -0.2727 -0.0909 -0.2727  0.0909 -0.0909 -0.5455
 54 F   -0.2727 -0.3636 -0.3636 -0.3636 -0.2727 -0.3636 -0.3636 -0.3636 -0.1818 -0.0909  0.0000 -0.3636  0.0000  0.5455 -0.3636 -0.2727 -0.1818  0.0000  0.2727 -0.0909 -0.3636  0.0000 -0.3636 -0.0909 -0.5455
 55 V    0.0000 -0.2727 -0.3636 -0.3636 -0.0909 -0.2727 -0.2727 -0.3636 -0.3636  0.2727  0.0909 -0.2727  0.0909 -0.0909 -0.2727 -0.1818  0.0000 -0.2727 -0.1818  0.3636 -0.3636  0.1818 -0.2727 -0.0909 -0.5455
 56 K   -0.0909  0.1818  0.0000 -0.0909 -0.3636  0.0909  0.0909 -0.1818 -0.0909 -0.2727 -0.2727  0.4545 -0.1818 -0.3636 -0.0909 -0.0909 -0.0909 -0.3636 -0.2727 -0.2727 -0.0909 -0.2727  0.0909 -0.0909 -0.5455
 57 V    0.0000 -0.2727 -0.3636 -0.3636 -0.0909 -0.2727 -0.2727 -0.3636 -0.3636  0.2727  0.0909 -0.2727  0.0909 -0.0909 -0.2727 -0.1818  0.0000 -0.2727 -0.1818  0.3636 -0.3636  0.1818 -0.2727 -0.0909 -0.5455
 58 K   -0.0909  0.1818  0.0000 -0.0909 -0.3636  0.0909  0.0909 -0.1818 -0.0909 -0.2727 -0.2727  0.4545 -0.1818 -0.3636 -0.0909 -0.0909 -0.0909 -0.3636 -0.2727 -0.2727 -0.0909 -0.2727  0.0909 -0.0909 -0.5455
 59 G    0.0000 -0.2727 -0.0909 -0.1818 -0.3636 -0.1818 -0.2727  0.5455 -0.2727 -0.4545 -0.3636 -0.1818 -0.3636 -0.3636 -0.2727 -0.0909 -0.1818 -0.3636 -0.3636 -0.3636 -0.0909 -0.4545 -0.2727 -0.0909 -0.5455
 60 T    0.0000 -0.0909  0.0000 -0.0909 -0.0909 -0.0909 -0.0909 -0.1818 -0.1818 -0.0909 -0.1818 -0.0909 -0.0909 -0.1818 -0.1818  0.0909  0.4545 -0.3636 -0.1818  0.0000 -0.0909 -0.0909 -0.0909 -0.0909 -0.5455
 61 D   -0.1818 -0.1818  0.0909  0.5455 -0.3636 -0.0909  0.0909 -0.1818 -0.1818 -0.3636 -0.4545 -0.0909 -0.3636 -0.3636 -0.1818 -0.0909 -0.0909 -0.5455 -0.3636 -0.3636  0.4545 -0.4545  0.0909 -0.0909 -0.5455
 62 Q   -0.0909  0.0909  0.0000 -0.0909 -0.3636  0.5455  0.1818 -0.1818  0.0909 -0.2727 -0.2727  0.0909  0.0000 -0.3636 -0.1818  0.0000 -0.0909 -0.2727 -0.1818 -0.2727  0.0000 -0.2727  0.3636 -0.0909 -0.5455
 63 V    0.0000 -0.2727 -0.3636 -0.3636 -0.0909 -0.2727 -0.2727 -0.3636 -0.3636  0.2727  0.0909 -0.2727  0.0909 -0.0909 -0.2727 -0.1818  0.0000 -0.2727 -0.1818  0.3636 -0.3636  0.1818 -0.2727 -0.0909 -0.5455
 64 L   -0.1818 -0.2727 -0.3636 -0.4545 -0.1818 -0.2727 -0.3636 -0.3636 -0.2727  0.0909  0.3636 -0.2727  0.1818  0.0000 -0.2727 -0.2727 -0.1818 -0.1818 -0.1818  0.0909 -0.3636  0.2727 -0.2727 -0.0909 -0.5455
 65 V    0.0000 -0.2727 -0.3636 -0.3636 -0.0909 -0.2727 -0.2727 -0.3636 -0.3636  0.2727  0.0909 -0.2727  0.0909 -0.0909 -0.2727 -0.1818  0.0000 -0.2727 -0.1818  0.3636 -0.3636  0.1818 -0.2727 -0.0909 -0.5455
 66 K   -0.0909  0.1818  0.0000 -0.0909 -0.3636  0.0909  0.0909 -0.1818 -0.0909 -0.2727 -0.2727  0.4545 -0.1818 -0.3636 -0.0909 -0.0909 -0.0909 -0.3636 -0.2727 -0.2727 -0.0909 -0.2727  0.0909 -0.0909 -0.5455
 67 K   -0.0909  0.1818  0.0000 -0.0909 -0.3636  0.0909  0.0909 -0.1818 -0.0909 -0.2727 -0.2727  0.4545 -0.1818 -0.3636 -0.0909 -0.0909 -0.0909 -0.3636 -0.2727 -0.2727 -0.0909 -0.2727  0.0909 -0.0909 -0.5455
 68 E   -0.0909 -0.0909 -0.0909  0.0909 -0.4545  0.1818  0.5455 -0.2727  0.0000 -0.3636 -0.3636  0.0909 -0.1818 -0.3636 -0.1818  0.0000 -0.0909 -0.3636 -0.2727 -0.2727  0.0909 -0.3636  0.4545 -0.0909 -0.5455
 69 I   -0.1818 -0.2727 -0.3636 -0.3636 -0.1818 -0.2727 -0.3636 -0.4545 -0.3636  0.4545  0.0909 -0.2727  0.0909 -0.0909 -0.3636 -0.2727 -0.0909 -0.2727 -0.1818  0.2727 -0.3636  0.2727 -0.3636 -0.0909 -0.5455
 70 S    0.0909 -0.0909  0.0000 -0.0909 -0.1818  0.0000  0.0000 -0.0909 -0.0909 -0.2727 -0.2727 -0.0909 -0.1818 -0.2727 -0.0909  0.4545  0.0909 -0.3636 -0.1818 -0.1818  0.0000 -0.2727  0.0000 -0.0909 -0.5455
 71 I   -0.1818 -0.2727 -0.3636 -0.3636 -0.1818 -0.2727 -0.3636 -0.4545 -0.3636  0.4545  0.0909 -0.2727  0.0909 -0.0909 -0.3636 -0.2727 -0.0909 -0.2727 -0.1818  0.2727 -0.3636  0.2727 -0.3636 -0.0909 -0.5455
 72 L   -0.1818 -0.2727 -0.3636 -0.4545 -0.1818 -0.2727 -0.3636 -0.3636 -0.2727  0.0909  0.3636 -0.2727  0.1818  0.0000 -0.2727 -0.2727 -0.1818 -0.1818 -0.1818  0.0909 -0.3636  0.2727 -0.2727 -0.0909 -0.5455
 73 N   -0.1818 -0.0909  0.5455  0.0909 -0.2727  0.0000 -0.0909 -0.0909  0.0000 -0.3636 -0.3636  0.0000 -0.2727 -0.3636 -0.2727  0.0000  0.0000 -0.3636 -0.2727 -0.3636  0.4545 -0.3636  0.0000 -0.0909 -0.5455
 74 I   -0.1818 -0.2727 -0.3636 -0.3636 -0.1818 -0.2727 -0.3636 -0.4545 -0.3636  0.4545  0.0909 -0.2727  0.0909 -0.0909 -0.3636 -0.2727 -0.0909 -0.2727 -0.1818  0.2727 -0.3636  0.2727 -0.3636 -0.0909 -0.5455
 75 A    0.4545 -0.1818 -0.1818 -0.1818 -0.0909 -0.0909 -0.0909  0.0000 -0.1818 -0.1818 -0.1818 -0.0909 -0.0909 -0.2727 -0.0909  0.0909  0.0000 -0.2727 -0.1818  0.0000 -0.1818 -0.1818 -0.0909 -0.0909 -0.5455
 76 R   -0.1818  0.5455 -0.0909 -0.1818 -0.3636  0.0909 -0.0909 -0.2727  0.0000 -0.2727 -0.2727  0.1818 -0.1818 -0.3636 -0.1818 -0.0909 -0.0909 -0.3636 -0.2727 -0.2727 -0.0909 -0.2727  0.0000 -0.0909 -0.5455
 77 H   -0.1818  0.0000  0.0000 -0.1818 -0.3636  0.0909  0.0000 -0.2727  0.7273 -0.3636 -0.2727 -0.0909 -0.1818 -0.1818 -0.2727 -0.0909 -0.1818 -0.2727  0.1818 -0.3636 -0.0909 -0.3636  0.0000 -0.0909 -0.5455
 78 R   -0.1818  0.5455 -0.0909 -0.1818 -0.3636  0.0909 -0.0909 -0.2727  0.0000 -0.2727 -0.2727  0.1818 -0.1818 -0.3636 -0.1818 -0.0909 -0.0909 -0.3636 -0.2727 -0.2727 -0.0909 -0.2727  0.0000 -0.0909 -0.5455
 79 N   -0.1818 -0.0909  0.5455  0.0909 -0.2727  0.0000 -0.0909 -0.0909  0.0000 -0.3636 -0.3636  0.0000 -0.2727 -0.3636 -0.2727  0.0000  0.0000 -0.3636 -0.2727 -0.3636  0.4545 -0.3636  0.0000 -0.0909 -0.5455
 80 I   -0.1818 -0.2727 -0.3636 -0.3636 -0.1818 -0.2727 -0.3636 -0.4545 -0.3636  0.4545  0.0909 -0.2727  0.0909 -0.0909 -0.3636 -0.2727 -0.0909 -0.2727 -0.1818  0.2727 -0.3636  0.2727 -0.3636 -0.0909 -0.5455
 81 L   -0.1818 -0.2727 -0.3636 -0.4545 -0.1818 -0.2727 -0.3636 -0.3636 -0.2727  0.0909  0.3636 -0.2727  0.1818  0.0000 -0.2727 -0.2727 -0.1818 -0.1818 -0.1818  0.0909 -0.3636  0.2727 -0.2727 -0.0909 -0.5455
 82 H   -0.1818  0.0000  0.0000 -0.1818 -0.3636  0.0909  0.0000 -0.2727  0.7273 -0.3636 -0.2727 -0.0909 -0.1818 -0.1818 -0.2727 -0.0909 -0.1818 -0.2727  0.1818 -0.3636 -0.0909 -0.3636  0.0000 -0.0909 -0.5455
 83 L   -0.1818 -0.2727 -0.3636 -0.4545 -0.1818 -0.2727 -0.3636 -0.3636 -0.2727  0.0909  0.3636 -0.2727  0.1818  0.0000 -0.2727 -0.2727 -0.1818 -0.1818 -0.1818  0.0909 -0.3636  0.2727 -0.2727 -0.0909 -0.5455
 84 H   -0.1818  0.0000  0.0000 -0.1818 -0.3636  0.0909  0.0000 -0.2727  0.7273 -0.3636 -0.2727 -0.0909 -0.1818 -0.1818 -0.2727 -0.0909 -0.1818 -0.2727  0.1818 -0.3636 -0.0909 -0.3636  0.0000 -0.0909 -0.5455
 85 E   -0.0909 -0.0909 -0.0909  0.0909 -0.4545  0.1818  0.5455 -0.2727  0.0000 -0.3636 -0.3636  0.0909 -0.1818 -0.3636 -0.1818  0.0000 -0.0909 -0.3636 -0.2727 -0.2727  0.0909 -0.3636  0.4545 -0.0909 -0.5455
 86 S    0.0909 -0.0909  0.0000 -0.0909 -0.1818  0.0000  0.0000 -0.0909 -0.0909 -0.2727 -0.2727 -0.0909 -0.1818 -0.2727 -0.0909  0.4545  0.0909 -0.3636 -0.1818 -0.1818  0.0000 -0.2727  0.0000 -0.0909 -0.5455
 87 F   -0.2727 -0.3636 -0.3636 -0.3636 -0.2727 -0.3636 -0.3636 -0.3636 -0.1818 -0.0909  0.0000 -0.3636  0.0000  0.5455 -0.3636 -0.2727 -0.1818  0.0000  0.2727 -0.0909 -0.3636  0.0000 -0.3636 -0.0909 -0.5455
 88 E   -0.0909 -0.0909 -0.0909  0.0909 -0.4545  0.1818  0.5455 -0.2727  0.0000 -0.3636 -0.3636  0.0909 -0.1818 -0.3636 -0.1818  0.0000 -0.0909 -0.3636 -0.2727 -0.2727  0.0909 -0.3636  0.4545 -0.0909 -0.5455
 89 S    0.0909 -0.0909  0.0000 -0.0909 -0.1818  0.0000  0.0000 -0.0909 -0.0909 -0.2727 -0.2727 -0.0909 -0.1818 -0.2727 -0.0909  0.4545  0.0909 -0.3636 -0.1818 -0.1818  0.0000 -0.2727  0.0000 -0.0909 -0.5455
 90 M   -0.0909 -0.1818 -0.2727 -0.3636 -0.1818  0.0000 -0.1818 -0.3636 -0.1818  0.0909  0.1818 -0.1818  0.5455  0.0000 -0.2727 -0.1818 -0.0909 -0.1818 -0.1818  0.0909 -0.2727  0.1818 -0.0909 -0.0909 -0.5455
 91 E   -0.0909 -0.0909 -0.0909  0.0909 -0.4545  0.1818  0.5455 -0.2727  0.0000 -0.3636 -0.3636  0.0909 -0.1818 -0.3636 -0.1818  0.0000 -0.0909 -0.3636 -0.2727 -0.2727  0.0909 -0.3636  0.4545 -0.0909 -0.5455
 92 E   -0.0909 -0.0909 -0.0909  0.0909 -0.4545  0.1818  0.5455 -0.2727  0.0000 -0.3636 -0.3636  0.0909 -0.1818 -0.3636 -0.1818  0.0000 -0.0909 -0.3636 -0.2727 -0.2727  0.0909 -0.3636  0.4545 -0.0909 -0.5455
 93 L   -0.1818 -0.2727 -0.3636 -0.4545 -0.1818 -0.2727 -0.3636 -0.3636 -0.2727  0.0909  0.3636 -0.2727  0.1818  0.0000 -0.2727 -0.2727 -0.1818 -0.1818 -0.1818  0.0909 -0.3636  0.2727 -0.2727 -0.0909 -0.5455
 94 V    0.0000 -0.2727 -0.3636 -0.3636 -0.0909 -0.2727 -0.2727 -0.3636 -0.3636  0.2727  0.0909 -0.2727  0.0909 -0.0909 -0.2727 -0.1818  0.0000 -0.2727 -0.1818  0.3636 -0.3636  0.1818 -0.2727 -0.0909 -0.5455
 95 M   -0.0909 -0.1818 -0.2727 -0.3636 -0.1818  0.0000 -0.1818 -0.3636 -0.1818  0.0909  0.1818 -0.1818  0.5455  0.0000 -0.2727 -0.1818 -0.0909 -0.1818 -0.1818  0.0909 -0.2727  0.1818 -0.0909 -0.0909 -0.5455
 96 I   -0.1818 -0.2727 -0.3636 -0.3636 -0.1818 -0.2727 -0.3636 -0.4545 -0.3636  0.4545  0.0909 -0.2727  0.0909 -0.0909 -0.3636 -0.2727 -0.0909 -0.2727 -0.1818  0.2727 -0.3636  0.2727 -0.3636 -0.0909 -0.5455
 97 F   -0.2727 -0.3636 -0.3636 -0.3636 -0.2727 -0.3636 -0.3636 -0.3636 -0.1818 -0.0909  0.0000 -0.3636  0.0000  0.5455 -0.3636 -0.2727 -0.1818  0.0000  0.2727 -0.0909 -0.3636  0.0000 -0.3636 -0.0909 -0.5455
 98 E   -0.0909 -0.0909 -0.0909  0.0909 -0.4545  0.1818  0.5455 -0.2727  0.0000 -0.3636 -0.3636  0.0909 -0.1818 -0.3636 -0.1818  0.0000 -0.0909 -0.3636 -0.2727 -0.2727  0.0909 -0.3636  0.4545 -0.0909 -0.5455
 99 F   -0.2727 -0.3636 -0.3636 -0.3636 -0.2727 -0.3636 -0.3636 -0.3636 -0.1818 -0.0909  0.0000 -0.3636  0.0000  0.5455 -0.3636 -0.2727 -0.1818  0.0000  0.2727 -0.0909 -0.3636  0.0000 -0.3636 -0.0909 -0.5455
 100 I   -0.1818 -0.2727 -0.3636 -0.3636 -0.1818 -0.2727 -0.3636 -0.4545 -0.3636  0.4545  0.0909 -0.2727  0.0909 -0.0909 -0.3636 -0.2727 -0.0909 -0.2727 -0.1818  0.2727 -0.3636  0.2727 -0.3636 -0.0909 -0.5455
 101 S    0.0909 -0.0909  0.0000 -0.0909 -0.1818  0.0000  0.0000 -0.0909 -0.0909 -0.2727 -0.2727 -0.0909 -0.1818 -0.2727 -0.0909  0.4545  0.0909 -0.3636 -0.1818 -0.1818  0.0000 -0.2727  0.0000 -0.0909 -0.5455
 102 G    0.0000 -0.2727 -0.0909 -0.1818 -0.3636 -0.1818 -0.2727  0.5455 -0.2727 -0.4545 -0.3636 -0.1818 -0.3636 -0.3636 -0.2727 -0.0909 -0.1818 -0.3636 -0.3636 -0.3636 -0.0909 -0.4545 -0.2727 -0.0909 -0.5455
 103 L   -0.1818 -0.2727 -0.3636 -0.4545 -0.1818 -0.2727 -0.3636 -0.3636 -0.2727  0.0909  0.3636 -0.2727  0.1818  0.0000 -0.2727 -0.2727 -0.1818 -0.1818 -0.1818  0.0909 -0.3636  0.2727 -0.2727 -0.0909 -0.5455
 104 D   -0.1818 -0.1818  0.0909  0.5455 -0.3636 -0.0909  0.0909 -0.1818 -0.1818 -0.3636 -0.4545 -0.0909 -0.3636 -0.3636 -0.1818 -0.0909 -0.0909 -0.5455 -0.3636 -0.3636  0.4545 -0.4545  0.0909 -0.0909 -0.5455
 105 I   -0.1818 -0.2727 -0.3636 -0.3636 -0.1818 -0.2727 -0.3636 -0.4545 -0.3636  0.4545  0.0909 -0.2727  0.0909 -0.0909 -0.3636 -0.2727 -0.0909 -0.2727 -0.1818  0.2727 -0.3636  0.2727 -0.3636 -0.0909 -0.5455
 106 F   -0.2727 -0.3636 -0.3636 -0.3636 -0.2727 -0.3636 -0.3636 -0.3636 -0.1818 -0.0909  0.0000 -0.3636  0.0000  0.5455 -0.3636 -0.2727 -0.1818  0.0000  0.2727 -0.0909 -0.3636  0.0000 -0.3636 -0.0909 -0.5455
 107 E   -0.0909 -0.0909 -0.0909  0.0909 -0.4545  0.1818  0.5455 -0.2727  0.0000 -0.3636 -0.3636  0.0909 -0.1818 -0.3636 -0.1818  0.0000 -0.0909 -0.3636 -0.2727 -0.2727  0.0909 -0.3636  0.4545 -0.0909 -0.5455
 108 R   -0.1818  0.5455 -0.0909 -0.1818 -0.3636  0.0909 -0.0909 -0.2727  0.0000 -0.2727 -0.2727  0.1818 -0.1818 -0.3636 -0.1818 -0.0909 -0.0909 -0.3636 -0.2727 -0.2727 -0.0909 -0.2727  0.0000 -0.0909 -0.5455
 109 I   -0.1818 -0.2727 -0.3636 -0.3636 -0.1818 -0.2727 -0.3636 -0.4545 -0.3636  0.4545  0.0909 -0.2727  0.0909 -0.0909 -0.3636 -0.2727 -0.0909 -0.2727 -0.1818  0.2727 -0.3636  0.2727 -0.3636 -0.0909 -0.5455
 110 N   -0.1818 -0.0909  0.5455  0.0909 -0.2727  0.0000 -0.0909 -0.0909  0.0000 -0.3636 -0.3636  0.0000 -0.2727 -0.3636 -0.2727  0.0000  0.0000 -0.3636 -0.2727 -0.3636  0.4545 -0.3636  0.0000 -0.0909 -0.5455
 111 T    0.0000 -0.0909  0.0000 -0.0909 -0.0909 -0.0909 -0.0909 -0.1818 -0.1818 -0.0909 -0.1818 -0.0909 -0.0909 -0.1818 -0.1818  0.0909  0.4545 -0.3636 -0.1818  0.0000 -0.0909 -0.0909 -0.0909 -0.0909 -0.5455
 112 S    0.0909 -0.0909  0.0000 -0.0909 -0.1818  0.0000  0.0000 -0.0909 -0.0909 -0.2727 -0.2727 -0.0909 -0.1818 -0.2727 -0.0909  0.4545  0.0909 -0.3636 -0.1818 -0.1818  0.0000 -0.2727  0.0000 -0.0909 -0.5455
 113 A    0.4545 -0.1818 -0.1818 -0.1818 -0.0909 -0.0909 -0.0909  0.0000 -0.1818 -0.1818 -0.1818 -0.0909 -0.0909 -0.2727 -0.0909  0.0909  0.0000 -0.2727 -0.1818  0.0000 -0.1818 -0.1818 -0.0909 -0.0909 -0.5455
 114 F   -0.2727 -0.3636 -0.3636 -0.3636 -0.2727 -0.3636 -0.3636 -0.3636 -0.1818 -0.0909  0.0000 -0.3636  0.0000  0.5455 -0.3636 -0.2727 -0.1818  0.0000  0.2727 -0.0909 -0.3636  0.0000 -0.3636 -0.0909 -0.5455
 115 E   -0.0909 -0.0909 -0.0909  0.0909 -0.4545  0.1818  0.5455 -0.2727  0.0000 -0.3636 -0.3636  0.0909 -0.1818 -0.3636 -0.1818  0.0000 -0.0909 -0.3636 -0.2727 -0.2727  0.0909 -0.3636  0.4545 -0.0909 -0.5455
 116 L   -0.1818 -0.2727 -0.3636 -0.4545 -0.1818 -0.2727 -0.3636 -0.3636 -0.2727  0.0909  0.3636 -0.2727  0.1818  0.0000 -0.2727 -0.2727 -0.1818 -0.1818 -0.1818  0.0909 -0.3636  0.2727 -0.2727 -0.0909 -0.5455
 117 N   -0.1818 -0.0909  0.5455  0.0909 -0.2727  0.0000 -0.0909 -0.0909  0.0000 -0.3636 -0.3636  0.0000 -0.2727 -0.3636 -0.2727  0.0000  0.0000 -0.3636 -0.2727 -0.3636  0.4545 -0.3636  0.0000 -0.0909 -0.5455
 118 E   -0.0909 -0.0909 -0.0909  0.0909 -0.4545  0.1818  0.5455 -0.2727  0.0000 -0.3636 -0.3636  0.0909 -0.1818 -0.3636 -0.1818  0.0000 -0.0909 -0.3636 -0.2727 -0.2727  0.0909 -0.3636  0.4545 -0.0909 -0.5455
 119 R   -0.1818  0.5455 -0.0909 -0.1818 -0.3636  0.0909 -0.0909 -0.2727  0.0000 -0.2727 -0.2727  0.1818 -0.1818 -0.3636 -0.1818 -0.0909 -0.0909 -0.3636 -0.2727 -0.2727 -0.0909 -0.2727  0.0000 -0.0909 -0.5455
 120 E   -0.0909 -0.0909 -0.0909  0.0909 -0.4545  0.1818  0.5455 -0.2727  0.0000 -0.3636 -0.3636  0.0909 -0.1818 -0.3636 -0.1818  0.0000 -0.0909 -0.3636 -0.2727 -0.2727  0.0909 -0.3636  0.4545 -0.0909 -0.5455
 121 I   -0.1818 -0.2727 -0.3636 -0.3636 -0.1818 -0.2727 -0.3636 -0.4545 -0.3636  0.4545  0.0909 -0.2727  0.0909 -0.0909 -0.3636 -0.2727 -0.0909 -0.2727 -0.1818  0.2727 -0.3636  0.2727 -0.3636 -0.0909 -0.5455
 122 V    0.0000 -0.2727 -0.3636 -0.3636 -0.0909 -0.2727 -0.2727 -0.3636 -0.3636  0.2727  0.0909 -0.2727  0.0909 -0.0909 -0.2727 -0.1818  0.0000 -0.2727 -0.1818  0.3636 -0.3636  0.1818 -0.2727 -0.0909 -0.5455
 123 S    0.0909 -0.0909  0.0000 -0.0909 -0.1818  0.0000  0.0000 -0.0909 -0.0909 -0.2727 -0.2727 -0.0909 -0.1818 -0.2727 -0.0909  0.4545  0.0909 -0.3636 -0.1818 -0.1818  0.0000 -0.2727  0.0000 -0.0909 -0.5455
 124 Y   -0.1818 -0.2727 -0.2727 -0.3636 -0.2727 -0.1818 -0.2727 -0.3636  0.1818 -0.1818 -0.1818 -0.2727 -0.1818  0.2727 -0.3636 -0.1818 -0.1818  0.1818  0.6364 -0.1818 -0.2727 -0.1818 -0.2727 -0.0909 -0.5455
 125 V    0.0000 -0.2727 -0.3636 -0.3636 -0.0909 -0.2727 -0.2727 -0.3636 -0.3636  0.2727  0.0909 -0.2727  0.0909 -0.0909 -0.2727 -0.1818  0.0000 -0.2727 -0.1818  0.3636 -0.3636  0.1818 -0.2727 -0.0909 -0.5455
 126 H   -0.1818  0.0000  0.0000 -0.1818 -0.3636  0.0909  0.0000 -0.2727  0.7273 -0.3636 -0.2727 -0.0909 -0.1818 -0.1818 -0.2727 -0.0909 -0.1818 -0.2727  0.1818 -0.3636 -0.0909 -0.3636  0.0000 -0.0909 -0.5455
 127 Q   -0.0909  0.0909  0.0000 -0.0909 -0.3636  0.5455  0.1818 -0.1818  0.0909 -0.2727 -0.2727  0.0909  0.0000 -0.3636 -0.1818  0.0000 -0.0909 -0.2727 -0.1818 -0.2727  0.0000 -0.2727  0.3636 -0.0909 -0.5455
 128 V    0.0000 -0.2727 -0.3636 -0.3636 -0.0909 -0.2727 -0.2727 -0.3636 -0.3636  0.2727  0.0909 -0.2727  0.0909 -0.0909 -0.2727 -0.1818  0.0000 -0.2727 -0.1818  0.3636 -0.3636  0.1818 -0.2727 -0.0909 -0.5455
 129 C   -0.0909 -0.3636 -0.2727 -0.3636  0.8182 -0.3636 -0.4545 -0.3636 -0.3636 -0.1818 -0.1818 -0.3636 -0.1818 -0.2727 -0.3636 -0.1818 -0.0909 -0.2727 -0.2727 -0.0909 -0.3636 -0.1818 -0.3636 -0.0909 -0.5455
 130 E   -0.0909 -0.0909 -0.0909  0.0909 -0.4545  0.1818  0.5455 -0.2727  0.0000 -0.3636 -0.3636  0.0909 -0.1818 -0.3636 -0.1818  0.0000 -0.0909 -0.3636 -0.2727 -0.2727  0.0909 -0.3636  0.4545 -0.0909 -0.5455
 131 A    0.4545 -0.1818 -0.1818 -0.1818 -0.0909 -0.0909 -0.0909  0.0000 -0.1818 -0.1818 -0.1818 -0.0909 -0.0909 -0.2727 -0.0909  0.0909  0.0000 -0.2727 -0.1818  0.0000 -0.1818 -0.1818 -0.0909 -0.0909 -0.5455
 132 L   -0.1818 -0.2727 -0.3636 -0.4545 -0.1818 -0.2727 -0.3636 -0.3636 -0.2727  0.0909  0.3636 -0.2727  0.1818  0.0000 -0.2727 -0.2727 -0.1818 -0.1818 -0.1818  0.0909 -0.3636  0.2727 -0.2727 -0.0909 -0.5455
 133 Q   -0.0909  0.0909  0.0000 -0.0909 -0.3636  0.5455  0.1818 -0.1818  0.0909 -0.2727 -0.2727  0.0909  0.0000 -0.3636 -0.1818  0.0000 -0.0909 -0.2727 -0.1818 -0.2727  0.0000 -0.2727  0.3636 -0.0909 -0.5455
 134 F   -0.2727 -0.3636 -0.3636 -0.3636 -0.2727 -0.3636 -0.3636 -0.3636 -0.1818 -0.0909  0.0000 -0.3636  0.0000  0.5455 -0.3636 -0.2727 -0.1818  0.0000  0.2727 -0.0909 -0.3636  0.0000 -0.3636 -0.0909 -0.5455
 135 L   -0.1818 -0.2727 -0.3636 -0.4545 -0.1818 -0.2727 -0.3636 -0.3636 -0.2727  0.0909  0.3636 -0.2727  0.1818  0.0000 -0.2727 -0.2727 -0.1818 -0.1818 -0.1818  0.0909 -0.3636  0.2727 -0.2727 -0.0909 -0.5455
 136 H   -0.1818  0.0000  0.0000 -0.1818 -0.3636  0.0909  0.0000 -0.2727  0.7273 -0.3636 -0.2727 -0.0909 -0.1818 -0.1818 -0.2727 -0.0909 -0.1818 -0.2727  0.1818 -0.3636 -0.0909 -0.3636  0.0000 -0.0909 -0.5455
 137 S    0.0909 -0.0909  0.0000 -0.0909 -0.1818  0.0000  0.0000 -0.0909 -0.0909 -0.2727 -0.2727 -0.0909 -0.1818 -0.2727 -0.0909  0.4545  0.0909 -0.3636 -0.1818 -0.1818  0.0000 -0.2727  0.0000 -0.0909 -0.5455
 138 H   -0.1818  0.0000  0.0000 -0.1818 -0.3636  0.0909  0.0000 -0.2727  0.7273 -0.3636 -0.2727 -0.0909 -0.1818 -0.1818 -0.2727 -0.0909 -0.1818 -0.2727  0.1818 -0.3636 -0.0909 -0.3636  0.0000 -0.0909 -0.5455
 139 N   -0.1818 -0.0909  0.5455  0.0909 -0.2727  0.0000 -0.0909 -0.0909  0.0000 -0.3636 -0.3636  0.0000 -0.2727 -0.3636 -0.2727  0.0000  0.0000 -0.3636 -0.2727 -0.3636  0.4545 -0.3636  0.0000 -0.0909 -0.5455
 140 I   -0.1818 -0.2727 -0.3636 -0.3636 -0.1818 -0.2727 -0.3636 -0.4545 -0.3636  0.4545  0.0909 -0.2727  0.0909 -0.0909 -0.3636 -0.2727 -0.0909 -0.2727 -0.1818  0.2727 -0.3636  0.2727 -0.3636 -0.0909 -0.5455
 141 G    0.0000 -0.2727 -0.0909 -0.1818 -0.3636 -0.1818 -0.2727  0.5455 -0.2727 -0.4545 -0.3636 -0.1818 -0.3636 -0.3636 -0.2727 -0.0909 -0.1818 -0.3636 -0.3636 -0.3636 -0.0909 -0.4545 -0.2727 -0.0909 -0.5455
 142 H   -0.1818  0.0000  0.0000 -0.1818 -0.3636  0.0909  0.0000 -0.2727  0.7273 -0.3636 -0.2727 -0.0909 -0.1818 -0.1818 -0.2727 -0.0909 -0.1818 -0.2727  0.1818 -0.3636 -0.0909 -0.3636  0.0000 -0.0909 -0.5455
 143 F   -0.2727 -0.3636 -0.3636 -0.3636 -0.2727 -0.3636 -0.3636 -0.3636 -0.1818 -0.0909  0.0000 -0.3636  0.0000  0.5455 -0.3636 -0.2727 -0.1818  0.0000  0.2727 -0.0909 -0.3636  0.0000 -0.3636 -0.0909 -0.5455
 144 D   -0.1818 -0.1818  0.0909  0.5455 -0.3636 -0.0909  0.0909 -0.1818 -0.1818 -0.3636 -0.4545 -0.0909 -0.3636 -0.3636 -0.1818 -0.0909 -0.0909 -0.5455 -0.3636 -0.3636  0.4545 -0.4545  0.0909 -0.0909 -0.5455
 145 I   -0.1818 -0.2727 -0.3636 -0.3636 -0.1818 -0.2727 -0.3636 -0.4545 -0.3636  0.4545  0.0909 -0.2727  0.0909 -0.0909 -0.3636 -0.2727 -0.0909 -0.2727 -0.1818  0.2727 -0.3636  0.2727 -0.3636 -0.0909 -0.5455
 146 R   -0.1818  0.5455 -0.0909 -0.1818 -0.3636  0.0909 -0.0909 -0.2727  0.0000 -0.2727 -0.2727  0.1818 -0.1818 -0.3636 -0.1818 -0.0909 -0.0909 -0.3636 -0.2727 -0.2727 -0.0909 -0.2727  0.0000 -0.0909 -0.5455
 147 P   -0.0909 -0.1818 -0.2727 -0.1818 -0.3636 -0.1818 -0.1818 -0.2727 -0.2727 -0.3636 -0.2727 -0.0909 -0.2727 -0.3636  0.7273 -0.0909 -0.1818 -0.4545 -0.3636 -0.2727 -0.1818 -0.3636 -0.1818 -0.0909 -0.5455
 148 E   -0.0909 -0.0909 -0.0909  0.0909 -0.4545  0.1818  0.5455 -0.2727  0.0000 -0.3636 -0.3636  0.0909 -0.1818 -0.3636 -0.1818  0.0000 -0.0909 -0.3636 -0.2727 -0.2727  0.0909 -0.3636  0.4545 -0.0909 -0.5455
 149 N   -0.1818 -0.0909  0.5455  0.0909 -0.2727  0.0000 -0.0909 -0.0909  0.0000 -0.3636 -0.3636  0.0000 -0.2727 -0.3636 -0.2727  0.0000  0.0000 -0.3636 -0.2727 -0.3636  0.4545 -0.3636  0.0000 -0.0909 -0.5455
 150 I   -0.1818 -0.2727 -0.3636 -0.3636 -0.1818 -0.2727 -0.3636 -0.4545 -0.3636  0.4545  0.0909 -0.2727  0.0909 -0.0909 -0.3636 -0.2727 -0.0909 -0.2727 -0.1818  0.2727 -0.3636  0.2727 -0.3636 -0.0909 -0.5455
 151 I   -0.1818 -0.2727 -0.3636 -0.3636 -0.1818 -0.2727 -0.3636 -0.4545 -0.3636  0.4545  0.0909 -0.2727  0.0909 -0.0909 -0.3636 -0.2727 -0.0909 -0.2727 -0.1818  0.2727 -0.3636  0.2727 -0.3636 -0.0909 -0.5455
 152 Y   -0.1818 -0.2727 -0.2727 -0.3636 -0.2727 -0.1818 -0.2727 -0.3636  0.1818 -0.1818 -0.1818 -0.2727 -0.1818  0.2727 -0.3636 -0.1818 -0.1818  0.1818  0.6364 -0.1818 -0.2727 -0.1818 -0.2727 -0.0909 -0.5455
 153 Q   -0.0909  0.0909  0.0000 -0.0909 -0.3636  0.5455  0.1818 -0.1818  0.0909 -0.2727 -0.2727  0.0909  0.0000 -0.3636 -0.1818  0.0000 -0.0909 -0.2727 -0.1818 -0.2727  0.0000 -0.2727  0.3636 -0.0909 -0.5455
 154 T    0.0000 -0.0909  0.0000 -0.0909 -0.0909 -0.0909 -0.0909 -0.1818 -0.1818 -0.0909 -0.1818 -0.0909 -0.0909 -0.1818 -0.1818  0.0909  0.4545 -0.3636 -0.1818  0.0000 -0.0909 -0.0909 -0.0909 -0.0909 -0.5455
 155 R   -0.1818  0.5455 -0.0909 -0.1818 -0.3636  0.0909 -0.0909 -0.2727  0.0000 -0.2727 -0.2727  0.1818 -0.1818 -0.3636 -0.1818 -0.0909 -0.0909 -0.3636 -0.2727 -0.2727 -0.0909 -0.2727  0.0000 -0.0909 -0.5455
 156 R   -0.1818  0.5455 -0.0909 -0.1818 -0.3636  0.0909 -0.0909 -0.2727  0.0000 -0.2727 -0.2727  0.1818 -0.1818 -0.3636 -0.1818 -0.0909 -0.0909 -0.3636 -0.2727 -0.2727 -0.0909 -0.2727  0.0000 -0.0909 -0.5455
 157 S    0.0909 -0.0909  0.0000 -0.0909 -0.1818  0.0000  0.0000 -0.0909 -0.0909 -0.2727 -0.2727 -0.0909 -0.1818 -0.2727 -0.0909  0.4545  0.0909 -0.3636 -0.1818 -0.1818  0.0000 -0.2727  0.0000 -0.0909 -0.5455
 158 S    0.0909 -0.0909  0.0000 -0.0909 -0.1818  0.0000  0.0000 -0.0909 -0.0909 -0.2727 -0.2727 -0.0909 -0.1818 -0.2727 -0.0909  0.4545  0.0909 -0.3636 -0.1818 -0.1818  0.0000 -0.2727  0.0000 -0.0909 -0.5455
 159 T    0.0000 -0.0909  0.0000 -0.0909 -0.0909 -0.0909 -0.0909 -0.1818 -0.1818 -0.0909 -0.1818 -0.0909 -0.0909 -0.1818 -0.1818  0.0909  0.4545 -0.3636 -0.1818  0.0000 -0.0909 -0.0909 -0.0909 -0.0909 -0.5455
 160 I   -0.1818 -0.2727 -0.3636 -0.3636 -0.1818 -0.2727 -0.3636 -0.4545 -0.3636  0.4545  0.0909 -0.2727  0.0909 -0.0909 -0.3636 -0.2727 -0.0909 -0.2727 -0.1818  0.2727 -0.3636  0.2727 -0.3636 -0.0909 -0.5455
 161 K   -0.0909  0.1818  0.0000 -0.0909 -0.3636  0.0909  0.0909 -0.1818 -0.0909 -0.2727 -0.2727  0.4545 -0.1818 -0.3636 -0.0909 -0.0909 -0.0909 -0.3636 -0.2727 -0.2727 -0.0909 -0.2727  0.0909 -0.0909 -0.5455
 162 I   -0.1818 -0.2727 -0.3636 -0.3636 -0.1818 -0.2727 -0.3636 -0.4545 -0.3636  0.4545  0.0909 -0.2727  0.0909 -0.0909 -0.3636 -0.2727 -0.0909 -0.2727 -0.1818  0.2727 -0.3636  0.2727 -0.3636 -0.0909 -0.5455
 163 I   -0.1818 -0.2727 -0.3636 -0.3636 -0.1818 -0.2727 -0.3636 -0.4545 -0.3636  0.4545  0.0909 -0.2727  0.0909 -0.0909 -0.3636 -0.2727 -0.0909 -0.2727 -0.1818  0.2727 -0.3636  0.2727 -0.3636 -0.0909 -0.5455
 164 E   -0.0909 -0.0909 -0.0909  0.0909 -0.4545  0.1818  0.5455 -0.2727  0.0000 -0.3636 -0.3636  0.0909 -0.1818 -0.3636 -0.1818  0.0000 -0.0909 -0.3636 -0.2727 -0.2727  0.0909 -0.3636  0.4545 -0.0909 -0.5455
 165 F   -0.2727 -0.3636 -0.3636 -0.3636 -0.2727 -0.3636 -0.3636 -0.3636 -0.1818 -0.0909  0.0000 -0.3636  0.0000  0.5455 -0.3636 -0.2727 -0.1818  0.0000  0.2727 -0.0909 -0.3636  0.0000 -0.3636 -0.0909 -0.5455
 166 G    0.0000 -0.2727 -0.0909 -0.1818 -0.3636 -0.1818 -0.2727  0.5455 -0.2727 -0.4545 -0.3636 -0.1818 -0.3636 -0.3636 -0.2727 -0.0909 -0.1818 -0.3636 -0.3636 -0.3636 -0.0909 -0.4545 -0.2727 -0.0909 -0.5455
 167 Q   -0.0909  0.0909  0.0000 -0.0909 -0.3636  0.5455  0.1818 -0.1818  0.0909 -0.2727 -0.2727  0.0909  0.0000 -0.3636 -0.1818  0.0000 -0.0909 -0.2727 -0.1818 -0.2727  0.0000 -0.2727  0.3636 -0.0909 -0.5455
 168 A    0.4545 -0.1818 -0.1818 -0.1818 -0.0909 -0.0909 -0.0909  0.0000 -0.1818 -0.1818 -0.1818 -0.0909 -0.0909 -0.2727 -0.0909  0.0909  0.0000 -0.2727 -0.1818  0.0000 -0.1818 -0.1818 -0.0909 -0.0909 -0.5455
 169 R   -0.1818  0.5455 -0.0909 -0.1818 -0.3636  0.0909 -0.0909 -0.2727  0.0000 -0.2727 -0.2727  0.1818 -0.1818 -0.3636 -0.1818 -0.0909 -0.0909 -0.3636 -0.2727 -0.2727 -0.0909 -0.2727  0.0000 -0.0909 -0.5455
 170 Q   -0.0909  0.0909  0.0000 -0.0909 -0.3636  0.5455  0.1818 -0.1818  0.0909 -0.2727 -0.2727  0.0909  0.0000 -0.3636 -0.1818  0.0000 -0.0909 -0.2727 -0.1818 -0.2727  0.0000 -0.2727  0.3636 -0.0909 -0.5455
 171 L   -0.1818 -0.2727 -0.3636 -0.4545 -0.1818 -0.2727 -0.3636 -0.3636 -0.2727  0.0909  0.3636 -0.2727  0.1818  0.0000 -0.2727 -0.2727 -0.1818 -0.1818 -0.1818  0.0909 -0.3636  0.2727 -0.2727 -0.0909 -0.5455
 172 K   -0.0909  0.1818  0.0000 -0.0909 -0.3636  0.0909  0.0909 -0.1818 -0.0909 -0.2727 -0.2727  0.4545 -0.1818 -0.3636 -0.0909 -0.0909 -0.0909 -0.3636 -0.2727 -0.2727 -0.0909 -0.2727  0.0909 -0.0909 -0.5455
 173 P   -0.0909 -0.1818 -0.2727 -0.1818 -0.3636 -0.1818 -0.1818 -0.2727 -0.2727 -0.3636 -0.2727 -0.0909 -0.2727 -0.3636  0.7273 -0.0909 -0.1818 -0.4545 -0.3636 -0.2727 -0.1818 -0.3636 -0.1818 -0.0909 -0.5455
 174 G    0.0000 -0.2727 -0.0909 -0.1818 -0.3636 -0.1818 -0.2727  0.5455 -0.2727 -0.4545 -0.3636 -0.1818 -0.3636 -0.3636 -0.2727 -0.0909 -0.1818 -0.3636 -0.3636 -0.3636 -0.0909 -0.4545 -0.2727 -0.0909 -0.5455
 175 D   -0.1818 -0.1818  0.0909  0.5455 -0.3636 -0.0909  0.0909 -0.1818 -0.1818 -0.3636 -0.4545 -0.0909 -0.3636 -0.3636 -0.1818 -0.0909 -0.0909 -0.5455 -0.3636 -0.3636  0.4545 -0.4545  0.0909 -0.0909 -0.5455
 176 N   -0.1818 -0.0909  0.5455  0.0909 -0.2727  0.0000 -0.0909 -0.0909  0.0000 -0.3636 -0.3636  0.0000 -0.2727 -0.3636 -0.2727  0.0000  0.0000 -0.3636 -0.2727 -0.3636  0.4545 -0.3636  0.0000 -0.0909 -0.5455
 177 F   -0.2727 -0.3636 -0.3636 -0.3636 -0.2727 -0.3636 -0.3636 -0.3636 -0.1818 -0.0909  0.0000 -0.3636  0.0000  0.5455 -0.3636 -0.2727 -0.1818  0.0000  0.2727 -0.0909 -0.3636  0.0000 -0.3636 -0.0909 -0.5455
 178 R   -0.1818  0.5455 -0.0909 -0.1818 -0.3636  0.0909 -0.0909 -0.2727  0.0000 -0.2727 -0.2727  0.1818 -0.1818 -0.3636 -0.1818 -0.0909 -0.0909 -0.3636 -0.2727 -0.2727 -0.0909 -0.2727  0.0000 -0.0909 -0.5455
 179 L   -0.1818 -0.2727 -0.3636 -0.4545 -0.1818 -0.2727 -0.3636 -0.3636 -0.2727  0.0909  0.3636 -0.2727  0.1818  0.0000 -0.2727 -0.2727 -0.1818 -0.1818 -0.1818  0.0909 -0.3636  0.2727 -0.2727 -0.0909 -0.5455
 180 L   -0.1818 -0.2727 -0.3636 -0.4545 -0.1818 -0.2727 -0.3636 -0.3636 -0.2727  0.0909  0.3636 -0.2727  0.1818  0.0000 -0.2727 -0.2727 -0.1818 -0.1818 -0.1818  0.0909 -0.3636  0.2727 -0.2727 -0.0909 -0.5455
 181 F   -0.2727 -0.3636 -0.3636 -0.3636 -0.2727 -0.3636 -0.3636 -0.3636 -0.1818 -0.0909  0.0000 -0.3636  0.0000  0.5455 -0.3636 -0.2727 -0.1818  0.0000  0.2727 -0.0909 -0.3636  0.0000 -0.3636 -0.0909 -0.5455
 182 T    0.0000 -0.0909  0.0000 -0.0909 -0.0909 -0.0909 -0.0909 -0.1818 -0.1818 -0.0909 -0.1818 -0.0909 -0.0909 -0.1818 -0.1818  0.0909  0.4545 -0.3636 -0.1818  0.0000 -0.0909 -0.0909 -0.0909 -0.0909 -0.5455
 183 A    0.4545 -0.1818 -0.1818 -0.1818 -0.0909 -0.0909 -0.0909  0.0000 -0.1818 -0.1818 -0.1818 -0.0909 -0.0909 -0.2727 -0.0909  0.0909  0.0000 -0.2727 -0.1818  0.0000 -0.1818 -0.1818 -0.0909 -0.0909 -0.5455
 184 P   -0.0909 -0.1818 -0.2727 -0.1818 -0.3636 -0.1818 -0.1818 -0.2727 -0.2727 -0.3636 -0.2727 -0.0909 -0.2727 -0.3636  0.7273 -0.0909 -0.1818 -0.4545 -0.3636 -0.2727 -0.1818 -0.3636 -0.1818 -0.0909 -0.5455
 185 E   -0.0909 -0.0909 -0.0909  0.0909 -0.4545  0.1818  0.5455 -0.2727  0.0000 -0.3636 -0.3636  0.0909 -0.1818 -0.3636 -0.1818  0.0000 -0.0909 -0.3636 -0.2727 -0.2727  0.0909 -0.3636  0.4545 -0.0909 -0.5455
 186 Y   -0.1818 -0.2727 -0.2727 -0.3636 -0.2727 -0.1818 -0.2727 -0.3636  0.1818 -0.1818 -0.1818 -0.2727 -0.1818  0.2727 -0.3636 -0.1818 -0.1818  0.1818  0.6364 -0.1818 -0.2727 -0.1818 -0.2727 -0.0909 -0.5455
 187 Y   -0.1818 -0.2727 -0.2727 -0.3636 -0.2727 -0.1818 -0.2727 -0.3636  0.1818 -0.1818 -0.1818 -0.2727 -0.1818  0.2727 -0.3636 -0.1818 -0.1818  0.1818  0.6364 -0.1818 -0.2727 -0.1818 -0.2727 -0.0909 -0.5455
 188 A    0.4545 -0.1818 -0.1818 -0.1818 -0.0909 -0.0909 -0.0909  0.0000 -0.1818 -0.1818 -0.1818 -0.0909 -0.0909 -0.2727 -0.0909  0.0909  0.0000 -0.2727 -0.1818  0.0000 -0.1818 -0.1818 -0.0909 -0.0909 -0.5455
 189 P   -0.0909 -0.1818 -0.2727 -0.1818 -0.3636 -0.1818 -0.1818 -0.2727 -0.2727 -0.3636 -0.2727 -0.0909 -0.2727 -0.3636  0.7273 -0.0909 -0.1818 -0.4545 -0.3636 -0.2727 -0.1818 -0.3636 -0.1818 -0.0909 -0.5455
 190 E   -0.0909 -0.0909 -0.0909  0.0909 -0.4545  0.1818  0.5455 -0.2727  0.0000 -0.3636 -0.3636  0.0909 -0.1818 -0.3636 -0.1818  0.0000 -0.0909 -0.3636 -0.2727 -0.2727  0.0909 -0.3636  0.4545 -0.0909 -0.5455
 191 V    0.0000 -0.2727 -0.3636 -0.3636 -0.0909 -0.2727 -0.2727 -0.3636 -0.3636  0.2727  0.0909 -0.2727  0.0909 -0.0909 -0.2727 -0.1818  0.0000 -0.2727 -0.1818  0.3636 -0.3636  0.1818 -0.2727 -0.0909 -0.5455
 192 H   -0.1818  0.0000  0.0000 -0.1818 -0.3636  0.0909  0.0000 -0.2727  0.7273 -0.3636 -0.2727 -0.0909 -0.1818 -0.1818 -0.2727 -0.0909 -0.1818 -0.2727  0.1818 -0.3636 -0.0909 -0.3636  0.0000 -0.0909 -0.5455
 193 Q   -0.0909  0.0909  0.0000 -0.0909 -0.3636  0.5455  0.1818 -0.1818  0.0909 -0.2727 -0.2727  0.0909  0.0000 -0.3636 -0.1818  0.0000 -0.0909 -0.2727 -0.1818 -0.2727  0.0000 -0.2727  0.3636 -0.0909 -0.5455
 194 H   -0.1818  0.0000  0.0000 -0.1818 -0.3636  0.0909  0.0000 -0.2727  0.7273 -0.3636 -0.2727 -0.0909 -0.1818 -0.1818 -0.2727 -0.0909 -0.1818 -0.2727  0.1818 -0.3636 -0.0909 -0.3636  0.0000 -0.0909 -0.5455
 195 D   -0.1818 -0.1818  0.0909  0.5455 -0.3636 -0.0909  0.0909 -0.1818 -0.1818 -0.3636 -0.4545 -0.0909 -0.3636 -0.3636 -0.1818 -0.0909 -0.0909 -0.5455 -0.3636 -0.3636  0.4545 -0.4545  0.0909 -0.0909 -0.5455
 196 V    0.0000 -0.2727 -0.3636 -0.3636 -0.0909 -0.2727 -0.2727 -0.3636 -0.3636  0.2727  0.0909 -0.2727  0.0909 -0.0909 -0.2727 -0.1818  0.0000 -0.2727 -0.1818  0.3636 -0.3636  0.1818 -0.2727 -0.0909 -0.5455
 197 V    0.0000 -0.2727 -0.3636 -0.3636 -0.0909 -0.2727 -0.2727 -0.3636 -0.3636  0.2727  0.0909 -0.2727  0.0909 -0.0909 -0.2727 -0.1818  0.0000 -0.2727 -0.1818  0.3636 -0.3636  0.1818 -0.2727 -0.0909 -0.5455
 198 S    0.0909 -0.0909  0.0000 -0.0909 -0.1818  0.0000  0.0000 -0.0909 -0.0909 -0.2727 -0.2727 -0.0909 -0.1818 -0.2727 -0.0909  0.4545  0.0909 -0.3636 -0.1818 -0.1818  0.0000 -0.2727  0.0000 -0.0909 -0.5455
 199 T    0.0000 -0.0909  0.0000 -0.0909 -0.0909 -0.0909 -0.0909 -0.1818 -0.1818 -0.0909 -0.1818 -0.0909 -0.0909 -0.1818 -0.1818  0.0909  0.4545 -0.3636 -0.1818  0.0000 -0.0909 -0.0909 -0.0909 -0.0909 -0.5455
 200 A    0.4545 -0.1818 -0.1818 -0.1818 -0.0909 -0.0909 -0.0909  0.0000 -0.1818 -0.1818 -0.1818 -0.0909 -0.0909 -0.2727 -0.0909  0.0909  0.0000 -0.2727 -0.1818  0.0000 -0.1818 -0.1818 -0.0909 -0.0909 -0.5455
 201 T    0.0000 -0.0909  0.0000 -0.0909 -0.0909 -0.0909 -0.0909 -0.1818 -0.1818 -0.0909 -0.1818 -0.0909 -0.0909 -0.1818 -0.1818  0.0909  0.4545 -0.3636 -0.1818  0.0000 -0.0909 -0.0909 -0.0909 -0.0909 -0.5455
 202 D   -0.1818 -0.1818  0.0909  0.5455 -0.3636 -0.0909  0.0909 -0.1818 -0.1818 -0.3636 -0.4545 -0.0909 -0.3636 -0.3636 -0.1818 -0.0909 -0.0909 -0.5455 -0.3636 -0.3636  0.4545 -0.4545  0.0909 -0.0909 -0.5455
 203 M   -0.0909 -0.1818 -0.2727 -0.3636 -0.1818  0.0000 -0.1818 -0.3636 -0.1818  0.0909  0.1818 -0.1818  0.5455  0.0000 -0.2727 -0.1818 -0.0909 -0.1818 -0.1818  0.0909 -0.2727  0.1818 -0.0909 -0.0909 -0.5455
 204 W   -0.2727 -0.3636 -0.3636 -0.5455 -0.2727 -0.2727 -0.3636 -0.3636 -0.2727 -0.2727 -0.1818 -0.3636 -0.1818  0.0000 -0.4545 -0.3636 -0.3636  1.0000  0.1818 -0.2727 -0.4545 -0.2727 -0.2727 -0.0909 -0.5455
 205 S    0.0909 -0.0909  0.0000 -0.0909 -0.1818  0.0000  0.0000 -0.0909 -0.0909 -0.2727 -0.2727 -0.0909 -0.1818 -0.2727 -0.0909  0.4545  0.0909 -0.3636 -0.1818 -0.1818  0.0000 -0.2727  0.0000 -0.0909 -0.5455
 206 L   -0.1818 -0.2727 -0.3636 -0.4545 -0.1818 -0.2727 -0.3636 -0.3636 -0.2727  0.0909  0.3636 -0.2727  0.1818  0.0000 -0.2727 -0.2727 -0.1818 -0.1818 -0.1818  0.0909 -0.3636  0.2727 -0.2727 -0.0909 -0.5455
 207 G    0.0000 -0.2727 -0.0909 -0.1818 -0.3636 -0.1818 -0.2727  0.5455 -0.2727 -0.4545 -0.3636 -0.1818 -0.3636 -0.3636 -0.2727 -0.0909 -0.1818 -0.3636 -0.3636 -0.3636 -0.0909 -0.4545 -0.2727 -0.0909 -0.5455
 208 T    0.0000 -0.0909  0.0000 -0.0909 -0.0909 -0.0909 -0.0909 -0.1818 -0.1818 -0.0909 -0.1818 -0.0909 -0.0909 -0.1818 -0.1818  0.0909  0.4545 -0.3636 -0.1818  0.0000 -0.0909 -0.0909 -0.0909 -0.0909 -0.5455
 209 L   -0.1818 -0.2727 -0.3636 -0.4545 -0.1818 -0.2727 -0.3636 -0.3636 -0.2727  0.0909  0.3636 -0.2727  0.1818  0.0000 -0.2727 -0.2727 -0.1818 -0.1818 -0.1818  0.0909 -0.3636  0.2727 -0.2727 -0.0909 -0.5455
 210 V    0.0000 -0.2727 -0.3636 -0.3636 -0.0909 -0.2727 -0.2727 -0.3636 -0.3636  0.2727  0.0909 -0.2727  0.0909 -0.0909 -0.2727 -0.1818  0.0000 -0.2727 -0.1818  0.3636 -0.3636  0.1818 -0.2727 -0.0909 -0.5455
 211 Y   -0.1818 -0.2727 -0.2727 -0.3636 -0.2727 -0.1818 -0.2727 -0.3636  0.1818 -0.1818 -0.1818 -0.2727 -0.1818  0.2727 -0.3636 -0.1818 -0.1818  0.1818  0.6364 -0.1818 -0.2727 -0.1818 -0.2727 -0.0909 -0.5455
 212 V    0.0000 -0.2727 -0.3636 -0.3636 -0.0909 -0.2727 -0.2727 -0.3636 -0.3636  0.2727  0.0909 -0.2727  0.0909 -0.0909 -0.2727 -0.1818  0.0000 -0.2727 -0.1818  0.3636 -0.3636  0.1818 -0.2727 -0.0909 -0.5455
 213 L   -0.1818 -0.2727 -0.3636 -0.4545 -0.1818 -0.2727 -0.3636 -0.3636 -0.2727  0.0909  0.3636 -0.2727  0.1818  0.0000 -0.2727 -0.2727 -0.1818 -0.1818 -0.1818  0.0909 -0.3636  0.2727 -0.2727 -0.0909 -0.5455
 214 L   -0.1818 -0.2727 -0.3636 -0.4545 -0.1818 -0.2727 -0.3636 -0.3636 -0.2727  0.0909  0.3636 -0.2727  0.1818  0.0000 -0.2727 -0.2727 -0.1818 -0.1818 -0.1818  0.0909 -0.3636  0.2727 -0.2727 -0.0909 -0.5455
 215 S    0.0909 -0.0909  0.0000 -0.0909 -0.1818  0.0000  0.0000 -0.0909 -0.0909 -0.2727 -0.2727 -0.0909 -0.1818 -0.2727 -0.0909  0.4545  0.0909 -0.3636 -0.1818 -0.1818  0.0000 -0.2727  0.0000 -0.0909 -0.5455
 216 G    0.0000 -0.2727 -0.0909 -0.1818 -0.3636 -0.1818 -0.2727  0.5455 -0.2727 -0.4545 -0.3636 -0.1818 -0.3636 -0.3636 -0.2727 -0.0909 -0.1818 -0.3636 -0.3636 -0.3636 -0.0909 -0.4545 -0.2727 -0.0909 -0.5455
 217 I   -0.1818 -0.2727 -0.3636 -0.3636 -0.1818 -0.2727 -0.3636 -0.4545 -0.3636  0.4545  0.0909 -0.2727  0.0909 -0.0909 -0.3636 -0.2727 -0.0909 -0.2727 -0.1818  0.2727 -0.3636  0.2727 -0.3636 -0.0909 -0.5455
 218 N   -0.1818 -0.0909  0.5455  0.0909 -0.2727  0.0000 -0.0909 -0.0909  0.0000 -0.3636 -0.3636  0.0000 -0.2727 -0.3636 -0.2727  0.0000  0.0000 -0.3636 -0.2727 -0.3636  0.4545 -0.3636  0.0000 -0.0909 -0.5455
 219 P   -0.0909 -0.1818 -0.2727 -0.1818 -0.3636 -0.1818 -0.1818 -0.2727 -0.2727 -0.3636 -0.2727 -0.0909 -0.2727 -0.3636  0.7273 -0.0909 -0.1818 -0.4545 -0.3636 -0.2727 -0.1818 -0.3636 -0.1818 -0.0909 -0.5455
 220 F   -0.2727 -0.3636 -0.3636 -0.3636 -0.2727 -0.3636 -0.3636 -0.3636 -0.1818 -0.0909  0.0000 -0.3636  0.0000  0.5455 -0.3636 -0.2727 -0.1818  0.0000  0.2727 -0.0909 -0.3636  0.0000 -0.3636 -0.0909 -0.5455
 221 L   -0.1818 -0.2727 -0.3636 -0.4545 -0.1818 -0.2727 -0.3636 -0.3636 -0.2727  0.0909  0.3636 -0.2727  0.1818  0.0000 -0.2727 -0.2727 -0.1818 -0.1818 -0.1818  0.0909 -0.3636  0.2727 -0.2727 -0.0909 -0.5455
 222 A    0.4545 -0.1818 -0.1818 -0.1818 -0.0909 -0.0909 -0.0909  0.0000 -0.1818 -0.1818 -0.1818 -0.0909 -0.0909 -0.2727 -0.0909  0.0909  0.0000 -0.2727 -0.1818  0.0000 -0.1818 -0.1818 -0.0909 -0.0909 -0.5455
 223 E   -0.0909 -0.0909 -0.0909  0.0909 -0.4545  0.1818  0.5455 -0.2727  0.0000 -0.3636 -0.3636  0.0909 -0.1818 -0.3636 -0.1818  0.0000 -0.0909 -0.3636 -0.2727 -0.2727  0.0909 -0.3636  0.4545 -0.0909 -0.5455
 224 T    0.0000 -0.0909  0.0000 -0.0909 -0.0909 -0.0909 -0.0909 -0.1818 -0.1818 -0.0909 -0.1818 -0.0909 -0.0909 -0.1818 -0.1818  0.0909  0.4545 -0.3636 -0.1818  0.0000 -0.0909 -0.0909 -0.0909 -0.0909 -0.5455
 225 N   -0.1818 -0.0909  0.5455  0.0909 -0.2727  0.0000 -0.0909 -0.0909  0.0000 -0.3636 -0.3636  0.0000 -0.2727 -0.3636 -0.2727  0.0000  0.0000 -0.3636 -0.2727 -0.3636  0.4545 -0.3636  0.0000 -0.0909 -0.5455
 226 Q   -0.0909  0.0909  0.0000 -0.0909 -0.3636  0.5455  0.1818 -0.1818  0.0909 -0.2727 -0.2727  0.0909  0.0000 -0.3636 -0.1818  0.0000 -0.0909 -0.2727 -0.1818 -0.2727  0.0000 -0.2727  0.3636 -0.0909 -0.5455
 227 Q   -0.0909  0.0909  0.0000 -0.0909 -0.3636  0.5455  0.1818 -0.1818  0.0909 -0.2727 -0.2727  0.0909  0.0000 -0.3636 -0.1818  0.0000 -0.0909 -0.2727 -0.1818 -0.2727  0.0000 -0.2727  0.3636 -0.0909 -0.5455
 228 I   -0.1818 -0.2727 -0.3636 -0.3636 -0.1818 -0.2727 -0.3636 -0.4545 -0.3636  0.4545  0.0909 -0.2727  0.0909 -0.0909 -0.3636 -0.2727 -0.0909 -0.2727 -0.1818  0.2727 -0.3636  0.2727 -0.3636 -0.0909 -0.5455
 229 I   -0.1818 -0.2727 -0.3636 -0.3636 -0.1818 -0.2727 -0.3636 -0.4545 -0.3636  0.4545  0.0909 -0.2727  0.0909 -0.0909 -0.3636 -0.2727 -0.0909 -0.2727 -0.1818  0.2727 -0.3636  0.2727 -0.3636 -0.0909 -0.5455
 230 E   -0.0909 -0.0909 -0.0909  0.0909 -0.4545  0.1818  0.5455 -0.2727  0.0000 -0.3636 -0.3636  0.0909 -0.1818 -0.3636 -0.1818  0.0000 -0.0909 -0.3636 -0.2727 -0.2727  0.0909 -0.3636  0.4545 -0.0909 -0.5455
 231 N   -0.1818 -0.0909  0.5455  0.0909 -0.2727  0.0000 -0.0909 -0.0909  0.0000 -0.3636 -0.3636  0.0000 -0.2727 -0.3636 -0.2727  0.0000  0.0000 -0.3636 -0.2727 -0.3636  0.4545 -0.3636  0.0000 -0.0909 -0.5455
 232 I   -0.1818 -0.2727 -0.3636 -0.3636 -0.1818 -0.2727 -0.3636 -0.4545 -0.3636  0.4545  0.0909 -0.2727  0.0909 -0.0909 -0.3636 -0.2727 -0.0909 -0.2727 -0.1818  0.2727 -0.3636  0.2727 -0.3636 -0.0909 -0.5455
 233 M   -0.0909 -0.1818 -0.2727 -0.3636 -0.1818  0.0000 -0.1818 -0.3636 -0.1818  0.0909  0.1818 -0.1818  0.5455  0.0000 -0.2727 -0.1818 -0.0909 -0.1818 -0.1818  0.0909 -0.2727  0.1818 -0.0909 -0.0909 -0.5455
 234 N   -0.1818 -0.0909  0.5455  0.0909 -0.2727  0.0000 -0.0909 -0.0909  0.0000 -0.3636 -0.3636  0.0000 -0.2727 -0.3636 -0.2727  0.0000  0.0000 -0.3636 -0.2727 -0.3636  0.4545 -0.3636  0.0000 -0.0909 -0.5455
 235 A    0.4545 -0.1818 -0.1818 -0.1818 -0.0909 -0.0909 -0.0909  0.0000 -0.1818 -0.1818 -0.1818 -0.0909 -0.0909 -0.2727 -0.0909  0.0909  0.0000 -0.2727 -0.1818  0.0000 -0.1818 -0.1818 -0.0909 -0.0909 -0.5455
 236 E   -0.0909 -0.0909 -0.0909  0.0909 -0.4545  0.1818  0.5455 -0.2727  0.0000 -0.3636 -0.3636  0.0909 -0.1818 -0.3636 -0.1818  0.0000 -0.0909 -0.3636 -0.2727 -0.2727  0.0909 -0.3636  0.4545 -0.0909 -0.5455
 237 Y   -0.1818 -0.2727 -0.2727 -0.3636 -0.2727 -0.1818 -0.2727 -0.3636  0.1818 -0.1818 -0.1818 -0.2727 -0.1818  0.2727 -0.3636 -0.1818 -0.1818  0.1818  0.6364 -0.1818 -0.2727 -0.1818 -0.2727 -0.0909 -0.5455
 238 T    0.0000 -0.0909  0.0000 -0.0909 -0.0909 -0.0909 -0.0909 -0.1818 -0.1818 -0.0909 -0.1818 -0.0909 -0.0909 -0.1818 -0.1818  0.0909  0.4545 -0.3636 -0.1818  0.0000 -0.0909 -0.0909 -0.0909 -0.0909 -0.5455
 239 F   -0.2727 -0.3636 -0.3636 -0.3636 -0.2727 -0.3636 -0.3636 -0.3636 -0.1818 -0.0909  0.0000 -0.3636  0.0000  0.5455 -0.3636 -0.2727 -0.1818  0.0000  0.2727 -0.0909 -0.3636  0.0000 -0.3636 -0.0909 -0.5455
 240 D   -0.1818 -0.1818  0.0909  0.5455 -0.3636 -0.0909  0.0909 -0.1818 -0.1818 -0.3636 -0.4545 -0.0909 -0.3636 -0.3636 -0.1818 -0.0909 -0.0909 -0.5455 -0.3636 -0.3636  0.4545 -0.4545  0.0909 -0.0909 -0.5455
 241 E   -0.0909 -0.0909 -0.0909  0.0909 -0.4545  0.1818  0.5455 -0.2727  0.0000 -0.3636 -0.3636  0.0909 -0.1818 -0.3636 -0.1818  0.0000 -0.0909 -0.3636 -0.2727 -0.2727  0.0909 -0.3636  0.4545 -0.0909 -0.5455
 242 E   -0.0909 -0.0909 -0.0909  0.0909 -0.4545  0.1818  0.5455 -0.2727  0.0000 -0.3636 -0.3636  0.0909 -0.1818 -0.3636 -0.1818  0.0000 -0.0909 -0.3636 -0.2727 -0.2727  0.0909 -0.3636  0.4545 -0.0909 -0.5455
 243 A    0.4545 -0.1818 -0.1818 -0.1818 -0.0909 -0.0909 -0.0909  0.0000 -0.1818 -0.1818 -0.1818 -0.0909 -0.0909 -0.2727 -0.0909  0.0909  0.0000 -0.2727 -0.1818  0.0000 -0.1818 -0.1818 -0.0909 -0.0909 -0.5455
 244 F   -0.2727 -0.3636 -0.3636 -0.3636 -0.2727 -0.3636 -0.3636 -0.3636 -0.1818 -0.0909  0.0000 -0.3636  0.0000  0.5455 -0.3636 -0.2727 -0.1818  0.0000  0.2727 -0.0909 -0.3636  0.0000 -0.3636 -0.0909 -0.5455
 245 K   -0.0909  0.1818  0.0000 -0.0909 -0.3636  0.0909  0.0909 -0.1818 -0.0909 -0.2727 -0.2727  0.4545 -0.1818 -0.3636 -0.0909 -0.0909 -0.0909 -0.3636 -0.2727 -0.2727 -0.0909 -0.2727  0.0909 -0.0909 -0.5455
 246 E   -0.0909 -0.0909 -0.0909  0.0909 -0.4545  0.1818  0.5455 -0.2727  0.0000 -0.3636 -0.3636  0.0909 -0.1818 -0.3636 -0.1818  0.0000 -0.0909 -0.3636 -0.2727 -0.2727  0.0909 -0.3636  0.4545 -0.0909 -0.5455
 247 I   -0.1818 -0.2727 -0.3636 -0.3636 -0.1818 -0.2727 -0.3636 -0.4545 -0.3636  0.4545  0.0909 -0.2727  0.0909 -0.0909 -0.3636 -0.2727 -0.0909 -0.2727 -0.1818  0.2727 -0.3636  0.2727 -0.3636 -0.0909 -0.5455
 248 S    0.0909 -0.0909  0.0000 -0.0909 -0.1818  0.0000  0.0000 -0.0909 -0.0909 -0.2727 -0.2727 -0.0909 -0.1818 -0.2727 -0.0909  0.4545  0.0909 -0.3636 -0.1818 -0.1818  0.0000 -0.2727  0.0000 -0.0909 -0.5455
 249 I   -0.1818 -0.2727 -0.3636 -0.3636 -0.1818 -0.2727 -0.3636 -0.4545 -0.3636  0.4545  0.0909 -0.2727  0.0909 -0.0909 -0.3636 -0.2727 -0.0909 -0.2727 -0.1818  0.2727 -0.3636  0.2727 -0.3636 -0.0909 -0.5455
 250 E   -0.0909 -0.0909 -0.0909  0.0909 -0.4545  0.1818  0.5455 -0.2727  0.0000 -0.3636 -0.3636  0.0909 -0.1818 -0.3636 -0.1818  0.0000 -0.0909 -0.3636 -0.2727 -0.2727  0.0909 -0.3636  0.4545 -0.0909 -0.5455
 251 A    0.4545 -0.1818 -0.1818 -0.1818 -0.0909 -0.0909 -0.0909  0.0000 -0.1818 -0.1818 -0.1818 -0.0909 -0.0909 -0.2727 -0.0909  0.0909  0.0000 -0.2727 -0.1818  0.0000 -0.1818 -0.1818 -0.0909 -0.0909 -0.5455
 252 M   -0.0909 -0.1818 -0.2727 -0.3636 -0.1818  0.0000 -0.1818 -0.3636 -0.1818  0.0909  0.1818 -0.1818  0.5455  0.0000 -0.2727 -0.1818 -0.0909 -0.1818 -0.1818  0.0909 -0.2727  0.1818 -0.0909 -0.0909 -0.5455
 253 D   -0.1818 -0.1818  0.0909  0.5455 -0.3636 -0.0909  0.0909 -0.1818 -0.1818 -0.3636 -0.4545 -0.0909 -0.3636 -0.3636 -0.1818 -0.0909 -0.0909 -0.5455 -0.3636 -0.3636  0.4545 -0.4545  0.0909 -0.0909 -0.5455
 254 F   -0.2727 -0.3636 -0.3636 -0.3636 -0.2727 -0.3636 -0.3636 -0.3636 -0.1818 -0.0909  0.0000 -0.3636  0.0000  0.5455 -0.3636 -0.2727 -0.1818  0.0000  0.2727 -0.0909 -0.3636  0.0000 -0.3636 -0.0909 -0.5455
 255 V    0.0000 -0.2727 -0.3636 -0.3636 -0.0909 -0.2727 -0.2727 -0.3636 -0.3636  0.2727  0.0909 -0.2727  0.0909 -0.0909 -0.2727 -0.1818  0.0000 -0.2727 -0.1818  0.3636 -0.3636  0.1818 -0.2727 -0.0909 -0.5455
 256 D   -0.1818 -0.1818  0.0909  0.5455 -0.3636 -0.0909  0.0909 -0.1818 -0.1818 -0.3636 -0.4545 -0.0909 -0.3636 -0.3636 -0.1818 -0.0909 -0.0909 -0.5455 -0.3636 -0.3636  0.4545 -0.4545  0.0909 -0.0909 -0.5455
 257 R   -0.1818  0.5455 -0.0909 -0.1818 -0.3636  0.0909 -0.0909 -0.2727  0.0000 -0.2727 -0.2727  0.1818 -0.1818 -0.3636 -0.1818 -0.0909 -0.0909 -0.3636 -0.2727 -0.2727 -0.0909 -0.2727  0.0000 -0.0909 -0.5455
 258 L   -0.1818 -0.2727 -0.3636 -0.4545 -0.1818 -0.2727 -0.3636 -0.3636 -0.2727  0.0909  0.3636 -0.2727  0.1818  0.0000 -0.2727 -0.2727 -0.1818 -0.1818 -0.1818  0.0909 -0.3636  0.2727 -0.2727 -0.0909 -0.5455
 259 L   -0.1818 -0.2727 -0.3636 -0.4545 -0.1818 -0.2727 -0.3636 -0.3636 -0.2727  0.0909  0.3636 -0.2727  0.1818  0.0000 -0.2727 -0.2727 -0.1818 -0.1818 -0.1818  0.0909 -0.3636  0.2727 -0.2727 -0.0909 -0.5455
 260 V    0.0000 -0.2727 -0.3636 -0.3636 -0.0909 -0.2727 -0.2727 -0.3636 -0.3636  0.2727  0.0909 -0.2727  0.0909 -0.0909 -0.2727 -0.1818  0.0000 -0.2727 -0.1818  0.3636 -0.3636  0.1818 -0.2727 -0.0909 -0.5455
 261 K   -0.0909  0.1818  0.0000 -0.0909 -0.3636  0.0909  0.0909 -0.1818 -0.0909 -0.2727 -0.2727  0.4545 -0.1818 -0.3636 -0.0909 -0.0909 -0.0909 -0.3636 -0.2727 -0.2727 -0.0909 -0.2727  0.0909 -0.0909 -0.5455
 262 E   -0.0909 -0.0909 -0.0909  0.0909 -0.4545  0.1818  0.5455 -0.2727  0.0000 -0.3636 -0.3636  0.0909 -0.1818 -0.3636 -0.1818  0.0000 -0.0909 -0.3636 -0.2727 -0.2727  0.0909 -0.3636  0.4545 -0.0909 -0.5455
 263 R   -0.1818  0.5455 -0.0909 -0.1818 -0.3636  0.0909 -0.0909 -0.2727  0.0000 -0.2727 -0.2727  0.1818 -0.1818 -0.3636 -0.1818 -0.0909 -0.0909 -0.3636 -0.2727 -0.2727 -0.0909 -0.2727  0.0000 -0.0909 -0.5455
 264 K   -0.0909  0.1818  0.0000 -0.0909 -0.3636  0.0909  0.0909 -0.1818 -0.0909 -0.2727 -0.2727  0.4545 -0.1818 -0.3636 -0.0909 -0.0909 -0.0909 -0.3636 -0.2727 -0.2727 -0.0909 -0.2727  0.0909 -0.0909 -0.5455
 265 S    0.0909 -0.0909  0.0000 -0.0909 -0.1818  0.0000  0.0000 -0.0909 -0.0909 -0.2727 -0.2727 -0.0909 -0.1818 -0.2727 -0.0909  0.4545  0.0909 -0.3636 -0.1818 -0.1818  0.0000 -0.2727  0.0000 -0.0909 -0.5455
 266 R   -0.1818  0.5455 -0.0909 -0.1818 -0.3636  0.0909 -0.0909 -0.2727  0.0000 -0.2727 -0.2727  0.1818 -0.1818 -0.3636 -0.1818 -0.0909 -0.0909 -0.3636 -0.2727 -0.2727 -0.0909 -0.2727  0.0000 -0.0909 -0.5455
 267 M   -0.0909 -0.1818 -0.2727 -0.3636 -0.1818  0.0000 -0.1818 -0.3636 -0.1818  0.0909  0.1818 -0.1818  0.5455  0.0000 -0.2727 -0.1818 -0.0909 -0.1818 -0.1818  0.0909 -0.2727  0.1818 -0.0909 -0.0909 -0.5455
 268 T    0.0000 -0.0909  0.0000 -0.0909 -0.0909 -0.0909 -0.0909 -0.1818 -0.1818 -0.0909 -0.1818 -0.0909 -0.0909 -0.1818 -0.1818  0.0909  0.4545 -0.3636 -0.1818  0.0000 -0.0909 -0.0909 -0.0909 -0.0909 -0.5455
 269 A    0.4545 -0.1818 -0.1818 -0.1818 -0.0909 -0.0909 -0.0909  0.0000 -0.1818 -0.1818 -0.1818 -0.0909 -0.0909 -0.2727 -0.0909  0.0909  0.0000 -0.2727 -0.1818  0.0000 -0.1818 -0.1818 -0.0909 -0.0909 -0.5455
 270 S    0.0909 -0.0909  0.0000 -0.0909 -0.1818  0.0000  0.0000 -0.0909 -0.0909 -0.2727 -0.2727 -0.0909 -0.1818 -0.2727 -0.0909  0.4545  0.0909 -0.3636 -0.1818 -0.1818  0.0000 -0.2727  0.0000 -0.0909 -0.5455
 271 E   -0.0909 -0.0909 -0.0909  0.0909 -0.4545  0.1818  0.5455 -0.2727  0.0000 -0.3636 -0.3636  0.0909 -0.1818 -0.3636 -0.1818  0.0000 -0.0909 -0.3636 -0.2727 -0.2727  0.0909 -0.3636  0.4545 -0.0909 -0.5455
 272 A    0.4545 -0.1818 -0.1818 -0.1818 -0.0909 -0.0909 -0.0909  0.0000 -0.1818 -0.1818 -0.1818 -0.0909 -0.0909 -0.2727 -0.0909  0.0909  0.0000 -0.2727 -0.1818  0.0000 -0.1818 -0.1818 -0.0909 -0.0909 -0.5455
 273 L   -0.1818 -0.2727 -0.3636 -0.4545 -0.1818 -0.2727 -0.3636 -0.3636 -0.2727  0.0909  0.3636 -0.2727  0.1818  0.0000 -0.2727 -0.2727 -0.1818 -0.1818 -0.1818  0.0909 -0.3636  0.2727 -0.2727 -0.0909 -0.5455
 274 Q   -0.0909  0.0909  0.0000 -0.0909 -0.3636  0.5455  0.1818 -0.1818  0.0909 -0.2727 -0.2727  0.0909  0.0000 -0.3636 -0.1818  0.0000 -0.0909 -0.2727 -0.1818 -0.2727  0.0000 -0.2727  0.3636 -0.0909 -0.5455
 275 H   -0.1818  0.0000  0.0000 -0.1818 -0.3636  0.0909  0.0000 -0.2727  0.7273 -0.3636 -0.2727 -0.0909 -0.1818 -0.1818 -0.2727 -0.0909 -0.1818 -0.2727  0.1818 -0.3636 -0.0909 -0.3636  0.0000 -0.0909 -0.5455
 276 P   -0.0909 -0.1818 -0.2727 -0.1818 -0.3636 -0.1818 -0.1818 -0.2727 -0.2727 -0.3636 -0.2727 -0.0909 -0.2727 -0.3636  0.7273 -0.0909 -0.1818 -0.4545 -0.3636 -0.2727 -0.1818 -0.3636 -0.1818 -0.0909 -0.5455
 277 W   -0.2727 -0.3636 -0.3636 -0.5455 -0.2727 -0.2727 -0.3636 -0.3636 -0.2727 -0.2727 -0.1818 -0.3636 -0.1818  0.0000 -0.4545 -0.3636 -0.3636  1.0000  0.1818 -0.2727 -0.4545 -0.2727 -0.2727 -0.0909 -0.5455
 278 L   -0.1818 -0.2727 -0.3636 -0.4545 -0.1818 -0.2727 -0.3636 -0.3636 -0.2727  0.0909  0.3636 -0.2727  0.1818  0.0000 -0.2727 -0.2727 -0.1818 -0.1818 -0.1818  0.0909 -0.3636  0.2727 -0.2727 -0.0909 -0.5455
 279 K   -0.0909  0.1818  0.0000 -0.0909 -0.3636  0.0909  0.0909 -0.1818 -0.0909 -0.2727 -0.2727  0.4545 -0.1818 -0.3636 -0.0909 -0.0909 -0.0909 -0.3636 -0.2727 -0.2727 -0.0909 -0.2727  0.0909 -0.0909 -0.5455
 280 Q   -0.0909  0.0909  0.0000 -0.0909 -0.3636  0.5455  0.1818 -0.1818  0.0909 -0.2727 -0.2727  0.0909  0.0000 -0.3636 -0.1818  0.0000 -0.0909 -0.2727 -0.1818 -0.2727  0.0000 -0.2727  0.3636 -0.0909 -0.5455
 281 K   -0.0909  0.1818  0.0000 -0.0909 -0.3636  0.0909  0.0909 -0.1818 -0.0909 -0.2727 -0.2727  0.4545 -0.1818 -0.3636 -0.0909 -0.0909 -0.0909 -0.3636 -0.2727 -0.2727 -0.0909 -0.2727  0.0909 -0.0909 -0.5455
 282 I   -0.1818 -0.2727 -0.3636 -0.3636 -0.1818 -0.2727 -0.3636 -0.4545 -0.3636  0.4545  0.0909 -0.2727  0.0909 -0.0909 -0.3636 -0.2727 -0.0909 -0.2727 -0.1818  0.2727 -0.3636  0.2727 -0.3636 -0.0909 -0.5455
 283 E   -0.0909 -0.0909 -0.0909  0.0909 -0.4545  0.1818  0.5455 -0.2727  0.0000 -0.3636 -0.3636  0.0909 -0.1818 -0.3636 -0.1818  0.0000 -0.0909 -0.3636 -0.2727 -0.2727  0.0909 -0.3636  0.4545 -0.0909 -0.5455
 284 R   -0.1818  0.5455 -0.0909 -0.1818 -0.3636  0.0909 -0.0909 -0.2727  0.0000 -0.2727 -0.2727  0.1818 -0.1818 -0.3636 -0.1818 -0.0909 -0.0909 -0.3636 -0.2727 -0.2727 -0.0909 -0.2727  0.0000 -0.0909 -0.5455
 285 V    0.0000 -0.2727 -0.3636 -0.3636 -0.0909 -0.2727 -0.2727 -0.3636 -0.3636  0.2727  0.0909 -0.2727  0.0909 -0.0909 -0.2727 -0.1818  0.0000 -0.2727 -0.1818  0.3636 -0.3636  0.1818 -0.2727 -0.0909 -0.5455
 286 S    0.0909 -0.0909  0.0000 -0.0909 -0.1818  0.0000  0.0000 -0.0909 -0.0909 -0.2727 -0.2727 -0.0909 -0.1818 -0.2727 -0.0909  0.4545  0.0909 -0.3636 -0.1818 -0.1818  0.0000 -0.2727  0.0000 -0.0909 -0.5455
 287 T    0.0000 -0.0909  0.0000 -0.0909 -0.0909 -0.0909 -0.0909 -0.1818 -0.1818 -0.0909 -0.1818 -0.0909 -0.0909 -0.1818 -0.1818  0.0909  0.4545 -0.3636 -0.1818  0.0000 -0.0909 -0.0909 -0.0909 -0.0909 -0.5455
 288 K   -0.0909  0.1818  0.0000 -0.0909 -0.3636  0.0909  0.0909 -0.1818 -0.0909 -0.2727 -0.2727  0.4545 -0.1818 -0.3636 -0.0909 -0.0909 -0.0909 -0.3636 -0.2727 -0.2727 -0.0909 -0.2727  0.0909 -0.0909 -0.5455
 289 V    0.0000 -0.2727 -0.3636 -0.3636 -0.0909 -0.2727 -0.2727 -0.3636 -0.3636  0.2727  0.0909 -0.2727  0.0909 -0.0909 -0.2727 -0.1818  0.0000 -0.2727 -0.1818  0.3636 -0.3636  0.1818 -0.2727 -0.0909 -0.5455
 290 I   -0.1818 -0.2727 -0.3636 -0.3636 -0.1818 -0.2727 -0.3636 -0.4545 -0.3636  0.4545  0.0909 -0.2727  0.0909 -0.0909 -0.3636 -0.2727 -0.0909 -0.2727 -0.1818  0.2727 -0.3636  0.2727 -0.3636 -0.0909 -0.5455
 291 R   -0.1818  0.5455 -0.0909 -0.1818 -0.3636  0.0909 -0.0909 -0.2727  0.0000 -0.2727 -0.2727  0.1818 -0.1818 -0.3636 -0.1818 -0.0909 -0.0909 -0.3636 -0.2727 -0.2727 -0.0909 -0.2727  0.0000 -0.0909 -0.5455
 292 T    0.0000 -0.0909  0.0000 -0.0909 -0.0909 -0.0909 -0.0909 -0.1818 -0.1818 -0.0909 -0.1818 -0.0909 -0.0909 -0.1818 -0.1818  0.0909  0.4545 -0.3636 -0.1818  0.0000 -0.0909 -0.0909 -0.0909 -0.0909 -0.5455
 293 L   -0.1818 -0.2727 -0.3636 -0.4545 -0.1818 -0.2727 -0.3636 -0.3636 -0.2727  0.0909  0.3636 -0.2727  0.1818  0.0000 -0.2727 -0.2727 -0.1818 -0.1818 -0.1818  0.0909 -0.3636  0.2727 -0.2727 -0.0909 -0.5455
 294 K   -0.0909  0.1818  0.0000 -0.0909 -0.3636  0.0909  0.0909 -0.1818 -0.0909 -0.2727 -0.2727  0.4545 -0.1818 -0.3636 -0.0909 -0.0909 -0.0909 -0.3636 -0.2727 -0.2727 -0.0909 -0.2727  0.0909 -0.0909 -0.5455
 295 H   -0.1818  0.0000  0.0000 -0.1818 -0.3636  0.0909  0.0000 -0.2727  0.7273 -0.3636 -0.2727 -0.0909 -0.1818 -0.1818 -0.2727 -0.0909 -0.1818 -0.2727  0.1818 -0.3636 -0.0909 -0.3636  0.0000 -0.0909 -0.5455
 296 R   -0.1818  0.5455 -0.0909 -0.1818 -0.3636  0.0909 -0.0909 -0.2727  0.0000 -0.2727 -0.2727  0.1818 -0.1818 -0.3636 -0.1818 -0.0909 -0.0909 -0.3636 -0.2727 -0.2727 -0.0909 -0.2727  0.0000 -0.0909 -0.5455
 297 R   -0.1818  0.5455 -0.0909 -0.1818 -0.3636  0.0909 -0.0909 -0.2727  0.0000 -0.2727 -0.2727  0.1818 -0.1818 -0.3636 -0.1818 -0.0909 -0.0909 -0.3636 -0.2727 -0.2727 -0.0909 -0.2727  0.0000 -0.0909 -0.5455
 298 Y   -0.1818 -0.2727 -0.2727 -0.3636 -0.2727 -0.1818 -0.2727 -0.3636  0.1818 -0.1818 -0.1818 -0.2727 -0.1818  0.2727 -0.3636 -0.1818 -0.1818  0.1818  0.6364 -0.1818 -0.2727 -0.1818 -0.2727 -0.0909 -0.5455
 299 Y   -0.1818 -0.2727 -0.2727 -0.3636 -0.2727 -0.1818 -0.2727 -0.3636  0.1818 -0.1818 -0.1818 -0.2727 -0.1818  0.2727 -0.3636 -0.1818 -0.1818  0.1818  0.6364 -0.1818 -0.2727 -0.1818 -0.2727 -0.0909 -0.5455
 300 H   -0.1818  0.0000  0.0000 -0.1818 -0.3636  0.0909  0.0000 -0.2727  0.7273 -0.3636 -0.2727 -0.0909 -0.1818 -0.1818 -0.2727 -0.0909 -0.1818 -0.2727  0.1818 -0.3636 -0.0909 -0.3636  0.0000 -0.0909 -0.5455
 301 T    0.0000 -0.0909  0.0000 -0.0909 -0.0909 -0.0909 -0.0909 -0.1818 -0.1818 -0.0909 -0.1818 -0.0909 -0.0909 -0.1818 -0.1818  0.0909  0.4545 -0.3636 -0.1818  0.0000 -0.0909 -0.0909 -0.0909 -0.0909 -0.5455
 302 L   -0.1818 -0.2727 -0.3636 -0.4545 -0.1818 -0.2727 -0.3636 -0.3636 -0.2727  0.0909  0.3636 -0.2727  0.1818  0.0000 -0.2727 -0.2727 -0.1818 -0.1818 -0.1818  0.0909 -0.3636  0.2727 -0.2727 -0.0909 -0.5455
 303 I   -0.1818 -0.2727 -0.3636 -0.3636 -0.1818 -0.2727 -0.3636 -0.4545 -0.3636  0.4545  0.0909 -0.2727  0.0909 -0.0909 -0.3636 -0.2727 -0.0909 -0.2727 -0.1818  0.2727 -0.3636  0.2727 -0.3636 -0.0909 -0.5455
 304 K   -0.0909  0.1818  0.0000 -0.0909 -0.3636  0.0909  0.0909 -0.1818 -0.0909 -0.2727 -0.2727  0.4545 -0.1818 -0.3636 -0.0909 -0.0909 -0.0909 -0.3636 -0.2727 -0.2727 -0.0909 -0.2727  0.0909 -0.0909 -0.5455
 305 K   -0.0909  0.1818  0.0000 -0.0909 -0.3636  0.0909  0.0909 -0.1818 -0.0909 -0.2727 -0.2727  0.4545 -0.1818 -0.3636 -0.0909 -0.0909 -0.0909 -0.3636 -0.2727 -0.2727 -0.0909 -0.2727  0.0909 -0.0909 -0.5455
 306 D   -0.1818 -0.1818  0.0909  0.5455 -0.3636 -0.0909  0.0909 -0.1818 -0.1818 -0.3636 -0.4545 -0.0909 -0.3636 -0.3636 -0.1818 -0.0909 -0.0909 -0.5455 -0.3636 -0.3636  0.4545 -0.4545  0.0909 -0.0909 -0.5455
 307 L   -0.1818 -0.2727 -0.3636 -0.4545 -0.1818 -0.2727 -0.3636 -0.3636 -0.2727  0.0909  0.3636 -0.2727  0.1818  0.0000 -0.2727 -0.2727 -0.1818 -0.1818 -0.1818  0.0909 -0.3636  0.2727 -0.2727 -0.0909 -0.5455
 308 N   -0.1818 -0.0909  0.5455  0.0909 -0.2727  0.0000 -0.0909 -0.0909  0.0000 -0.3636 -0.3636  0.0000 -0.2727 -0.3636 -0.2727  0.0000  0.0000 -0.3636 -0.2727 -0.3636  0.4545 -0.3636  0.0000 -0.0909 -0.5455
 309 M   -0.0909 -0.1818 -0.2727 -0.3636 -0.1818  0.0000 -0.1818 -0.3636 -0.1818  0.0909  0.1818 -0.1818  0.5455  0.0000 -0.2727 -0.1818 -0.0909 -0.1818 -0.1818  0.0909 -0.2727  0.1818 -0.0909 -0.0909 -0.5455
 310 V    0.0000 -0.2727 -0.3636 -0.3636 -0.0909 -0.2727 -0.2727 -0.3636 -0.3636  0.2727  0.0909 -0.2727  0.0909 -0.0909 -0.2727 -0.1818  0.0000 -0.2727 -0.1818  0.3636 -0.3636  0.1818 -0.2727 -0.0909 -0.5455
 311 V    0.0000 -0.2727 -0.3636 -0.3636 -0.0909 -0.2727 -0.2727 -0.3636 -0.3636  0.2727  0.0909 -0.2727  0.0909 -0.0909 -0.2727 -0.1818  0.0000 -0.2727 -0.1818  0.3636 -0.3636  0.1818 -0.2727 -0.0909 -0.5455
 312 S    0.0909 -0.0909  0.0000 -0.0909 -0.1818  0.0000  0.0000 -0.0909 -0.0909 -0.2727 -0.2727 -0.0909 -0.1818 -0.2727 -0.0909  0.4545  0.0909 -0.3636 -0.1818 -0.1818  0.0000 -0.2727  0.0000 -0.0909 -0.5455
 313 A    0.4545 -0.1818 -0.1818 -0.1818 -0.0909 -0.0909 -0.0909  0.0000 -0.1818 -0.1818 -0.1818 -0.0909 -0.0909 -0.2727 -0.0909  0.0909  0.0000 -0.2727 -0.1818  0.0000 -0.1818 -0.1818 -0.0909 -0.0909 -0.5455
 314 A    0.4545 -0.1818 -0.1818 -0.1818 -0.0909 -0.0909 -0.0909  0.0000 -0.1818 -0.1818 -0.1818 -0.0909 -0.0909 -0.2727 -0.0909  0.0909  0.0000 -0.2727 -0.1818  0.0000 -0.1818 -0.1818 -0.0909 -0.0909 -0.5455
 315 R   -0.1818  0.5455 -0.0909 -0.1818 -0.3636  0.0909 -0.0909 -0.2727  0.0000 -0.2727 -0.2727  0.1818 -0.1818 -0.3636 -0.1818 -0.0909 -0.0909 -0.3636 -0.2727 -0.2727 -0.0909 -0.2727  0.0000 -0.0909 -0.5455
 316 I   -0.1818 -0.2727 -0.3636 -0.3636 -0.1818 -0.2727 -0.3636 -0.4545 -0.3636  0.4545  0.0909 -0.2727  0.0909 -0.0909 -0.3636 -0.2727 -0.0909 -0.2727 -0.1818  0.2727 -0.3636  0.2727 -0.3636 -0.0909 -0.5455
 317 S    0.0909 -0.0909  0.0000 -0.0909 -0.1818  0.0000  0.0000 -0.0909 -0.0909 -0.2727 -0.2727 -0.0909 -0.1818 -0.2727 -0.0909  0.4545  0.0909 -0.3636 -0.1818 -0.1818  0.0000 -0.2727  0.0000 -0.0909 -0.5455
 318 C   -0.0909 -0.3636 -0.2727 -0.3636  0.8182 -0.3636 -0.4545 -0.3636 -0.3636 -0.1818 -0.1818 -0.3636 -0.1818 -0.2727 -0.3636 -0.1818 -0.0909 -0.2727 -0.2727 -0.0909 -0.3636 -0.1818 -0.3636 -0.0909 -0.5455
 319 G    0.0000 -0.2727 -0.0909 -0.1818 -0.3636 -0.1818 -0.2727  0.5455 -0.2727 -0.4545 -0.3636 -0.1818 -0.3636 -0.3636 -0.2727 -0.0909 -0.1818 -0.3636 -0.3636 -0.3636 -0.0909 -0.4545 -0.2727 -0.0909 -0.5455
 320 G    0.0000 -0.2727 -0.0909 -0.1818 -0.3636 -0.1818 -0.2727  0.5455 -0.2727 -0.4545 -0.3636 -0.1818 -0.3636 -0.3636 -0.2727 -0.0909 -0.1818 -0.3636 -0.3636 -0.3636 -0.0909 -0.4545 -0.2727 -0.0909 -0.5455
 321 A    0.4545 -0.1818 -0.1818 -0.1818 -0.0909 -0.0909 -0.0909  0.0000 -0.1818 -0.1818 -0.1818 -0.0909 -0.0909 -0.2727 -0.0909  0.0909  0.0000 -0.2727 -0.1818  0.0000 -0.1818 -0.1818 -0.0909 -0.0909 -0.5455
 322 I   -0.1818 -0.2727 -0.3636 -0.3636 -0.1818 -0.2727 -0.3636 -0.4545 -0.3636  0.4545  0.0909 -0.2727  0.0909 -0.0909 -0.3636 -0.2727 -0.0909 -0.2727 -0.1818  0.2727 -0.3636  0.2727 -0.3636 -0.0909 -0.5455
 323 R   -0.1818  0.5455 -0.0909 -0.1818 -0.3636  0.0909 -0.0909 -0.2727  0.0000 -0.2727 -0.2727  0.1818 -0.1818 -0.3636 -0.1818 -0.0909 -0.0909 -0.3636 -0.2727 -0.2727 -0.0909 -0.2727  0.0000 -0.0909 -0.5455
 324 S    0.0909 -0.0909  0.0000 -0.0909 -0.1818  0.0000  0.0000 -0.0909 -0.0909 -0.2727 -0.2727 -0.0909 -0.1818 -0.2727 -0.0909  0.4545  0.0909 -0.3636 -0.1818 -0.1818  0.0000 -0.2727  0.0000 -0.0909 -0.5455
 325 Q   -0.0909  0.0909  0.0000 -0.0909 -0.3636  0.5455  0.1818 -0.1818  0.0909 -0.2727 -0.2727  0.0909  0.0000 -0.3636 -0.1818  0.0000 -0.0909 -0.2727 -0.1818 -0.2727  0.0000 -0.2727  0.3636 -0.0909 -0.5455
 326 K   -0.0909  0.1818  0.0000 -0.0909 -0.3636  0.0909  0.0909 -0.1818 -0.0909 -0.2727 -0.2727  0.4545 -0.1818 -0.3636 -0.0909 -0.0909 -0.0909 -0.3636 -0.2727 -0.2727 -0.0909 -0.2727  0.0909 -0.0909 -0.5455
 327 G    0.0000 -0.2727 -0.0909 -0.1818 -0.3636 -0.1818 -0.2727  0.5455 -0.2727 -0.4545 -0.3636 -0.1818 -0.3636 -0.3636 -0.2727 -0.0909 -0.1818 -0.3636 -0.3636 -0.3636 -0.0909 -0.4545 -0.2727 -0.0909 -0.5455
 328 V    0.0000 -0.2727 -0.3636 -0.3636 -0.0909 -0.2727 -0.2727 -0.3636 -0.3636  0.2727  0.0909 -0.2727  0.0909 -0.0909 -0.2727 -0.1818  0.0000 -0.2727 -0.1818  0.3636 -0.3636  0.1818 -0.2727 -0.0909 -0.5455
 329 S    0.0909 -0.0909  0.0000 -0.0909 -0.1818  0.0000  0.0000 -0.0909 -0.0909 -0.2727 -0.2727 -0.0909 -0.1818 -0.2727 -0.0909  0.4545  0.0909 -0.3636 -0.1818 -0.1818  0.0000 -0.2727  0.0000 -0.0909 -0.5455
 330 V    0.0000 -0.2727 -0.3636 -0.3636 -0.0909 -0.2727 -0.2727 -0.3636 -0.3636  0.2727  0.0909 -0.2727  0.0909 -0.0909 -0.2727 -0.1818  0.0000 -0.2727 -0.1818  0.3636 -0.3636  0.1818 -0.2727 -0.0909 -0.5455
 331 A    0.4545 -0.1818 -0.1818 -0.1818 -0.0909 -0.0909 -0.0909  0.0000 -0.1818 -0.1818 -0.1818 -0.0909 -0.0909 -0.2727 -0.0909  0.0909  0.0000 -0.2727 -0.1818  0.0000 -0.1818 -0.1818 -0.0909 -0.0909 -0.5455
 332 K   -0.0909  0.1818  0.0000 -0.0909 -0.3636  0.0909  0.0909 -0.1818 -0.0909 -0.2727 -0.2727  0.4545 -0.1818 -0.3636 -0.0909 -0.0909 -0.0909 -0.3636 -0.2727 -0.2727 -0.0909 -0.2727  0.0909 -0.0909 -0.5455
 333 V    0.0000 -0.2727 -0.3636 -0.3636 -0.0909 -0.2727 -0.2727 -0.3636 -0.3636  0.2727  0.0909 -0.2727  0.0909 -0.0909 -0.2727 -0.1818  0.0000 -0.2727 -0.1818  0.3636 -0.3636  0.1818 -0.2727 -0.0909 -0.5455
 334 K   -0.0909  0.1818  0.0000 -0.0909 -0.3636  0.0909  0.0909 -0.1818 -0.0909 -0.2727 -0.2727  0.4545 -0.1818 -0.3636 -0.0909 -0.0909 -0.0909 -0.3636 -0.2727 -0.2727 -0.0909 -0.2727  0.0909 -0.0909 -0.5455
 335 V    0.0000 -0.2727 -0.3636 -0.3636 -0.0909 -0.2727 -0.2727 -0.3636 -0.3636  0.2727  0.0909 -0.2727  0.0909 -0.0909 -0.2727 -0.1818  0.0000 -0.2727 -0.1818  0.3636 -0.3636  0.1818 -0.2727 -0.0909 -0.5455
 336 A    0.4545 -0.1818 -0.1818 -0.1818 -0.0909 -0.0909 -0.0909  0.0000 -0.1818 -0.1818 -0.1818 -0.0909 -0.0909 -0.2727 -0.0909  0.0909  0.0000 -0.2727 -0.1818  0.0000 -0.1818 -0.1818 -0.0909 -0.0909 -0.5455
 337 S    0.0909 -0.0909  0.0000 -0.0909 -0.1818  0.0000  0.0000 -0.0909 -0.0909 -0.2727 -0.2727 -0.0909 -0.1818 -0.2727 -0.0909  0.4545  0.0909 -0.3636 -0.1818 -0.1818  0.0000 -0.2727  0.0000 -0.0909 -0.5455
 338 I   -0.1818 -0.2727 -0.3636 -0.3636 -0.1818 -0.2727 -0.3636 -0.4545 -0.3636  0.4545  0.0909 -0.2727  0.0909 -0.0909 -0.3636 -0.2727 -0.0909 -0.2727 -0.1818  0.2727 -0.3636  0.2727 -0.3636 -0.0909 -0.5455
