 18 K  -0.0978 0.0733 0.1811 -0.9878 0.8078 0.3100 -0.2944
 19 E  -0.2556 -0.2678 -0.0644 -0.7733 -0.9644 1.0000 -0.6467
 20 L  0.2367 -0.0733 -0.0100 0.6622 -0.2067 0.7933 -0.0589
 21 Y  0.4033 0.4633 0.6011 0.2089 -0.3044 -0.1722 0.5289
 22 E  -0.2556 -0.2678 -0.0644 -0.7733 -0.9644 1.0000 -0.6467
 23 K  -0.0978 0.0733 0.1811 -0.9878 0.8078 0.3100 -0.2944
 24 Y  0.4033 0.4633 0.6011 0.2089 -0.3044 -0.1722 0.5289
 25 M  0.1222 0.0733 0.0967 0.3744 -0.2911 0.7244 -0.0011
 26 I  1.0000 -0.0733 -0.0100 0.7244 -0.2067 0.1722 0.7644
 27 A  -0.3889 -0.7556 -0.7522 -0.1900 -0.1889 1.0000 -0.5289
 28 E  -0.2556 -0.2678 -0.0644 -0.7733 -0.9644 1.0000 -0.6467
 29 D  -0.2367 -0.4633 -0.3122 -0.8522 -1.0000 -0.1722 -0.7056
 30 L  0.2367 -0.0733 -0.0100 0.6622 -0.2067 0.7933 -0.0589
 31 G  -1.0000 -1.0000 -1.0000 -0.3800 -0.1989 -1.0000 -1.0000
 32 R  0.1167 0.4144 0.5178 -1.0000 1.0000 0.5867 -0.4122
 33 G  -1.0000 -1.0000 -1.0000 -0.3800 -0.1989 -1.0000 -1.0000
 34 E  -0.2556 -0.2678 -0.0644 -0.7733 -0.9644 1.0000 -0.6467
 35 F  0.4033 0.4144 0.4578 0.7178 -0.3022 0.1722 0.3533
 36 G  -1.0000 -1.0000 -1.0000 -0.3800 -0.1989 -1.0000 -1.0000
 37 I  1.0000 -0.0733 -0.0100 0.7244 -0.2067 0.1722 0.7644
 38 V  0.7522 -0.3167 -0.2578 0.3678 -0.2122 -0.0344 1.0000
 39 H  0.4267 0.1222 0.1533 -0.3011 0.2167 -0.0344 -0.1178
 40 R  0.1167 0.4144 0.5178 -1.0000 1.0000 0.5867 -0.4122
 41 C  -0.1556 -0.3656 -0.3989 0.5644 -0.1267 -0.7244 0.5289
 42 V  0.7522 -0.3167 -0.2578 0.3678 -0.2122 -0.0344 1.0000
 43 E  -0.2556 -0.2678 -0.0644 -0.7733 -0.9644 1.0000 -0.6467
 44 T  0.4467 -0.4633 -0.3567 -0.2211 -0.3200 -0.4478 0.2356
 45 S  -0.3744 -0.7078 -0.6044 -0.4044 -0.2944 -0.5178 -0.2356
 46 S  -0.3744 -0.7078 -0.6044 -0.4044 -0.2944 -0.5178 -0.2356
 47 K  -0.0978 0.0733 0.1811 -0.9878 0.8078 0.3100 -0.2944
 48 K  -0.0978 0.0733 0.1811 -0.9878 0.8078 0.3100 -0.2944
 49 T  0.4467 -0.4633 -0.3567 -0.2211 -0.3200 -0.4478 0.2356
 50 Y  0.4033 0.4633 0.6011 0.2089 -0.3044 -0.1722 0.5289
 51 M  0.1222 0.0733 0.0967 0.3744 -0.2911 0.7244 -0.0011
 52 A  -0.3889 -0.7556 -0.7522 -0.1900 -0.1889 1.0000 -0.5289
 53 K  -0.0978 0.0733 0.1811 -0.9878 0.8078 0.3100 -0.2944
 54 F  0.4033 0.4144 0.4578 0.7178 -0.3022 0.1722 0.3533
 55 V  0.7522 -0.3167 -0.2578 0.3678 -0.2122 -0.0344 1.0000
 56 K  -0.0978 0.0733 0.1811 -0.9878 0.8078 0.3100 -0.2944
 57 V  0.7522 -0.3167 -0.2578 0.3678 -0.2122 -0.0344 1.0000
 58 K  -0.0978 0.0733 0.1811 -0.9878 0.8078 0.3100 -0.2944
 59 G  -1.0000 -1.0000 -1.0000 -0.3800 -0.1989 -1.0000 -1.0000
 60 T  0.4467 -0.4633 -0.3567 -0.2211 -0.3200 -0.4478 0.2356
 61 D  -0.2367 -0.4633 -0.3122 -0.8522 -1.0000 -0.1722 -0.7056
 62 Q  -0.2556 -0.1222 -0.0222 -0.5156 -0.3067 0.5867 -0.4122
 63 V  0.7522 -0.3167 -0.2578 0.3678 -0.2122 -0.0344 1.0000
 64 L  0.2367 -0.0733 -0.0100 0.6622 -0.2067 0.7933 -0.0589
 65 V  0.7522 -0.3167 -0.2578 0.3678 -0.2122 -0.0344 1.0000
 66 K  -0.0978 0.0733 0.1811 -0.9878 0.8078 0.3100 -0.2944
 67 K  -0.0978 0.0733 0.1811 -0.9878 0.8078 0.3100 -0.2944
 68 E  -0.2556 -0.2678 -0.0644 -0.7733 -0.9644 1.0000 -0.6467
 69 I  1.0000 -0.0733 -0.0100 0.7244 -0.2067 0.1722 0.7644
 70 S  -0.3744 -0.7078 -0.6044 -0.4044 -0.2944 -0.5178 -0.2356
 71 I  1.0000 -0.0733 -0.0100 0.7244 -0.2067 0.1722 0.7644
 72 L  0.2367 -0.0733 -0.0100 0.6622 -0.2067 0.7933 -0.0589
 73 N  -0.2367 -0.3656 -0.2700 -0.7489 -0.0833 -0.4478 -0.5878
 74 I  1.0000 -0.0733 -0.0100 0.7244 -0.2067 0.1722 0.7644
 75 A  -0.3889 -0.7556 -0.7522 -0.1900 -0.1889 1.0000 -0.5289
 76 R  0.1167 0.4144 0.5178 -1.0000 1.0000 0.5867 -0.4122
 77 H  0.4267 0.1222 0.1533 -0.3011 0.2167 -0.0344 -0.1178
 78 R  0.1167 0.4144 0.5178 -1.0000 1.0000 0.5867 -0.4122
 79 N  -0.2367 -0.3656 -0.2700 -0.7489 -0.0833 -0.4478 -0.5878
 80 I  1.0000 -0.0733 -0.0100 0.7244 -0.2067 0.1722 0.7644
 81 L  0.2367 -0.0733 -0.0100 0.6622 -0.2067 0.7933 -0.0589
 82 H  0.4267 0.1222 0.1533 -0.3011 0.2167 -0.0344 -0.1178
 83 L  0.2367 -0.0733 -0.0100 0.6622 -0.2067 0.7933 -0.0589
 84 H  0.4267 0.1222 0.1533 -0.3011 0.2167 -0.0344 -0.1178
 85 E  -0.2556 -0.2678 -0.0644 -0.7733 -0.9644 1.0000 -0.6467
 86 S  -0.3744 -0.7078 -0.6044 -0.4044 -0.2944 -0.5178 -0.2356
 87 F  0.4033 0.4144 0.4578 0.7178 -0.3022 0.1722 0.3533
 88 E  -0.2556 -0.2678 -0.0644 -0.7733 -0.9644 1.0000 -0.6467
 89 S  -0.3744 -0.7078 -0.6044 -0.4044 -0.2944 -0.5178 -0.2356
 90 M  0.1222 0.0733 0.0967 0.3744 -0.2911 0.7244 -0.0011
 91 E  -0.2556 -0.2678 -0.0644 -0.7733 -0.9644 1.0000 -0.6467
 92 E  -0.2556 -0.2678 -0.0644 -0.7733 -0.9644 1.0000 -0.6467
 93 L  0.2367 -0.0733 -0.0100 0.6622 -0.2067 0.7933 -0.0589
 94 V  0.7522 -0.3167 -0.2578 0.3678 -0.2122 -0.0344 1.0000
 95 M  0.1222 0.0733 0.0967 0.3744 -0.2911 0.7244 -0.0011
 96 I  1.0000 -0.0733 -0.0100 0.7244 -0.2067 0.1722 0.7644
 97 F  0.4033 0.4144 0.4578 0.7178 -0.3022 0.1722 0.3533
 98 E  -0.2556 -0.2678 -0.0644 -0.7733 -0.9644 1.0000 -0.6467
 99 F  0.4033 0.4144 0.4578 0.7178 -0.3022 0.1722 0.3533
 100 I  1.0000 -0.0733 -0.0100 0.7244 -0.2067 0.1722 0.7644
 101 S  -0.3744 -0.7078 -0.6044 -0.4044 -0.2944 -0.5178 -0.2356
 102 G  -1.0000 -1.0000 -1.0000 -0.3800 -0.1989 -1.0000 -1.0000
 103 L  0.2367 -0.0733 -0.0100 0.6622 -0.2067 0.7933 -0.0589
 104 D  -0.2367 -0.4633 -0.3122 -0.8522 -1.0000 -0.1722 -0.7056
 105 I  1.0000 -0.0733 -0.0100 0.7244 -0.2067 0.1722 0.7644
 106 F  0.4033 0.4144 0.4578 0.7178 -0.3022 0.1722 0.3533
 107 E  -0.2556 -0.2678 -0.0644 -0.7733 -0.9644 1.0000 -0.6467
 108 R  0.1167 0.4144 0.5178 -1.0000 1.0000 0.5867 -0.4122
 109 I  1.0000 -0.0733 -0.0100 0.7244 -0.2067 0.1722 0.7644
 110 N  -0.2367 -0.3656 -0.2700 -0.7489 -0.0833 -0.4478 -0.5878
 111 T  0.4467 -0.4633 -0.3567 -0.2211 -0.3200 -0.4478 0.2356
 112 S  -0.3744 -0.7078 -0.6044 -0.4044 -0.2944 -0.5178 -0.2356
 113 A  -0.3889 -0.7556 -0.7522 -0.1900 -0.1889 1.0000 -0.5289
 114 F  0.4033 0.4144 0.4578 0.7178 -0.3022 0.1722 0.3533
 115 E  -0.2556 -0.2678 -0.0644 -0.7733 -0.9644 1.0000 -0.6467
 116 L  0.2367 -0.0733 -0.0100 0.6622 -0.2067 0.7933 -0.0589
 117 N  -0.2367 -0.3656 -0.2700 -0.7489 -0.0833 -0.4478 -0.5878
 118 E  -0.2556 -0.2678 -0.0644 -0.7733 -0.9644 1.0000 -0.6467
 119 R  0.1167 0.4144 0.5178 -1.0000 1.0000 0.5867 -0.4122
 120 E  -0.2556 -0.2678 -0.0644 -0.7733 -0.9644 1.0000 -0.6467
 121 I  1.0000 -0.0733 -0.0100 0.7244 -0.2067 0.1722 0.7644
 122 V  0.7522 -0.3167 -0.2578 0.3678 -0.2122 -0.0344 1.0000
 123 S  -0.3744 -0.7078 -0.6044 -0.4044 -0.2944 -0.5178 -0.2356
 124 Y  0.4033 0.4633 0.6011 0.2089 -0.3044 -0.1722 0.5289
 125 V  0.7522 -0.3167 -0.2578 0.3678 -0.2122 -0.0344 1.0000
 126 H  0.4267 0.1222 0.1533 -0.3011 0.2167 -0.0344 -0.1178
 127 Q  -0.2556 -0.1222 -0.0222 -0.5156 -0.3067 0.5867 -0.4122
 128 V  0.7522 -0.3167 -0.2578 0.3678 -0.2122 -0.0344 1.0000
 129 C  -0.1556 -0.3656 -0.3989 0.5644 -0.1267 -0.7244 0.5289
 130 E  -0.2556 -0.2678 -0.0644 -0.7733 -0.9644 1.0000 -0.6467
 131 A  -0.3889 -0.7556 -0.7522 -0.1900 -0.1889 1.0000 -0.5289
 132 L  0.2367 -0.0733 -0.0100 0.6622 -0.2067 0.7933 -0.0589
 133 Q  -0.2556 -0.1222 -0.0222 -0.5156 -0.3067 0.5867 -0.4122
 134 F  0.4033 0.4144 0.4578 0.7178 -0.3022 0.1722 0.3533
 135 L  0.2367 -0.0733 -0.0100 0.6622 -0.2067 0.7933 -0.0589
 136 H  0.4267 0.1222 0.1533 -0.3011 0.2167 -0.0344 -0.1178
 137 S  -0.3744 -0.7078 -0.6044 -0.4044 -0.2944 -0.5178 -0.2356
 138 H  0.4267 0.1222 0.1533 -0.3011 0.2167 -0.0344 -0.1178
 139 N  -0.2367 -0.3656 -0.2700 -0.7489 -0.0833 -0.4478 -0.5878
 140 I  1.0000 -0.0733 -0.0100 0.7244 -0.2067 0.1722 0.7644
 141 G  -1.0000 -1.0000 -1.0000 -0.3800 -0.1989 -1.0000 -1.0000
 142 H  0.4267 0.1222 0.1533 -0.3011 0.2167 -0.0344 -0.1178
 143 F  0.4033 0.4144 0.4578 0.7178 -0.3022 0.1722 0.3533
 144 D  -0.2367 -0.4633 -0.3122 -0.8522 -1.0000 -0.1722 -0.7056
 145 I  1.0000 -0.0733 -0.0100 0.7244 -0.2067 0.1722 0.7644
 146 R  0.1167 0.4144 0.5178 -1.0000 1.0000 0.5867 -0.4122
 147 P  0.2744 -1.0000 -0.3267 0.0611 -0.0111 -1.0000 0.1178
 148 E  -0.2556 -0.2678 -0.0644 -0.7733 -0.9644 1.0000 -0.6467
 149 N  -0.2367 -0.3656 -0.2700 -0.7489 -0.0833 -0.4478 -0.5878
 150 I  1.0000 -0.0733 -0.0100 0.7244 -0.2067 0.1722 0.7644
 151 I  1.0000 -0.0733 -0.0100 0.7244 -0.2067 0.1722 0.7644
 152 Y  0.4033 0.4633 0.6011 0.2089 -0.3044 -0.1722 0.5289
 153 Q  -0.2556 -0.1222 -0.0222 -0.5156 -0.3067 0.5867 -0.4122
 154 T  0.4467 -0.4633 -0.3567 -0.2211 -0.3200 -0.4478 0.2356
 155 R  0.1167 0.4144 0.5178 -1.0000 1.0000 0.5867 -0.4122
 156 R  0.1167 0.4144 0.5178 -1.0000 1.0000 0.5867 -0.4122
 157 S  -0.3744 -0.7078 -0.6044 -0.4044 -0.2944 -0.5178 -0.2356
 158 S  -0.3744 -0.7078 -0.6044 -0.4044 -0.2944 -0.5178 -0.2356
 159 T  0.4467 -0.4633 -0.3567 -0.2211 -0.3200 -0.4478 0.2356
 160 I  1.0000 -0.0733 -0.0100 0.7244 -0.2067 0.1722 0.7644
 161 K  -0.0978 0.0733 0.1811 -0.9878 0.8078 0.3100 -0.2944
 162 I  1.0000 -0.0733 -0.0100 0.7244 -0.2067 0.1722 0.7644
 163 I  1.0000 -0.0733 -0.0100 0.7244 -0.2067 0.1722 0.7644
 164 E  -0.2556 -0.2678 -0.0644 -0.7733 -0.9644 1.0000 -0.6467
 165 F  0.4033 0.4144 0.4578 0.7178 -0.3022 0.1722 0.3533
 166 G  -1.0000 -1.0000 -1.0000 -0.3800 -0.1989 -1.0000 -1.0000
 167 Q  -0.2556 -0.1222 -0.0222 -0.5156 -0.3067 0.5867 -0.4122
 168 A  -0.3889 -0.7556 -0.7522 -0.1900 -0.1889 1.0000 -0.5289
 169 R  0.1167 0.4144 0.5178 -1.0000 1.0000 0.5867 -0.4122
 170 Q  -0.2556 -0.1222 -0.0222 -0.5156 -0.3067 0.5867 -0.4122
 171 L  0.2367 -0.0733 -0.0100 0.6622 -0.2067 0.7933 -0.0589
 172 K  -0.0978 0.0733 0.1811 -0.9878 0.8078 0.3100 -0.2944
 173 P  0.2744 -1.0000 -0.3267 0.0611 -0.0111 -1.0000 0.1178
 174 G  -1.0000 -1.0000 -1.0000 -0.3800 -0.1989 -1.0000 -1.0000
 175 D  -0.2367 -0.4633 -0.3122 -0.8522 -1.0000 -0.1722 -0.7056
 176 N  -0.2367 -0.3656 -0.2700 -0.7489 -0.0833 -0.4478 -0.5878
 177 F  0.4033 0.4144 0.4578 0.7178 -0.3022 0.1722 0.3533
 178 R  0.1167 0.4144 0.5178 -1.0000 1.0000 0.5867 -0.4122
 179 L  0.2367 -0.0733 -0.0100 0.6622 -0.2067 0.7933 -0.0589
 180 L  0.2367 -0.0733 -0.0100 0.6622 -0.2067 0.7933 -0.0589
 181 F  0.4033 0.4144 0.4578 0.7178 -0.3022 0.1722 0.3533
 182 T  0.4467 -0.4633 -0.3567 -0.2211 -0.3200 -0.4478 0.2356
 183 A  -0.3889 -0.7556 -0.7522 -0.1900 -0.1889 1.0000 -0.5289
 184 P  0.2744 -1.0000 -0.3267 0.0611 -0.0111 -1.0000 0.1178
 185 E  -0.2556 -0.2678 -0.0644 -0.7733 -0.9644 1.0000 -0.6467
 186 Y  0.4033 0.4633 0.6011 0.2089 -0.3044 -0.1722 0.5289
 187 Y  0.4033 0.4633 0.6011 0.2089 -0.3044 -0.1722 0.5289
 188 A  -0.3889 -0.7556 -0.7522 -0.1900 -0.1889 1.0000 -0.5289
 189 P  0.2744 -1.0000 -0.3267 0.0611 -0.0111 -1.0000 0.1178
 190 E  -0.2556 -0.2678 -0.0644 -0.7733 -0.9644 1.0000 -0.6467
 191 V  0.7522 -0.3167 -0.2578 0.3678 -0.2122 -0.0344 1.0000
 192 H  0.4267 0.1222 0.1533 -0.3011 0.2167 -0.0344 -0.1178
 193 Q  -0.2556 -0.1222 -0.0222 -0.5156 -0.3067 0.5867 -0.4122
 194 H  0.4267 0.1222 0.1533 -0.3011 0.2167 -0.0344 -0.1178
 195 D  -0.2367 -0.4633 -0.3122 -0.8522 -1.0000 -0.1722 -0.7056
 196 V  0.7522 -0.3167 -0.2578 0.3678 -0.2122 -0.0344 1.0000
 197 V  0.7522 -0.3167 -0.2578 0.3678 -0.2122 -0.0344 1.0000
 198 S  -0.3744 -0.7078 -0.6044 -0.4044 -0.2944 -0.5178 -0.2356
 199 T  0.4467 -0.4633 -0.3567 -0.2211 -0.3200 -0.4478 0.2356
 200 A  -0.3889 -0.7556 -0.7522 -0.1900 -0.1889 1.0000 -0.5289
 201 T  0.4467 -0.4633 -0.3567 -0.2211 -0.3200 -0.4478 0.2356
 202 D  -0.2367 -0.4633 -0.3122 -0.8522 -1.0000 -0.1722 -0.7056
 203 M  0.1222 0.0733 0.0967 0.3744 -0.2911 0.7244 -0.0011
 204 W  0.5322 1.0000 1.0000 1.0000 -0.2322 0.3100 0.5878
 205 S  -0.3744 -0.7078 -0.6044 -0.4044 -0.2944 -0.5178 -0.2356
 206 L  0.2367 -0.0733 -0.0100 0.6622 -0.2067 0.7933 -0.0589
 207 G  -1.0000 -1.0000 -1.0000 -0.3800 -0.1989 -1.0000 -1.0000
 208 T  0.4467 -0.4633 -0.3567 -0.2211 -0.3200 -0.4478 0.2356
 209 L  0.2367 -0.0733 -0.0100 0.6622 -0.2067 0.7933 -0.0589
 210 V  0.7522 -0.3167 -0.2578 0.3678 -0.2122 -0.0344 1.0000
 211 Y  0.4033 0.4633 0.6011 0.2089 -0.3044 -0.1722 0.5289
 212 V  0.7522 -0.3167 -0.2578 0.3678 -0.2122 -0.0344 1.0000
 213 L  0.2367 -0.0733 -0.0100 0.6622 -0.2067 0.7933 -0.0589
 214 L  0.2367 -0.0733 -0.0100 0.6622 -0.2067 0.7933 -0.0589
 215 S  -0.3744 -0.7078 -0.6044 -0.4044 -0.2944 -0.5178 -0.2356
 216 G  -1.0000 -1.0000 -1.0000 -0.3800 -0.1989 -1.0000 -1.0000
 217 I  1.0000 -0.0733 -0.0100 0.7244 -0.2067 0.1722 0.7644
 218 N  -0.2367 -0.3656 -0.2700 -0.7489 -0.0833 -0.4478 -0.5878
 219 P  0.2744 -1.0000 -0.3267 0.0611 -0.0111 -1.0000 0.1178
 220 F  0.4033 0.4144 0.4578 0.7178 -0.3022 0.1722 0.3533
 221 L  0.2367 -0.0733 -0.0100 0.6622 -0.2067 0.7933 -0.0589
 222 A  -0.3889 -0.7556 -0.7522 -0.1900 -0.1889 1.0000 -0.5289
 223 E  -0.2556 -0.2678 -0.0644 -0.7733 -0.9644 1.0000 -0.6467
 224 T  0.4467 -0.4633 -0.3567 -0.2211 -0.3200 -0.4478 0.2356
 225 N  -0.2367 -0.3656 -0.2700 -0.7489 -0.0833 -0.4478 -0.5878
 226 Q  -0.2556 -0.1222 -0.0222 -0.5156 -0.3067 0.5867 -0.4122
 227 Q  -0.2556 -0.1222 -0.0222 -0.5156 -0.3067 0.5867 -0.4122
 228 I  1.0000 -0.0733 -0.0100 0.7244 -0.2067 0.1722 0.7644
 229 I  1.0000 -0.0733 -0.0100 0.7244 -0.2067 0.1722 0.7644
 230 E  -0.2556 -0.2678 -0.0644 -0.7733 -0.9644 1.0000 -0.6467
 231 N  -0.2367 -0.3656 -0.2700 -0.7489 -0.0833 -0.4478 -0.5878
 232 I  1.0000 -0.0733 -0.0100 0.7244 -0.2067 0.1722 0.7644
 233 M  0.1222 0.0733 0.0967 0.3744 -0.2911 0.7244 -0.0011
 234 N  -0.2367 -0.3656 -0.2700 -0.7489 -0.0833 -0.4478 -0.5878
 235 A  -0.3889 -0.7556 -0.7522 -0.1900 -0.1889 1.0000 -0.5289
 236 E  -0.2556 -0.2678 -0.0644 -0.7733 -0.9644 1.0000 -0.6467
 237 Y  0.4033 0.4633 0.6011 0.2089 -0.3044 -0.1722 0.5289
 238 T  0.4467 -0.4633 -0.3567 -0.2211 -0.3200 -0.4478 0.2356
 239 F  0.4033 0.4144 0.4578 0.7178 -0.3022 0.1722 0.3533
 240 D  -0.2367 -0.4633 -0.3122 -0.8522 -1.0000 -0.1722 -0.7056
 241 E  -0.2556 -0.2678 -0.0644 -0.7733 -0.9644 1.0000 -0.6467
 242 E  -0.2556 -0.2678 -0.0644 -0.7733 -0.9644 1.0000 -0.6467
 243 A  -0.3889 -0.7556 -0.7522 -0.1900 -0.1889 1.0000 -0.5289
 244 F  0.4033 0.4144 0.4578 0.7178 -0.3022 0.1722 0.3533
 245 K  -0.0978 0.0733 0.1811 -0.9878 0.8078 0.3100 -0.2944
 246 E  -0.2556 -0.2678 -0.0644 -0.7733 -0.9644 1.0000 -0.6467
 247 I  1.0000 -0.0733 -0.0100 0.7244 -0.2067 0.1722 0.7644
 248 S  -0.3744 -0.7078 -0.6044 -0.4044 -0.2944 -0.5178 -0.2356
 249 I  1.0000 -0.0733 -0.0100 0.7244 -0.2067 0.1722 0.7644
 250 E  -0.2556 -0.2678 -0.0644 -0.7733 -0.9644 1.0000 -0.6467
 251 A  -0.3889 -0.7556 -0.7522 -0.1900 -0.1889 1.0000 -0.5289
 252 M  0.1222 0.0733 0.0967 0.3744 -0.2911 0.7244 -0.0011
 253 D  -0.2367 -0.4633 -0.3122 -0.8522 -1.0000 -0.1722 -0.7056
 254 F  0.4033 0.4144 0.4578 0.7178 -0.3022 0.1722 0.3533
 255 V  0.7522 -0.3167 -0.2578 0.3678 -0.2122 -0.0344 1.0000
 256 D  -0.2367 -0.4633 -0.3122 -0.8522 -1.0000 -0.1722 -0.7056
 257 R  0.1167 0.4144 0.5178 -1.0000 1.0000 0.5867 -0.4122
 258 L  0.2367 -0.0733 -0.0100 0.6622 -0.2067 0.7933 -0.0589
 259 L  0.2367 -0.0733 -0.0100 0.6622 -0.2067 0.7933 -0.0589
 260 V  0.7522 -0.3167 -0.2578 0.3678 -0.2122 -0.0344 1.0000
 261 K  -0.0978 0.0733 0.1811 -0.9878 0.8078 0.3100 -0.2944
 262 E  -0.2556 -0.2678 -0.0644 -0.7733 -0.9644 1.0000 -0.6467
 263 R  0.1167 0.4144 0.5178 -1.0000 1.0000 0.5867 -0.4122
 264 K  -0.0978 0.0733 0.1811 -0.9878 0.8078 0.3100 -0.2944
 265 S  -0.3744 -0.7078 -0.6044 -0.4044 -0.2944 -0.5178 -0.2356
 266 R  0.1167 0.4144 0.5178 -1.0000 1.0000 0.5867 -0.4122
 267 M  0.1222 0.0733 0.0967 0.3744 -0.2911 0.7244 -0.0011
 268 T  0.4467 -0.4633 -0.3567 -0.2211 -0.3200 -0.4478 0.2356
 269 A  -0.3889 -0.7556 -0.7522 -0.1900 -0.1889 1.0000 -0.5289
 270 S  -0.3744 -0.7078 -0.6044 -0.4044 -0.2944 -0.5178 -0.2356
 271 E  -0.2556 -0.2678 -0.0644 -0.7733 -0.9644 1.0000 -0.6467
 272 A  -0.3889 -0.7556 -0.7522 -0.1900 -0.1889 1.0000 -0.5289
 273 L  0.2367 -0.0733 -0.0100 0.6622 -0.2067 0.7933 -0.0589
 274 Q  -0.2556 -0.1222 -0.0222 -0.5156 -0.3067 0.5867 -0.4122
 275 H  0.4267 0.1222 0.1533 -0.3011 0.2167 -0.0344 -0.1178
 276 P  0.2744 -1.0000 -0.3267 0.0611 -0.0111 -1.0000 0.1178
 277 W  0.5322 1.0000 1.0000 1.0000 -0.2322 0.3100 0.5878
 278 L  0.2367 -0.0733 -0.0100 0.6622 -0.2067 0.7933 -0.0589
 279 K  -0.0978 0.0733 0.1811 -0.9878 0.8078 0.3100 -0.2944
 280 Q  -0.2556 -0.1222 -0.0222 -0.5156 -0.3067 0.5867 -0.4122
 281 K  -0.0978 0.0733 0.1811 -0.9878 0.8078 0.3100 -0.2944
 282 I  1.0000 -0.0733 -0.0100 0.7244 -0.2067 0.1722 0.7644
 283 E  -0.2556 -0.2678 -0.0644 -0.7733 -0.9644 1.0000 -0.6467
 284 R  0.1167 0.4144 0.5178 -1.0000 1.0000 0.5867 -0.4122
 285 V  0.7522 -0.3167 -0.2578 0.3678 -0.2122 -0.0344 1.0000
 286 S  -0.3744 -0.7078 -0.6044 -0.4044 -0.2944 -0.5178 -0.2356
 287 T  0.4467 -0.4633 -0.3567 -0.2211 -0.3200 -0.4478 0.2356
 288 K  -0.0978 0.0733 0.1811 -0.9878 0.8078 0.3100 -0.2944
 289 V  0.7522 -0.3167 -0.2578 0.3678 -0.2122 -0.0344 1.0000
 290 I  1.0000 -0.0733 -0.0100 0.7244 -0.2067 0.1722 0.7644
 291 R  0.1167 0.4144 0.5178 -1.0000 1.0000 0.5867 -0.4122
 292 T  0.4467 -0.4633 -0.3567 -0.2211 -0.3200 -0.4478 0.2356
 293 L  0.2367 -0.0733 -0.0100 0.6622 -0.2067 0.7933 -0.0589
 294 K  -0.0978 0.0733 0.1811 -0.9878 0.8078 0.3100 -0.2944
 295 H  0.4267 0.1222 0.1533 -0.3011 0.2167 -0.0344 -0.1178
 296 R  0.1167 0.4144 0.5178 -1.0000 1.0000 0.5867 -0.4122
 297 R  0.1167 0.4144 0.5178 -1.0000 1.0000 0.5867 -0.4122
 298 Y  0.4033 0.4633 0.6011 0.2089 -0.3044 -0.1722 0.5289
 299 Y  0.4033 0.4633 0.6011 0.2089 -0.3044 -0.1722 0.5289
 300 H  0.4267 0.1222 0.1533 -0.3011 0.2167 -0.0344 -0.1178
 301 T  0.4467 -0.4633 -0.3567 -0.2211 -0.3200 -0.4478 0.2356
 302 L  0.2367 -0.0733 -0.0100 0.6622 -0.2067 0.7933 -0.0589
 303 I  1.0000 -0.0733 -0.0100 0.7244 -0.2067 0.1722 0.7644
 304 K  -0.0978 0.0733 0.1811 -0.9878 0.8078 0.3100 -0.2944
 305 K  -0.0978 0.0733 0.1811 -0.9878 0.8078 0.3100 -0.2944
 306 D  -0.2367 -0.4633 -0.3122 -0.8522 -1.0000 -0.1722 -0.7056
 307 L  0.2367 -0.0733 -0.0100 0.6622 -0.2067 0.7933 -0.0589
 308 N  -0.2367 -0.3656 -0.2700 -0.7489 -0.0833 -0.4478 -0.5878
 309 M  0.1222 0.0733 0.0967 0.3744 -0.2911 0.7244 -0.0011
 310 V  0.7522 -0.3167 -0.2578 0.3678 -0.2122 -0.0344 1.0000
 311 V  0.7522 -0.3167 -0.2578 0.3678 -0.2122 -0.0344 1.0000
 312 S  -0.3744 -0.7078 -0.6044 -0.4044 -0.2944 -0.5178 -0.2356
 313 A  -0.3889 -0.7556 -0.7522 -0.1900 -0.1889 1.0000 -0.5289
 314 A  -0.3889 -0.7556 -0.7522 -0.1900 -0.1889 1.0000 -0.5289
 315 R  0.1167 0.4144 0.5178 -1.0000 1.0000 0.5867 -0.4122
 316 I  1.0000 -0.0733 -0.0100 0.7244 -0.2067 0.1722 0.7644
 317 S  -0.3744 -0.7078 -0.6044 -0.4044 -0.2944 -0.5178 -0.2356
 318 C  -0.1556 -0.3656 -0.3989 0.5644 -0.1267 -0.7244 0.5289
 319 G  -1.0000 -1.0000 -1.0000 -0.3800 -0.1989 -1.0000 -1.0000
 320 G  -1.0000 -1.0000 -1.0000 -0.3800 -0.1989 -1.0000 -1.0000
 321 A  -0.3889 -0.7556 -0.7522 -0.1900 -0.1889 1.0000 -0.5289
 322 I  1.0000 -0.0733 -0.0100 0.7244 -0.2067 0.1722 0.7644
 323 R  0.1167 0.4144 0.5178 -1.0000 1.0000 0.5867 -0.4122
 324 S  -0.3744 -0.7078 -0.6044 -0.4044 -0.2944 -0.5178 -0.2356
 325 Q  -0.2556 -0.1222 -0.0222 -0.5156 -0.3067 0.5867 -0.4122
 326 K  -0.0978 0.0733 0.1811 -0.9878 0.8078 0.3100 -0.2944
 327 G  -1.0000 -1.0000 -1.0000 -0.3800 -0.1989 -1.0000 -1.0000
 328 V  0.7522 -0.3167 -0.2578 0.3678 -0.2122 -0.0344 1.0000
 329 S  -0.3744 -0.7078 -0.6044 -0.4044 -0.2944 -0.5178 -0.2356
 330 V  0.7522 -0.3167 -0.2578 0.3678 -0.2122 -0.0344 1.0000
 331 A  -0.3889 -0.7556 -0.7522 -0.1900 -0.1889 1.0000 -0.5289
 332 K  -0.0978 0.0733 0.1811 -0.9878 0.8078 0.3100 -0.2944
 333 V  0.7522 -0.3167 -0.2578 0.3678 -0.2122 -0.0344 1.0000
 334 K  -0.0978 0.0733 0.1811 -0.9878 0.8078 0.3100 -0.2944
 335 V  0.7522 -0.3167 -0.2578 0.3678 -0.2122 -0.0344 1.0000
 336 A  -0.3889 -0.7556 -0.7522 -0.1900 -0.1889 1.0000 -0.5289
 337 S  -0.3744 -0.7078 -0.6044 -0.4044 -0.2944 -0.5178 -0.2356
 338 I  1.0000 -0.0733 -0.0100 0.7244 -0.2067 0.1722 0.7644
