 44 K  -0.0978 0.0733 0.1811 -0.9878 0.8078 0.3100 -0.2944
 45 T  0.4467 -0.4633 -0.3567 -0.2211 -0.3200 -0.4478 0.2356
 46 T  0.4467 -0.4633 -0.3567 -0.2211 -0.3200 -0.4478 0.2356
 47 A  -0.3889 -0.7556 -0.7522 -0.1900 -0.1889 1.0000 -0.5289
 48 T  0.4467 -0.4633 -0.3567 -0.2211 -0.3200 -0.4478 0.2356
 49 L  0.2367 -0.0733 -0.0100 0.6622 -0.2067 0.7933 -0.0589
 50 F  0.4033 0.4144 0.4578 0.7178 -0.3022 0.1722 0.3533
 51 L  0.2367 -0.0733 -0.0100 0.6622 -0.2067 0.7933 -0.0589
 52 H  0.4267 0.1222 0.1533 -0.3011 0.2167 -0.0344 -0.1178
 53 G  -1.0000 -1.0000 -1.0000 -0.3800 -0.1989 -1.0000 -1.0000
 54 Y  0.4033 0.4633 0.6011 0.2089 -0.3044 -0.1722 0.5289
 55 G  -1.0000 -1.0000 -1.0000 -0.3800 -0.1989 -1.0000 -1.0000
 56 G  -1.0000 -1.0000 -1.0000 -0.3800 -0.1989 -1.0000 -1.0000
 57 S  -0.3744 -0.7078 -0.6044 -0.4044 -0.2944 -0.5178 -0.2356
 58 E  -0.2556 -0.2678 -0.0644 -0.7733 -0.9644 1.0000 -0.6467
 59 R  0.1167 0.4144 0.5178 -1.0000 1.0000 0.5867 -0.4122
 60 S  -0.3744 -0.7078 -0.6044 -0.4044 -0.2944 -0.5178 -0.2356
 61 E  -0.2556 -0.2678 -0.0644 -0.7733 -0.9644 1.0000 -0.6467
 62 T  0.4467 -0.4633 -0.3567 -0.2211 -0.3200 -0.4478 0.2356
 63 F  0.4033 0.4144 0.4578 0.7178 -0.3022 0.1722 0.3533
 ! !  -1.0000 -1.0000 -1.0000 -1.0000 -1.0000 -1.0000 -1.0000
 65 V  0.7522 -0.3167 -0.2578 0.3678 -0.2122 -0.0344 1.0000
 66 K  -0.0978 0.0733 0.1811 -0.9878 0.8078 0.3100 -0.2944
 67 Q  -0.2556 -0.1222 -0.0222 -0.5156 -0.3067 0.5867 -0.4122
 68 A  -0.3889 -0.7556 -0.7522 -0.1900 -0.1889 1.0000 -0.5289
 69 L  0.2367 -0.0733 -0.0100 0.6622 -0.2067 0.7933 -0.0589
 70 N  -0.2367 -0.3656 -0.2700 -0.7489 -0.0833 -0.4478 -0.5878
 71 K  -0.0978 0.0733 0.1811 -0.9878 0.8078 0.3100 -0.2944
 72 N  -0.2367 -0.3656 -0.2700 -0.7489 -0.0833 -0.4478 -0.5878
 73 V  0.7522 -0.3167 -0.2578 0.3678 -0.2122 -0.0344 1.0000
 74 T  0.4467 -0.4633 -0.3567 -0.2211 -0.3200 -0.4478 0.2356
 75 N  -0.2367 -0.3656 -0.2700 -0.7489 -0.0833 -0.4478 -0.5878
 76 E  -0.2556 -0.2678 -0.0644 -0.7733 -0.9644 1.0000 -0.6467
 77 V  0.7522 -0.3167 -0.2578 0.3678 -0.2122 -0.0344 1.0000
 78 I  1.0000 -0.0733 -0.0100 0.7244 -0.2067 0.1722 0.7644
 79 T  0.4467 -0.4633 -0.3567 -0.2211 -0.3200 -0.4478 0.2356
 80 A  -0.3889 -0.7556 -0.7522 -0.1900 -0.1889 1.0000 -0.5289
 81 R  0.1167 0.4144 0.5178 -1.0000 1.0000 0.5867 -0.4122
 82 V  0.7522 -0.3167 -0.2578 0.3678 -0.2122 -0.0344 1.0000
 83 S  -0.3744 -0.7078 -0.6044 -0.4044 -0.2944 -0.5178 -0.2356
 84 S  -0.3744 -0.7078 -0.6044 -0.4044 -0.2944 -0.5178 -0.2356
 85 E  -0.2556 -0.2678 -0.0644 -0.7733 -0.9644 1.0000 -0.6467
 86 G  -1.0000 -1.0000 -1.0000 -0.3800 -0.1989 -1.0000 -1.0000
 87 K  -0.0978 0.0733 0.1811 -0.9878 0.8078 0.3100 -0.2944
 88 V  0.7522 -0.3167 -0.2578 0.3678 -0.2122 -0.0344 1.0000
 89 Y  0.4033 0.4633 0.6011 0.2089 -0.3044 -0.1722 0.5289
 90 F  0.4033 0.4144 0.4578 0.7178 -0.3022 0.1722 0.3533
 91 D  -0.2367 -0.4633 -0.3122 -0.8522 -1.0000 -0.1722 -0.7056
 92 K  -0.0978 0.0733 0.1811 -0.9878 0.8078 0.3100 -0.2944
 93 K  -0.0978 0.0733 0.1811 -0.9878 0.8078 0.3100 -0.2944
 94 L  0.2367 -0.0733 -0.0100 0.6622 -0.2067 0.7933 -0.0589
 95 S  -0.3744 -0.7078 -0.6044 -0.4044 -0.2944 -0.5178 -0.2356
 ! !  -1.0000 -1.0000 -1.0000 -1.0000 -1.0000 -1.0000 -1.0000
 98 A  -0.3889 -0.7556 -0.7522 -0.1900 -0.1889 1.0000 -0.5289
 99 A  -0.3889 -0.7556 -0.7522 -0.1900 -0.1889 1.0000 -0.5289
 100 N  -0.2367 -0.3656 -0.2700 -0.7489 -0.0833 -0.4478 -0.5878
 101 P  0.2744 -1.0000 -0.3267 0.0611 -0.0111 -1.0000 0.1178
 102 I  1.0000 -0.0733 -0.0100 0.7244 -0.2067 0.1722 0.7644
 103 V  0.7522 -0.3167 -0.2578 0.3678 -0.2122 -0.0344 1.0000
 104 K  -0.0978 0.0733 0.1811 -0.9878 0.8078 0.3100 -0.2944
 105 V  0.7522 -0.3167 -0.2578 0.3678 -0.2122 -0.0344 1.0000
 106 E  -0.2556 -0.2678 -0.0644 -0.7733 -0.9644 1.0000 -0.6467
 107 F  0.4033 0.4144 0.4578 0.7178 -0.3022 0.1722 0.3533
 108 K  -0.0978 0.0733 0.1811 -0.9878 0.8078 0.3100 -0.2944
 109 D  -0.2367 -0.4633 -0.3122 -0.8522 -1.0000 -0.1722 -0.7056
 110 N  -0.2367 -0.3656 -0.2700 -0.7489 -0.0833 -0.4478 -0.5878
 111 K  -0.0978 0.0733 0.1811 -0.9878 0.8078 0.3100 -0.2944
 112 N  -0.2367 -0.3656 -0.2700 -0.7489 -0.0833 -0.4478 -0.5878
 113 G  -1.0000 -1.0000 -1.0000 -0.3800 -0.1989 -1.0000 -1.0000
 114 N  -0.2367 -0.3656 -0.2700 -0.7489 -0.0833 -0.4478 -0.5878
 115 F  0.4033 0.4144 0.4578 0.7178 -0.3022 0.1722 0.3533
 116 K  -0.0978 0.0733 0.1811 -0.9878 0.8078 0.3100 -0.2944
 117 E  -0.2556 -0.2678 -0.0644 -0.7733 -0.9644 1.0000 -0.6467
 118 N  -0.2367 -0.3656 -0.2700 -0.7489 -0.0833 -0.4478 -0.5878
 119 A  -0.3889 -0.7556 -0.7522 -0.1900 -0.1889 1.0000 -0.5289
 120 Y  0.4033 0.4633 0.6011 0.2089 -0.3044 -0.1722 0.5289
 121 W  0.5322 1.0000 1.0000 1.0000 -0.2322 0.3100 0.5878
 122 I  1.0000 -0.0733 -0.0100 0.7244 -0.2067 0.1722 0.7644
 123 K  -0.0978 0.0733 0.1811 -0.9878 0.8078 0.3100 -0.2944
 124 E  -0.2556 -0.2678 -0.0644 -0.7733 -0.9644 1.0000 -0.6467
 125 V  0.7522 -0.3167 -0.2578 0.3678 -0.2122 -0.0344 1.0000
 126 L  0.2367 -0.0733 -0.0100 0.6622 -0.2067 0.7933 -0.0589
 127 S  -0.3744 -0.7078 -0.6044 -0.4044 -0.2944 -0.5178 -0.2356
 128 Q  -0.2556 -0.1222 -0.0222 -0.5156 -0.3067 0.5867 -0.4122
 129 L  0.2367 -0.0733 -0.0100 0.6622 -0.2067 0.7933 -0.0589
 130 K  -0.0978 0.0733 0.1811 -0.9878 0.8078 0.3100 -0.2944
 131 S  -0.3744 -0.7078 -0.6044 -0.4044 -0.2944 -0.5178 -0.2356
 132 Q  -0.2556 -0.1222 -0.0222 -0.5156 -0.3067 0.5867 -0.4122
 133 F  0.4033 0.4144 0.4578 0.7178 -0.3022 0.1722 0.3533
 134 G  -1.0000 -1.0000 -1.0000 -0.3800 -0.1989 -1.0000 -1.0000
 135 I  1.0000 -0.0733 -0.0100 0.7244 -0.2067 0.1722 0.7644
 136 Q  -0.2556 -0.1222 -0.0222 -0.5156 -0.3067 0.5867 -0.4122
 137 Q  -0.2556 -0.1222 -0.0222 -0.5156 -0.3067 0.5867 -0.4122
 138 F  0.4033 0.4144 0.4578 0.7178 -0.3022 0.1722 0.3533
 139 N  -0.2367 -0.3656 -0.2700 -0.7489 -0.0833 -0.4478 -0.5878
 140 F  0.4033 0.4144 0.4578 0.7178 -0.3022 0.1722 0.3533
 141 V  0.7522 -0.3167 -0.2578 0.3678 -0.2122 -0.0344 1.0000
 142 G  -1.0000 -1.0000 -1.0000 -0.3800 -0.1989 -1.0000 -1.0000
 143 H  0.4267 0.1222 0.1533 -0.3011 0.2167 -0.0344 -0.1178
 144 S  -0.3744 -0.7078 -0.6044 -0.4044 -0.2944 -0.5178 -0.2356
 ! !  -1.0000 -1.0000 -1.0000 -1.0000 -1.0000 -1.0000 -1.0000
 146 G  -1.0000 -1.0000 -1.0000 -0.3800 -0.1989 -1.0000 -1.0000
 147 N  -0.2367 -0.3656 -0.2700 -0.7489 -0.0833 -0.4478 -0.5878
 ! !  -1.0000 -1.0000 -1.0000 -1.0000 -1.0000 -1.0000 -1.0000
 149 S  -0.3744 -0.7078 -0.6044 -0.4044 -0.2944 -0.5178 -0.2356
 150 F  0.4033 0.4144 0.4578 0.7178 -0.3022 0.1722 0.3533
 151 A  -0.3889 -0.7556 -0.7522 -0.1900 -0.1889 1.0000 -0.5289
 152 F  0.4033 0.4144 0.4578 0.7178 -0.3022 0.1722 0.3533
 153 Y  0.4033 0.4633 0.6011 0.2089 -0.3044 -0.1722 0.5289
 ! !  -1.0000 -1.0000 -1.0000 -1.0000 -1.0000 -1.0000 -1.0000
 155 K  -0.0978 0.0733 0.1811 -0.9878 0.8078 0.3100 -0.2944
 156 N  -0.2367 -0.3656 -0.2700 -0.7489 -0.0833 -0.4478 -0.5878
 157 Y  0.4033 0.4633 0.6011 0.2089 -0.3044 -0.1722 0.5289
 158 G  -1.0000 -1.0000 -1.0000 -0.3800 -0.1989 -1.0000 -1.0000
 159 D  -0.2367 -0.4633 -0.3122 -0.8522 -1.0000 -0.1722 -0.7056
 160 D  -0.2367 -0.4633 -0.3122 -0.8522 -1.0000 -0.1722 -0.7056
 161 R  0.1167 0.4144 0.5178 -1.0000 1.0000 0.5867 -0.4122
 162 H  0.4267 0.1222 0.1533 -0.3011 0.2167 -0.0344 -0.1178
 163 L  0.2367 -0.0733 -0.0100 0.6622 -0.2067 0.7933 -0.0589
 164 P  0.2744 -1.0000 -0.3267 0.0611 -0.0111 -1.0000 0.1178
 165 Q  -0.2556 -0.1222 -0.0222 -0.5156 -0.3067 0.5867 -0.4122
 166 L  0.2367 -0.0733 -0.0100 0.6622 -0.2067 0.7933 -0.0589
 167 K  -0.0978 0.0733 0.1811 -0.9878 0.8078 0.3100 -0.2944
 168 K  -0.0978 0.0733 0.1811 -0.9878 0.8078 0.3100 -0.2944
 169 E  -0.2556 -0.2678 -0.0644 -0.7733 -0.9644 1.0000 -0.6467
 170 V  0.7522 -0.3167 -0.2578 0.3678 -0.2122 -0.0344 1.0000
 171 N  -0.2367 -0.3656 -0.2700 -0.7489 -0.0833 -0.4478 -0.5878
 172 I  1.0000 -0.0733 -0.0100 0.7244 -0.2067 0.1722 0.7644
 173 A  -0.3889 -0.7556 -0.7522 -0.1900 -0.1889 1.0000 -0.5289
 174 G  -1.0000 -1.0000 -1.0000 -0.3800 -0.1989 -1.0000 -1.0000
 175 V  0.7522 -0.3167 -0.2578 0.3678 -0.2122 -0.0344 1.0000
 176 Y  0.4033 0.4633 0.6011 0.2089 -0.3044 -0.1722 0.5289
 177 N  -0.2367 -0.3656 -0.2700 -0.7489 -0.0833 -0.4478 -0.5878
 178 G  -1.0000 -1.0000 -1.0000 -0.3800 -0.1989 -1.0000 -1.0000
 179 I  1.0000 -0.0733 -0.0100 0.7244 -0.2067 0.1722 0.7644
 180 L  0.2367 -0.0733 -0.0100 0.6622 -0.2067 0.7933 -0.0589
 181 N  -0.2367 -0.3656 -0.2700 -0.7489 -0.0833 -0.4478 -0.5878
 ! !  -1.0000 -1.0000 -1.0000 -1.0000 -1.0000 -1.0000 -1.0000
 183 N  -0.2367 -0.3656 -0.2700 -0.7489 -0.0833 -0.4478 -0.5878
 184 E  -0.2556 -0.2678 -0.0644 -0.7733 -0.9644 1.0000 -0.6467
 185 N  -0.2367 -0.3656 -0.2700 -0.7489 -0.0833 -0.4478 -0.5878
 186 V  0.7522 -0.3167 -0.2578 0.3678 -0.2122 -0.0344 1.0000
 187 N  -0.2367 -0.3656 -0.2700 -0.7489 -0.0833 -0.4478 -0.5878
 188 E  -0.2556 -0.2678 -0.0644 -0.7733 -0.9644 1.0000 -0.6467
 189 I  1.0000 -0.0733 -0.0100 0.7244 -0.2067 0.1722 0.7644
 190 I  1.0000 -0.0733 -0.0100 0.7244 -0.2067 0.1722 0.7644
 191 V  0.7522 -0.3167 -0.2578 0.3678 -0.2122 -0.0344 1.0000
 192 D  -0.2367 -0.4633 -0.3122 -0.8522 -1.0000 -0.1722 -0.7056
 193 K  -0.0978 0.0733 0.1811 -0.9878 0.8078 0.3100 -0.2944
 194 Q  -0.2556 -0.1222 -0.0222 -0.5156 -0.3067 0.5867 -0.4122
 195 G  -1.0000 -1.0000 -1.0000 -0.3800 -0.1989 -1.0000 -1.0000
 196 K  -0.0978 0.0733 0.1811 -0.9878 0.8078 0.3100 -0.2944
 197 P  0.2744 -1.0000 -0.3267 0.0611 -0.0111 -1.0000 0.1178
 198 S  -0.3744 -0.7078 -0.6044 -0.4044 -0.2944 -0.5178 -0.2356
 199 R  0.1167 0.4144 0.5178 -1.0000 1.0000 0.5867 -0.4122
 ! !  -1.0000 -1.0000 -1.0000 -1.0000 -1.0000 -1.0000 -1.0000
 201 N  -0.2367 -0.3656 -0.2700 -0.7489 -0.0833 -0.4478 -0.5878
 202 A  -0.3889 -0.7556 -0.7522 -0.1900 -0.1889 1.0000 -0.5289
 203 A  -0.3889 -0.7556 -0.7522 -0.1900 -0.1889 1.0000 -0.5289
 204 Y  0.4033 0.4633 0.6011 0.2089 -0.3044 -0.1722 0.5289
 205 R  0.1167 0.4144 0.5178 -1.0000 1.0000 0.5867 -0.4122
 206 Q  -0.2556 -0.1222 -0.0222 -0.5156 -0.3067 0.5867 -0.4122
 207 L  0.2367 -0.0733 -0.0100 0.6622 -0.2067 0.7933 -0.0589
 208 L  0.2367 -0.0733 -0.0100 0.6622 -0.2067 0.7933 -0.0589
 209 S  -0.3744 -0.7078 -0.6044 -0.4044 -0.2944 -0.5178 -0.2356
 210 L  0.2367 -0.0733 -0.0100 0.6622 -0.2067 0.7933 -0.0589
 211 Y  0.4033 0.4633 0.6011 0.2089 -0.3044 -0.1722 0.5289
 212 K  -0.0978 0.0733 0.1811 -0.9878 0.8078 0.3100 -0.2944
 213 I  1.0000 -0.0733 -0.0100 0.7244 -0.2067 0.1722 0.7644
 214 Y  0.4033 0.4633 0.6011 0.2089 -0.3044 -0.1722 0.5289
 215 C  -0.1556 -0.3656 -0.3989 0.5644 -0.1267 -0.7244 0.5289
 216 G  -1.0000 -1.0000 -1.0000 -0.3800 -0.1989 -1.0000 -1.0000
 217 K  -0.0978 0.0733 0.1811 -0.9878 0.8078 0.3100 -0.2944
 218 E  -0.2556 -0.2678 -0.0644 -0.7733 -0.9644 1.0000 -0.6467
 219 I  1.0000 -0.0733 -0.0100 0.7244 -0.2067 0.1722 0.7644
 220 E  -0.2556 -0.2678 -0.0644 -0.7733 -0.9644 1.0000 -0.6467
 221 V  0.7522 -0.3167 -0.2578 0.3678 -0.2122 -0.0344 1.0000
 222 L  0.2367 -0.0733 -0.0100 0.6622 -0.2067 0.7933 -0.0589
 223 N  -0.2367 -0.3656 -0.2700 -0.7489 -0.0833 -0.4478 -0.5878
 224 I  1.0000 -0.0733 -0.0100 0.7244 -0.2067 0.1722 0.7644
 225 Y  0.4033 0.4633 0.6011 0.2089 -0.3044 -0.1722 0.5289
 226 G  -1.0000 -1.0000 -1.0000 -0.3800 -0.1989 -1.0000 -1.0000
 227 D  -0.2367 -0.4633 -0.3122 -0.8522 -1.0000 -0.1722 -0.7056
 228 L  0.2367 -0.0733 -0.0100 0.6622 -0.2067 0.7933 -0.0589
 229 E  -0.2556 -0.2678 -0.0644 -0.7733 -0.9644 1.0000 -0.6467
 230 D  -0.2367 -0.4633 -0.3122 -0.8522 -1.0000 -0.1722 -0.7056
 231 G  -1.0000 -1.0000 -1.0000 -0.3800 -0.1989 -1.0000 -1.0000
 232 S  -0.3744 -0.7078 -0.6044 -0.4044 -0.2944 -0.5178 -0.2356
 233 H  0.4267 0.1222 0.1533 -0.3011 0.2167 -0.0344 -0.1178
 234 S  -0.3744 -0.7078 -0.6044 -0.4044 -0.2944 -0.5178 -0.2356
 235 D  -0.2367 -0.4633 -0.3122 -0.8522 -1.0000 -0.1722 -0.7056
 236 G  -1.0000 -1.0000 -1.0000 -0.3800 -0.1989 -1.0000 -1.0000
 237 R  0.1167 0.4144 0.5178 -1.0000 1.0000 0.5867 -0.4122
 238 V  0.7522 -0.3167 -0.2578 0.3678 -0.2122 -0.0344 1.0000
 239 S  -0.3744 -0.7078 -0.6044 -0.4044 -0.2944 -0.5178 -0.2356
 240 N  -0.2367 -0.3656 -0.2700 -0.7489 -0.0833 -0.4478 -0.5878
 241 S  -0.3744 -0.7078 -0.6044 -0.4044 -0.2944 -0.5178 -0.2356
 242 S  -0.3744 -0.7078 -0.6044 -0.4044 -0.2944 -0.5178 -0.2356
 243 S  -0.3744 -0.7078 -0.6044 -0.4044 -0.2944 -0.5178 -0.2356
 244 Q  -0.2556 -0.1222 -0.0222 -0.5156 -0.3067 0.5867 -0.4122
 245 S  -0.3744 -0.7078 -0.6044 -0.4044 -0.2944 -0.5178 -0.2356
 246 L  0.2367 -0.0733 -0.0100 0.6622 -0.2067 0.7933 -0.0589
 247 Q  -0.2556 -0.1222 -0.0222 -0.5156 -0.3067 0.5867 -0.4122
 248 Y  0.4033 0.4633 0.6011 0.2089 -0.3044 -0.1722 0.5289
 249 L  0.2367 -0.0733 -0.0100 0.6622 -0.2067 0.7933 -0.0589
 250 L  0.2367 -0.0733 -0.0100 0.6622 -0.2067 0.7933 -0.0589
 251 R  0.1167 0.4144 0.5178 -1.0000 1.0000 0.5867 -0.4122
 252 G  -1.0000 -1.0000 -1.0000 -0.3800 -0.1989 -1.0000 -1.0000
 253 S  -0.3744 -0.7078 -0.6044 -0.4044 -0.2944 -0.5178 -0.2356
 254 T  0.4467 -0.4633 -0.3567 -0.2211 -0.3200 -0.4478 0.2356
 255 K  -0.0978 0.0733 0.1811 -0.9878 0.8078 0.3100 -0.2944
 256 S  -0.3744 -0.7078 -0.6044 -0.4044 -0.2944 -0.5178 -0.2356
 257 Y  0.4033 0.4633 0.6011 0.2089 -0.3044 -0.1722 0.5289
 258 Q  -0.2556 -0.1222 -0.0222 -0.5156 -0.3067 0.5867 -0.4122
 259 E  -0.2556 -0.2678 -0.0644 -0.7733 -0.9644 1.0000 -0.6467
 ! !  -1.0000 -1.0000 -1.0000 -1.0000 -1.0000 -1.0000 -1.0000
 261 K  -0.0978 0.0733 0.1811 -0.9878 0.8078 0.3100 -0.2944
 262 F  0.4033 0.4144 0.4578 0.7178 -0.3022 0.1722 0.3533
 263 K  -0.0978 0.0733 0.1811 -0.9878 0.8078 0.3100 -0.2944
 264 G  -1.0000 -1.0000 -1.0000 -0.3800 -0.1989 -1.0000 -1.0000
 265 A  -0.3889 -0.7556 -0.7522 -0.1900 -0.1889 1.0000 -0.5289
 266 K  -0.0978 0.0733 0.1811 -0.9878 0.8078 0.3100 -0.2944
 267 A  -0.3889 -0.7556 -0.7522 -0.1900 -0.1889 1.0000 -0.5289
 268 Q  -0.2556 -0.1222 -0.0222 -0.5156 -0.3067 0.5867 -0.4122
 269 H  0.4267 0.1222 0.1533 -0.3011 0.2167 -0.0344 -0.1178
 270 S  -0.3744 -0.7078 -0.6044 -0.4044 -0.2944 -0.5178 -0.2356
 271 Q  -0.2556 -0.1222 -0.0222 -0.5156 -0.3067 0.5867 -0.4122
 272 L  0.2367 -0.0733 -0.0100 0.6622 -0.2067 0.7933 -0.0589
 273 H  0.4267 0.1222 0.1533 -0.3011 0.2167 -0.0344 -0.1178
 274 E  -0.2556 -0.2678 -0.0644 -0.7733 -0.9644 1.0000 -0.6467
 275 N  -0.2367 -0.3656 -0.2700 -0.7489 -0.0833 -0.4478 -0.5878
 276 K  -0.0978 0.0733 0.1811 -0.9878 0.8078 0.3100 -0.2944
 277 D  -0.2367 -0.4633 -0.3122 -0.8522 -1.0000 -0.1722 -0.7056
 278 V  0.7522 -0.3167 -0.2578 0.3678 -0.2122 -0.0344 1.0000
 279 A  -0.3889 -0.7556 -0.7522 -0.1900 -0.1889 1.0000 -0.5289
 280 N  -0.2367 -0.3656 -0.2700 -0.7489 -0.0833 -0.4478 -0.5878
 281 E  -0.2556 -0.2678 -0.0644 -0.7733 -0.9644 1.0000 -0.6467
 282 I  1.0000 -0.0733 -0.0100 0.7244 -0.2067 0.1722 0.7644
 283 I  1.0000 -0.0733 -0.0100 0.7244 -0.2067 0.1722 0.7644
 284 Q  -0.2556 -0.1222 -0.0222 -0.5156 -0.3067 0.5867 -0.4122
 285 F  0.4033 0.4144 0.4578 0.7178 -0.3022 0.1722 0.3533
 286 L  0.2367 -0.0733 -0.0100 0.6622 -0.2067 0.7933 -0.0589
 287 W  0.5322 1.0000 1.0000 1.0000 -0.2322 0.3100 0.5878
 288 E  -0.2556 -0.2678 -0.0644 -0.7733 -0.9644 1.0000 -0.6467
