 0 A  -0.3889 -0.7556 -0.7522 -0.1900 -0.1889 1.0000 -0.5289
 ! !  -1.0000 -1.0000 -1.0000 -1.0000 -1.0000 -1.0000 -1.0000
 2 K  -0.0978 0.0733 0.1811 -0.9878 0.8078 0.3100 -0.2944
 3 E  -0.2556 -0.2678 -0.0644 -0.7733 -0.9644 1.0000 -0.6467
 4 T  0.4467 -0.4633 -0.3567 -0.2211 -0.3200 -0.4478 0.2356
 5 V  0.7522 -0.3167 -0.2578 0.3678 -0.2122 -0.0344 1.0000
 6 T  0.4467 -0.4633 -0.3567 -0.2211 -0.3200 -0.4478 0.2356
 ! !  -1.0000 -1.0000 -1.0000 -1.0000 -1.0000 -1.0000 -1.0000
 8 L  0.2367 -0.0733 -0.0100 0.6622 -0.2067 0.7933 -0.0589
 9 N  -0.2367 -0.3656 -0.2700 -0.7489 -0.0833 -0.4478 -0.5878
 10 Q  -0.2556 -0.1222 -0.0222 -0.5156 -0.3067 0.5867 -0.4122
 11 Q  -0.2556 -0.1222 -0.0222 -0.5156 -0.3067 0.5867 -0.4122
 12 Y  0.4033 0.4633 0.6011 0.2089 -0.3044 -0.1722 0.5289
 13 V  0.7522 -0.3167 -0.2578 0.3678 -0.2122 -0.0344 1.0000
 14 V  0.7522 -0.3167 -0.2578 0.3678 -0.2122 -0.0344 1.0000
 15 P  0.2744 -1.0000 -0.3267 0.0611 -0.0111 -1.0000 0.1178
 16 E  -0.2556 -0.2678 -0.0644 -0.7733 -0.9644 1.0000 -0.6467
 17 G  -1.0000 -1.0000 -1.0000 -0.3800 -0.1989 -1.0000 -1.0000
 18 L  0.2367 -0.0733 -0.0100 0.6622 -0.2067 0.7933 -0.0589
 19 Q  -0.2556 -0.1222 -0.0222 -0.5156 -0.3067 0.5867 -0.4122
 20 P  0.2744 -1.0000 -0.3267 0.0611 -0.0111 -1.0000 0.1178
 21 Y  0.4033 0.4633 0.6011 0.2089 -0.3044 -0.1722 0.5289
 22 Q  -0.2556 -0.1222 -0.0222 -0.5156 -0.3067 0.5867 -0.4122
 23 G  -1.0000 -1.0000 -1.0000 -0.3800 -0.1989 -1.0000 -1.0000
 24 V  0.7522 -0.3167 -0.2578 0.3678 -0.2122 -0.0344 1.0000
 25 T  0.4467 -0.4633 -0.3567 -0.2211 -0.3200 -0.4478 0.2356
 26 A  -0.3889 -0.7556 -0.7522 -0.1900 -0.1889 1.0000 -0.5289
 27 N  -0.2367 -0.3656 -0.2700 -0.7489 -0.0833 -0.4478 -0.5878
 28 S  -0.3744 -0.7078 -0.6044 -0.4044 -0.2944 -0.5178 -0.2356
 29 P  0.2744 -1.0000 -0.3267 0.0611 -0.0111 -1.0000 0.1178
 30 W  0.5322 1.0000 1.0000 1.0000 -0.2322 0.3100 0.5878
 31 L  0.2367 -0.0733 -0.0100 0.6622 -0.2067 0.7933 -0.0589
 32 A  -0.3889 -0.7556 -0.7522 -0.1900 -0.1889 1.0000 -0.5289
 33 S  -0.3744 -0.7078 -0.6044 -0.4044 -0.2944 -0.5178 -0.2356
 34 E  -0.2556 -0.2678 -0.0644 -0.7733 -0.9644 1.0000 -0.6467
 35 T  0.4467 -0.4633 -0.3567 -0.2211 -0.3200 -0.4478 0.2356
 36 E  -0.2556 -0.2678 -0.0644 -0.7733 -0.9644 1.0000 -0.6467
 37 K  -0.0978 0.0733 0.1811 -0.9878 0.8078 0.3100 -0.2944
 38 R  0.1167 0.4144 0.5178 -1.0000 1.0000 0.5867 -0.4122
 39 R  0.1167 0.4144 0.5178 -1.0000 1.0000 0.5867 -0.4122
 40 R  0.1167 0.4144 0.5178 -1.0000 1.0000 0.5867 -0.4122
 41 K  -0.0978 0.0733 0.1811 -0.9878 0.8078 0.3100 -0.2944
 42 I  1.0000 -0.0733 -0.0100 0.7244 -0.2067 0.1722 0.7644
 43 C  -0.1556 -0.3656 -0.3989 0.5644 -0.1267 -0.7244 0.5289
 44 D  -0.2367 -0.4633 -0.3122 -0.8522 -1.0000 -0.1722 -0.7056
 45 S  -0.3744 -0.7078 -0.6044 -0.4044 -0.2944 -0.5178 -0.2356
 46 L  0.2367 -0.0733 -0.0100 0.6622 -0.2067 0.7933 -0.0589
 47 E  -0.2556 -0.2678 -0.0644 -0.7733 -0.9644 1.0000 -0.6467
 48 E  -0.2556 -0.2678 -0.0644 -0.7733 -0.9644 1.0000 -0.6467
 49 A  -0.3889 -0.7556 -0.7522 -0.1900 -0.1889 1.0000 -0.5289
 50 I  1.0000 -0.0733 -0.0100 0.7244 -0.2067 0.1722 0.7644
 51 R  0.1167 0.4144 0.5178 -1.0000 1.0000 0.5867 -0.4122
 52 R  0.1167 0.4144 0.5178 -1.0000 1.0000 0.5867 -0.4122
 53 S  -0.3744 -0.7078 -0.6044 -0.4044 -0.2944 -0.5178 -0.2356
 54 G  -1.0000 -1.0000 -1.0000 -0.3800 -0.1989 -1.0000 -1.0000
 55 L  0.2367 -0.0733 -0.0100 0.6622 -0.2067 0.7933 -0.0589
 56 K  -0.0978 0.0733 0.1811 -0.9878 0.8078 0.3100 -0.2944
 57 N  -0.2367 -0.3656 -0.2700 -0.7489 -0.0833 -0.4478 -0.5878
 58 G  -1.0000 -1.0000 -1.0000 -0.3800 -0.1989 -1.0000 -1.0000
 ! !  -1.0000 -1.0000 -1.0000 -1.0000 -1.0000 -1.0000 -1.0000
 60 T  0.4467 -0.4633 -0.3567 -0.2211 -0.3200 -0.4478 0.2356
 61 I  1.0000 -0.0733 -0.0100 0.7244 -0.2067 0.1722 0.7644
 62 S  -0.3744 -0.7078 -0.6044 -0.4044 -0.2944 -0.5178 -0.2356
 63 F  0.4033 0.4144 0.4578 0.7178 -0.3022 0.1722 0.3533
 64 H  0.4267 0.1222 0.1533 -0.3011 0.2167 -0.0344 -0.1178
 65 H  0.4267 0.1222 0.1533 -0.3011 0.2167 -0.0344 -0.1178
 66 A  -0.3889 -0.7556 -0.7522 -0.1900 -0.1889 1.0000 -0.5289
 67 F  0.4033 0.4144 0.4578 0.7178 -0.3022 0.1722 0.3533
 68 R  0.1167 0.4144 0.5178 -1.0000 1.0000 0.5867 -0.4122
 69 G  -1.0000 -1.0000 -1.0000 -0.3800 -0.1989 -1.0000 -1.0000
 70 G  -1.0000 -1.0000 -1.0000 -0.3800 -0.1989 -1.0000 -1.0000
 71 D  -0.2367 -0.4633 -0.3122 -0.8522 -1.0000 -0.1722 -0.7056
 72 K  -0.0978 0.0733 0.1811 -0.9878 0.8078 0.3100 -0.2944
 73 V  0.7522 -0.3167 -0.2578 0.3678 -0.2122 -0.0344 1.0000
 74 V  0.7522 -0.3167 -0.2578 0.3678 -0.2122 -0.0344 1.0000
 75 N  -0.2367 -0.3656 -0.2700 -0.7489 -0.0833 -0.4478 -0.5878
 ! !  -1.0000 -1.0000 -1.0000 -1.0000 -1.0000 -1.0000 -1.0000
 77 V  0.7522 -0.3167 -0.2578 0.3678 -0.2122 -0.0344 1.0000
 ! !  -1.0000 -1.0000 -1.0000 -1.0000 -1.0000 -1.0000 -1.0000
 79 A  -0.3889 -0.7556 -0.7522 -0.1900 -0.1889 1.0000 -0.5289
 80 K  -0.0978 0.0733 0.1811 -0.9878 0.8078 0.3100 -0.2944
 81 L  0.2367 -0.0733 -0.0100 0.6622 -0.2067 0.7933 -0.0589
 82 A  -0.3889 -0.7556 -0.7522 -0.1900 -0.1889 1.0000 -0.5289
 83 E  -0.2556 -0.2678 -0.0644 -0.7733 -0.9644 1.0000 -0.6467
 ! !  -1.0000 -1.0000 -1.0000 -1.0000 -1.0000 -1.0000 -1.0000
 85 G  -1.0000 -1.0000 -1.0000 -0.3800 -0.1989 -1.0000 -1.0000
 86 F  0.4033 0.4144 0.4578 0.7178 -0.3022 0.1722 0.3533
 87 R  0.1167 0.4144 0.5178 -1.0000 1.0000 0.5867 -0.4122
 88 D  -0.2367 -0.4633 -0.3122 -0.8522 -1.0000 -0.1722 -0.7056
 89 L  0.2367 -0.0733 -0.0100 0.6622 -0.2067 0.7933 -0.0589
 90 T  0.4467 -0.4633 -0.3567 -0.2211 -0.3200 -0.4478 0.2356
 91 L  0.2367 -0.0733 -0.0100 0.6622 -0.2067 0.7933 -0.0589
 92 A  -0.3889 -0.7556 -0.7522 -0.1900 -0.1889 1.0000 -0.5289
 93 S  -0.3744 -0.7078 -0.6044 -0.4044 -0.2944 -0.5178 -0.2356
 94 S  -0.3744 -0.7078 -0.6044 -0.4044 -0.2944 -0.5178 -0.2356
 95 S  -0.3744 -0.7078 -0.6044 -0.4044 -0.2944 -0.5178 -0.2356
 96 L  0.2367 -0.0733 -0.0100 0.6622 -0.2067 0.7933 -0.0589
 97 I  1.0000 -0.0733 -0.0100 0.7244 -0.2067 0.1722 0.7644
 98 D  -0.2367 -0.4633 -0.3122 -0.8522 -1.0000 -0.1722 -0.7056
 99 A  -0.3889 -0.7556 -0.7522 -0.1900 -0.1889 1.0000 -0.5289
 100 H  0.4267 0.1222 0.1533 -0.3011 0.2167 -0.0344 -0.1178
 101 W  0.5322 1.0000 1.0000 1.0000 -0.2322 0.3100 0.5878
 102 P  0.2744 -1.0000 -0.3267 0.0611 -0.0111 -1.0000 0.1178
 103 L  0.2367 -0.0733 -0.0100 0.6622 -0.2067 0.7933 -0.0589
 104 I  1.0000 -0.0733 -0.0100 0.7244 -0.2067 0.1722 0.7644
 105 E  -0.2556 -0.2678 -0.0644 -0.7733 -0.9644 1.0000 -0.6467
 106 H  0.4267 0.1222 0.1533 -0.3011 0.2167 -0.0344 -0.1178
 107 I  1.0000 -0.0733 -0.0100 0.7244 -0.2067 0.1722 0.7644
 108 K  -0.0978 0.0733 0.1811 -0.9878 0.8078 0.3100 -0.2944
 109 N  -0.2367 -0.3656 -0.2700 -0.7489 -0.0833 -0.4478 -0.5878
 110 G  -1.0000 -1.0000 -1.0000 -0.3800 -0.1989 -1.0000 -1.0000
 111 V  0.7522 -0.3167 -0.2578 0.3678 -0.2122 -0.0344 1.0000
 112 V  0.7522 -0.3167 -0.2578 0.3678 -0.2122 -0.0344 1.0000
 113 R  0.1167 0.4144 0.5178 -1.0000 1.0000 0.5867 -0.4122
 114 Q  -0.2556 -0.1222 -0.0222 -0.5156 -0.3067 0.5867 -0.4122
 115 I  1.0000 -0.0733 -0.0100 0.7244 -0.2067 0.1722 0.7644
 116 Y  0.4033 0.4633 0.6011 0.2089 -0.3044 -0.1722 0.5289
 117 T  0.4467 -0.4633 -0.3567 -0.2211 -0.3200 -0.4478 0.2356
 118 S  -0.3744 -0.7078 -0.6044 -0.4044 -0.2944 -0.5178 -0.2356
 119 G  -1.0000 -1.0000 -1.0000 -0.3800 -0.1989 -1.0000 -1.0000
 120 L  0.2367 -0.0733 -0.0100 0.6622 -0.2067 0.7933 -0.0589
 121 R  0.1167 0.4144 0.5178 -1.0000 1.0000 0.5867 -0.4122
 122 G  -1.0000 -1.0000 -1.0000 -0.3800 -0.1989 -1.0000 -1.0000
 123 K  -0.0978 0.0733 0.1811 -0.9878 0.8078 0.3100 -0.2944
 124 L  0.2367 -0.0733 -0.0100 0.6622 -0.2067 0.7933 -0.0589
 125 G  -1.0000 -1.0000 -1.0000 -0.3800 -0.1989 -1.0000 -1.0000
 126 E  -0.2556 -0.2678 -0.0644 -0.7733 -0.9644 1.0000 -0.6467
 127 E  -0.2556 -0.2678 -0.0644 -0.7733 -0.9644 1.0000 -0.6467
 128 I  1.0000 -0.0733 -0.0100 0.7244 -0.2067 0.1722 0.7644
 129 S  -0.3744 -0.7078 -0.6044 -0.4044 -0.2944 -0.5178 -0.2356
 130 A  -0.3889 -0.7556 -0.7522 -0.1900 -0.1889 1.0000 -0.5289
 131 G  -1.0000 -1.0000 -1.0000 -0.3800 -0.1989 -1.0000 -1.0000
 132 L  0.2367 -0.0733 -0.0100 0.6622 -0.2067 0.7933 -0.0589
 ! !  -1.0000 -1.0000 -1.0000 -1.0000 -1.0000 -1.0000 -1.0000
 134 E  -0.2556 -0.2678 -0.0644 -0.7733 -0.9644 1.0000 -0.6467
 135 N  -0.2367 -0.3656 -0.2700 -0.7489 -0.0833 -0.4478 -0.5878
 136 P  0.2744 -1.0000 -0.3267 0.0611 -0.0111 -1.0000 0.1178
 137 V  0.7522 -0.3167 -0.2578 0.3678 -0.2122 -0.0344 1.0000
 138 Q  -0.2556 -0.1222 -0.0222 -0.5156 -0.3067 0.5867 -0.4122
 139 I  1.0000 -0.0733 -0.0100 0.7244 -0.2067 0.1722 0.7644
 140 H  0.4267 0.1222 0.1533 -0.3011 0.2167 -0.0344 -0.1178
 141 S  -0.3744 -0.7078 -0.6044 -0.4044 -0.2944 -0.5178 -0.2356
 142 H  0.4267 0.1222 0.1533 -0.3011 0.2167 -0.0344 -0.1178
 143 G  -1.0000 -1.0000 -1.0000 -0.3800 -0.1989 -1.0000 -1.0000
 144 G  -1.0000 -1.0000 -1.0000 -0.3800 -0.1989 -1.0000 -1.0000
 145 R  0.1167 0.4144 0.5178 -1.0000 1.0000 0.5867 -0.4122
 146 V  0.7522 -0.3167 -0.2578 0.3678 -0.2122 -0.0344 1.0000
 147 K  -0.0978 0.0733 0.1811 -0.9878 0.8078 0.3100 -0.2944
 148 L  0.2367 -0.0733 -0.0100 0.6622 -0.2067 0.7933 -0.0589
 149 I  1.0000 -0.0733 -0.0100 0.7244 -0.2067 0.1722 0.7644
 150 Q  -0.2556 -0.1222 -0.0222 -0.5156 -0.3067 0.5867 -0.4122
 151 S  -0.3744 -0.7078 -0.6044 -0.4044 -0.2944 -0.5178 -0.2356
 152 G  -1.0000 -1.0000 -1.0000 -0.3800 -0.1989 -1.0000 -1.0000
 153 E  -0.2556 -0.2678 -0.0644 -0.7733 -0.9644 1.0000 -0.6467
 154 L  0.2367 -0.0733 -0.0100 0.6622 -0.2067 0.7933 -0.0589
 155 N  -0.2367 -0.3656 -0.2700 -0.7489 -0.0833 -0.4478 -0.5878
 156 I  1.0000 -0.0733 -0.0100 0.7244 -0.2067 0.1722 0.7644
 157 D  -0.2367 -0.4633 -0.3122 -0.8522 -1.0000 -0.1722 -0.7056
 158 V  0.7522 -0.3167 -0.2578 0.3678 -0.2122 -0.0344 1.0000
 159 A  -0.3889 -0.7556 -0.7522 -0.1900 -0.1889 1.0000 -0.5289
 160 F  0.4033 0.4144 0.4578 0.7178 -0.3022 0.1722 0.3533
 161 L  0.2367 -0.0733 -0.0100 0.6622 -0.2067 0.7933 -0.0589
 162 G  -1.0000 -1.0000 -1.0000 -0.3800 -0.1989 -1.0000 -1.0000
 163 V  0.7522 -0.3167 -0.2578 0.3678 -0.2122 -0.0344 1.0000
 164 P  0.2744 -1.0000 -0.3267 0.0611 -0.0111 -1.0000 0.1178
 165 C  -0.1556 -0.3656 -0.3989 0.5644 -0.1267 -0.7244 0.5289
 166 C  -0.1556 -0.3656 -0.3989 0.5644 -0.1267 -0.7244 0.5289
 167 D  -0.2367 -0.4633 -0.3122 -0.8522 -1.0000 -0.1722 -0.7056
 168 E  -0.2556 -0.2678 -0.0644 -0.7733 -0.9644 1.0000 -0.6467
 169 F  0.4033 0.4144 0.4578 0.7178 -0.3022 0.1722 0.3533
 170 G  -1.0000 -1.0000 -1.0000 -0.3800 -0.1989 -1.0000 -1.0000
 171 N  -0.2367 -0.3656 -0.2700 -0.7489 -0.0833 -0.4478 -0.5878
 172 A  -0.3889 -0.7556 -0.7522 -0.1900 -0.1889 1.0000 -0.5289
 173 N  -0.2367 -0.3656 -0.2700 -0.7489 -0.0833 -0.4478 -0.5878
 174 G  -1.0000 -1.0000 -1.0000 -0.3800 -0.1989 -1.0000 -1.0000
 175 F  0.4033 0.4144 0.4578 0.7178 -0.3022 0.1722 0.3533
 176 S  -0.3744 -0.7078 -0.6044 -0.4044 -0.2944 -0.5178 -0.2356
 177 G  -1.0000 -1.0000 -1.0000 -0.3800 -0.1989 -1.0000 -1.0000
 178 K  -0.0978 0.0733 0.1811 -0.9878 0.8078 0.3100 -0.2944
 179 S  -0.3744 -0.7078 -0.6044 -0.4044 -0.2944 -0.5178 -0.2356
 180 R  0.1167 0.4144 0.5178 -1.0000 1.0000 0.5867 -0.4122
 181 C  -0.1556 -0.3656 -0.3989 0.5644 -0.1267 -0.7244 0.5289
 182 G  -1.0000 -1.0000 -1.0000 -0.3800 -0.1989 -1.0000 -1.0000
 183 S  -0.3744 -0.7078 -0.6044 -0.4044 -0.2944 -0.5178 -0.2356
 184 L  0.2367 -0.0733 -0.0100 0.6622 -0.2067 0.7933 -0.0589
 185 G  -1.0000 -1.0000 -1.0000 -0.3800 -0.1989 -1.0000 -1.0000
 186 Y  0.4033 0.4633 0.6011 0.2089 -0.3044 -0.1722 0.5289
 187 A  -0.3889 -0.7556 -0.7522 -0.1900 -0.1889 1.0000 -0.5289
 188 Q  -0.2556 -0.1222 -0.0222 -0.5156 -0.3067 0.5867 -0.4122
 189 V  0.7522 -0.3167 -0.2578 0.3678 -0.2122 -0.0344 1.0000
 190 D  -0.2367 -0.4633 -0.3122 -0.8522 -1.0000 -0.1722 -0.7056
 191 A  -0.3889 -0.7556 -0.7522 -0.1900 -0.1889 1.0000 -0.5289
 192 Q  -0.2556 -0.1222 -0.0222 -0.5156 -0.3067 0.5867 -0.4122
 193 Y  0.4033 0.4633 0.6011 0.2089 -0.3044 -0.1722 0.5289
 194 A  -0.3889 -0.7556 -0.7522 -0.1900 -0.1889 1.0000 -0.5289
 195 K  -0.0978 0.0733 0.1811 -0.9878 0.8078 0.3100 -0.2944
 196 C  -0.1556 -0.3656 -0.3989 0.5644 -0.1267 -0.7244 0.5289
 197 V  0.7522 -0.3167 -0.2578 0.3678 -0.2122 -0.0344 1.0000
 198 V  0.7522 -0.3167 -0.2578 0.3678 -0.2122 -0.0344 1.0000
 199 L  0.2367 -0.0733 -0.0100 0.6622 -0.2067 0.7933 -0.0589
 200 L  0.2367 -0.0733 -0.0100 0.6622 -0.2067 0.7933 -0.0589
 201 T  0.4467 -0.4633 -0.3567 -0.2211 -0.3200 -0.4478 0.2356
 202 E  -0.2556 -0.2678 -0.0644 -0.7733 -0.9644 1.0000 -0.6467
 203 E  -0.2556 -0.2678 -0.0644 -0.7733 -0.9644 1.0000 -0.6467
 204 W  0.5322 1.0000 1.0000 1.0000 -0.2322 0.3100 0.5878
 205 V  0.7522 -0.3167 -0.2578 0.3678 -0.2122 -0.0344 1.0000
 206 E  -0.2556 -0.2678 -0.0644 -0.7733 -0.9644 1.0000 -0.6467
 207 F  0.4033 0.4144 0.4578 0.7178 -0.3022 0.1722 0.3533
 208 P  0.2744 -1.0000 -0.3267 0.0611 -0.0111 -1.0000 0.1178
 209 N  -0.2367 -0.3656 -0.2700 -0.7489 -0.0833 -0.4478 -0.5878
 210 Y  0.4033 0.4633 0.6011 0.2089 -0.3044 -0.1722 0.5289
 211 P  0.2744 -1.0000 -0.3267 0.0611 -0.0111 -1.0000 0.1178
 212 A  -0.3889 -0.7556 -0.7522 -0.1900 -0.1889 1.0000 -0.5289
 213 S  -0.3744 -0.7078 -0.6044 -0.4044 -0.2944 -0.5178 -0.2356
 214 I  1.0000 -0.0733 -0.0100 0.7244 -0.2067 0.1722 0.7644
 215 A  -0.3889 -0.7556 -0.7522 -0.1900 -0.1889 1.0000 -0.5289
 216 Q  -0.2556 -0.1222 -0.0222 -0.5156 -0.3067 0.5867 -0.4122
 217 D  -0.2367 -0.4633 -0.3122 -0.8522 -1.0000 -0.1722 -0.7056
 218 Q  -0.2556 -0.1222 -0.0222 -0.5156 -0.3067 0.5867 -0.4122
 219 V  0.7522 -0.3167 -0.2578 0.3678 -0.2122 -0.0344 1.0000
 220 D  -0.2367 -0.4633 -0.3122 -0.8522 -1.0000 -0.1722 -0.7056
 221 L  0.2367 -0.0733 -0.0100 0.6622 -0.2067 0.7933 -0.0589
 222 I  1.0000 -0.0733 -0.0100 0.7244 -0.2067 0.1722 0.7644
 223 V  0.7522 -0.3167 -0.2578 0.3678 -0.2122 -0.0344 1.0000
 224 Q  -0.2556 -0.1222 -0.0222 -0.5156 -0.3067 0.5867 -0.4122
 225 V  0.7522 -0.3167 -0.2578 0.3678 -0.2122 -0.0344 1.0000
 226 D  -0.2367 -0.4633 -0.3122 -0.8522 -1.0000 -0.1722 -0.7056
 227 E  -0.2556 -0.2678 -0.0644 -0.7733 -0.9644 1.0000 -0.6467
 228 V  0.7522 -0.3167 -0.2578 0.3678 -0.2122 -0.0344 1.0000
 229 G  -1.0000 -1.0000 -1.0000 -0.3800 -0.1989 -1.0000 -1.0000
 230 D  -0.2367 -0.4633 -0.3122 -0.8522 -1.0000 -0.1722 -0.7056
 231 P  0.2744 -1.0000 -0.3267 0.0611 -0.0111 -1.0000 0.1178
 232 E  -0.2556 -0.2678 -0.0644 -0.7733 -0.9644 1.0000 -0.6467
 233 K  -0.0978 0.0733 0.1811 -0.9878 0.8078 0.3100 -0.2944
 234 I  1.0000 -0.0733 -0.0100 0.7244 -0.2067 0.1722 0.7644
 235 T  0.4467 -0.4633 -0.3567 -0.2211 -0.3200 -0.4478 0.2356
 236 A  -0.3889 -0.7556 -0.7522 -0.1900 -0.1889 1.0000 -0.5289
 237 G  -1.0000 -1.0000 -1.0000 -0.3800 -0.1989 -1.0000 -1.0000
 238 A  -0.3889 -0.7556 -0.7522 -0.1900 -0.1889 1.0000 -0.5289
 239 I  1.0000 -0.0733 -0.0100 0.7244 -0.2067 0.1722 0.7644
 240 R  0.1167 0.4144 0.5178 -1.0000 1.0000 0.5867 -0.4122
 241 L  0.2367 -0.0733 -0.0100 0.6622 -0.2067 0.7933 -0.0589
 242 S  -0.3744 -0.7078 -0.6044 -0.4044 -0.2944 -0.5178 -0.2356
 243 S  -0.3744 -0.7078 -0.6044 -0.4044 -0.2944 -0.5178 -0.2356
 244 N  -0.2367 -0.3656 -0.2700 -0.7489 -0.0833 -0.4478 -0.5878
 245 P  0.2744 -1.0000 -0.3267 0.0611 -0.0111 -1.0000 0.1178
 246 R  0.1167 0.4144 0.5178 -1.0000 1.0000 0.5867 -0.4122
 247 E  -0.2556 -0.2678 -0.0644 -0.7733 -0.9644 1.0000 -0.6467
 248 L  0.2367 -0.0733 -0.0100 0.6622 -0.2067 0.7933 -0.0589
 249 L  0.2367 -0.0733 -0.0100 0.6622 -0.2067 0.7933 -0.0589
 250 I  1.0000 -0.0733 -0.0100 0.7244 -0.2067 0.1722 0.7644
 251 A  -0.3889 -0.7556 -0.7522 -0.1900 -0.1889 1.0000 -0.5289
 252 R  0.1167 0.4144 0.5178 -1.0000 1.0000 0.5867 -0.4122
 253 Q  -0.2556 -0.1222 -0.0222 -0.5156 -0.3067 0.5867 -0.4122
 254 A  -0.3889 -0.7556 -0.7522 -0.1900 -0.1889 1.0000 -0.5289
 255 A  -0.3889 -0.7556 -0.7522 -0.1900 -0.1889 1.0000 -0.5289
 256 N  -0.2367 -0.3656 -0.2700 -0.7489 -0.0833 -0.4478 -0.5878
 257 V  0.7522 -0.3167 -0.2578 0.3678 -0.2122 -0.0344 1.0000
 258 I  1.0000 -0.0733 -0.0100 0.7244 -0.2067 0.1722 0.7644
 259 E  -0.2556 -0.2678 -0.0644 -0.7733 -0.9644 1.0000 -0.6467
 260 H  0.4267 0.1222 0.1533 -0.3011 0.2167 -0.0344 -0.1178
 261 S  -0.3744 -0.7078 -0.6044 -0.4044 -0.2944 -0.5178 -0.2356
 262 G  -1.0000 -1.0000 -1.0000 -0.3800 -0.1989 -1.0000 -1.0000
 263 Y  0.4033 0.4633 0.6011 0.2089 -0.3044 -0.1722 0.5289
 264 F  0.4033 0.4144 0.4578 0.7178 -0.3022 0.1722 0.3533
 265 C  -0.1556 -0.3656 -0.3989 0.5644 -0.1267 -0.7244 0.5289
 266 D  -0.2367 -0.4633 -0.3122 -0.8522 -1.0000 -0.1722 -0.7056
 267 G  -1.0000 -1.0000 -1.0000 -0.3800 -0.1989 -1.0000 -1.0000
 268 F  0.4033 0.4144 0.4578 0.7178 -0.3022 0.1722 0.3533
 269 S  -0.3744 -0.7078 -0.6044 -0.4044 -0.2944 -0.5178 -0.2356
 270 L  0.2367 -0.0733 -0.0100 0.6622 -0.2067 0.7933 -0.0589
 271 Q  -0.2556 -0.1222 -0.0222 -0.5156 -0.3067 0.5867 -0.4122
 272 T  0.4467 -0.4633 -0.3567 -0.2211 -0.3200 -0.4478 0.2356
 273 G  -1.0000 -1.0000 -1.0000 -0.3800 -0.1989 -1.0000 -1.0000
 274 T  0.4467 -0.4633 -0.3567 -0.2211 -0.3200 -0.4478 0.2356
 275 G  -1.0000 -1.0000 -1.0000 -0.3800 -0.1989 -1.0000 -1.0000
 276 G  -1.0000 -1.0000 -1.0000 -0.3800 -0.1989 -1.0000 -1.0000
 277 A  -0.3889 -0.7556 -0.7522 -0.1900 -0.1889 1.0000 -0.5289
 278 S  -0.3744 -0.7078 -0.6044 -0.4044 -0.2944 -0.5178 -0.2356
 279 L  0.2367 -0.0733 -0.0100 0.6622 -0.2067 0.7933 -0.0589
 280 A  -0.3889 -0.7556 -0.7522 -0.1900 -0.1889 1.0000 -0.5289
 281 V  0.7522 -0.3167 -0.2578 0.3678 -0.2122 -0.0344 1.0000
 282 T  0.4467 -0.4633 -0.3567 -0.2211 -0.3200 -0.4478 0.2356
 283 R  0.1167 0.4144 0.5178 -1.0000 1.0000 0.5867 -0.4122
 284 F  0.4033 0.4144 0.4578 0.7178 -0.3022 0.1722 0.3533
 285 L  0.2367 -0.0733 -0.0100 0.6622 -0.2067 0.7933 -0.0589
 286 E  -0.2556 -0.2678 -0.0644 -0.7733 -0.9644 1.0000 -0.6467
 287 D  -0.2367 -0.4633 -0.3122 -0.8522 -1.0000 -0.1722 -0.7056
 288 K  -0.0978 0.0733 0.1811 -0.9878 0.8078 0.3100 -0.2944
 ! !  -1.0000 -1.0000 -1.0000 -1.0000 -1.0000 -1.0000 -1.0000
 290 R  0.1167 0.4144 0.5178 -1.0000 1.0000 0.5867 -0.4122
 291 R  0.1167 0.4144 0.5178 -1.0000 1.0000 0.5867 -0.4122
 292 H  0.4267 0.1222 0.1533 -0.3011 0.2167 -0.0344 -0.1178
 293 N  -0.2367 -0.3656 -0.2700 -0.7489 -0.0833 -0.4478 -0.5878
 294 I  1.0000 -0.0733 -0.0100 0.7244 -0.2067 0.1722 0.7644
 295 T  0.4467 -0.4633 -0.3567 -0.2211 -0.3200 -0.4478 0.2356
 296 A  -0.3889 -0.7556 -0.7522 -0.1900 -0.1889 1.0000 -0.5289
 297 S  -0.3744 -0.7078 -0.6044 -0.4044 -0.2944 -0.5178 -0.2356
 298 F  0.4033 0.4144 0.4578 0.7178 -0.3022 0.1722 0.3533
 299 G  -1.0000 -1.0000 -1.0000 -0.3800 -0.1989 -1.0000 -1.0000
 300 L  0.2367 -0.0733 -0.0100 0.6622 -0.2067 0.7933 -0.0589
 301 G  -1.0000 -1.0000 -1.0000 -0.3800 -0.1989 -1.0000 -1.0000
 302 G  -1.0000 -1.0000 -1.0000 -0.3800 -0.1989 -1.0000 -1.0000
 303 I  1.0000 -0.0733 -0.0100 0.7244 -0.2067 0.1722 0.7644
 304 T  0.4467 -0.4633 -0.3567 -0.2211 -0.3200 -0.4478 0.2356
 305 G  -1.0000 -1.0000 -1.0000 -0.3800 -0.1989 -1.0000 -1.0000
 306 T  0.4467 -0.4633 -0.3567 -0.2211 -0.3200 -0.4478 0.2356
 ! !  -1.0000 -1.0000 -1.0000 -1.0000 -1.0000 -1.0000 -1.0000
 308 V  0.7522 -0.3167 -0.2578 0.3678 -0.2122 -0.0344 1.0000
 309 D  -0.2367 -0.4633 -0.3122 -0.8522 -1.0000 -0.1722 -0.7056
 310 L  0.2367 -0.0733 -0.0100 0.6622 -0.2067 0.7933 -0.0589
 311 H  0.4267 0.1222 0.1533 -0.3011 0.2167 -0.0344 -0.1178
 312 E  -0.2556 -0.2678 -0.0644 -0.7733 -0.9644 1.0000 -0.6467
 313 K  -0.0978 0.0733 0.1811 -0.9878 0.8078 0.3100 -0.2944
 314 G  -1.0000 -1.0000 -1.0000 -0.3800 -0.1989 -1.0000 -1.0000
 315 L  0.2367 -0.0733 -0.0100 0.6622 -0.2067 0.7933 -0.0589
 316 I  1.0000 -0.0733 -0.0100 0.7244 -0.2067 0.1722 0.7644
 317 K  -0.0978 0.0733 0.1811 -0.9878 0.8078 0.3100 -0.2944
 318 A  -0.3889 -0.7556 -0.7522 -0.1900 -0.1889 1.0000 -0.5289
 319 L  0.2367 -0.0733 -0.0100 0.6622 -0.2067 0.7933 -0.0589
 320 L  0.2367 -0.0733 -0.0100 0.6622 -0.2067 0.7933 -0.0589
 321 D  -0.2367 -0.4633 -0.3122 -0.8522 -1.0000 -0.1722 -0.7056
 322 T  0.4467 -0.4633 -0.3567 -0.2211 -0.3200 -0.4478 0.2356
 323 Q  -0.2556 -0.1222 -0.0222 -0.5156 -0.3067 0.5867 -0.4122
 324 S  -0.3744 -0.7078 -0.6044 -0.4044 -0.2944 -0.5178 -0.2356
 325 F  0.4033 0.4144 0.4578 0.7178 -0.3022 0.1722 0.3533
 326 D  -0.2367 -0.4633 -0.3122 -0.8522 -1.0000 -0.1722 -0.7056
 327 G  -1.0000 -1.0000 -1.0000 -0.3800 -0.1989 -1.0000 -1.0000
 328 D  -0.2367 -0.4633 -0.3122 -0.8522 -1.0000 -0.1722 -0.7056
 329 A  -0.3889 -0.7556 -0.7522 -0.1900 -0.1889 1.0000 -0.5289
 330 A  -0.3889 -0.7556 -0.7522 -0.1900 -0.1889 1.0000 -0.5289
 331 R  0.1167 0.4144 0.5178 -1.0000 1.0000 0.5867 -0.4122
 332 S  -0.3744 -0.7078 -0.6044 -0.4044 -0.2944 -0.5178 -0.2356
 333 L  0.2367 -0.0733 -0.0100 0.6622 -0.2067 0.7933 -0.0589
 334 A  -0.3889 -0.7556 -0.7522 -0.1900 -0.1889 1.0000 -0.5289
 335 Q  -0.2556 -0.1222 -0.0222 -0.5156 -0.3067 0.5867 -0.4122
 336 N  -0.2367 -0.3656 -0.2700 -0.7489 -0.0833 -0.4478 -0.5878
 337 P  0.2744 -1.0000 -0.3267 0.0611 -0.0111 -1.0000 0.1178
 338 H  0.4267 0.1222 0.1533 -0.3011 0.2167 -0.0344 -0.1178
 339 H  0.4267 0.1222 0.1533 -0.3011 0.2167 -0.0344 -0.1178
 340 I  1.0000 -0.0733 -0.0100 0.7244 -0.2067 0.1722 0.7644
 341 E  -0.2556 -0.2678 -0.0644 -0.7733 -0.9644 1.0000 -0.6467
 342 I  1.0000 -0.0733 -0.0100 0.7244 -0.2067 0.1722 0.7644
 343 S  -0.3744 -0.7078 -0.6044 -0.4044 -0.2944 -0.5178 -0.2356
 344 T  0.4467 -0.4633 -0.3567 -0.2211 -0.3200 -0.4478 0.2356
 345 N  -0.2367 -0.3656 -0.2700 -0.7489 -0.0833 -0.4478 -0.5878
 346 Q  -0.2556 -0.1222 -0.0222 -0.5156 -0.3067 0.5867 -0.4122
 347 Y  0.4033 0.4633 0.6011 0.2089 -0.3044 -0.1722 0.5289
 348 A  -0.3889 -0.7556 -0.7522 -0.1900 -0.1889 1.0000 -0.5289
 349 N  -0.2367 -0.3656 -0.2700 -0.7489 -0.0833 -0.4478 -0.5878
 350 P  0.2744 -1.0000 -0.3267 0.0611 -0.0111 -1.0000 0.1178
 351 A  -0.3889 -0.7556 -0.7522 -0.1900 -0.1889 1.0000 -0.5289
 352 S  -0.3744 -0.7078 -0.6044 -0.4044 -0.2944 -0.5178 -0.2356
 353 K  -0.0978 0.0733 0.1811 -0.9878 0.8078 0.3100 -0.2944
 354 G  -1.0000 -1.0000 -1.0000 -0.3800 -0.1989 -1.0000 -1.0000
 355 A  -0.3889 -0.7556 -0.7522 -0.1900 -0.1889 1.0000 -0.5289
 356 A  -0.3889 -0.7556 -0.7522 -0.1900 -0.1889 1.0000 -0.5289
 357 C  -0.1556 -0.3656 -0.3989 0.5644 -0.1267 -0.7244 0.5289
 358 E  -0.2556 -0.2678 -0.0644 -0.7733 -0.9644 1.0000 -0.6467
 359 R  0.1167 0.4144 0.5178 -1.0000 1.0000 0.5867 -0.4122
 360 L  0.2367 -0.0733 -0.0100 0.6622 -0.2067 0.7933 -0.0589
 361 N  -0.2367 -0.3656 -0.2700 -0.7489 -0.0833 -0.4478 -0.5878
 362 V  0.7522 -0.3167 -0.2578 0.3678 -0.2122 -0.0344 1.0000
 363 V  0.7522 -0.3167 -0.2578 0.3678 -0.2122 -0.0344 1.0000
 ! !  -1.0000 -1.0000 -1.0000 -1.0000 -1.0000 -1.0000 -1.0000
 365 L  0.2367 -0.0733 -0.0100 0.6622 -0.2067 0.7933 -0.0589
 366 S  -0.3744 -0.7078 -0.6044 -0.4044 -0.2944 -0.5178 -0.2356
 367 A  -0.3889 -0.7556 -0.7522 -0.1900 -0.1889 1.0000 -0.5289
 368 L  0.2367 -0.0733 -0.0100 0.6622 -0.2067 0.7933 -0.0589
 369 E  -0.2556 -0.2678 -0.0644 -0.7733 -0.9644 1.0000 -0.6467
 370 I  1.0000 -0.0733 -0.0100 0.7244 -0.2067 0.1722 0.7644
 371 D  -0.2367 -0.4633 -0.3122 -0.8522 -1.0000 -0.1722 -0.7056
 372 V  0.7522 -0.3167 -0.2578 0.3678 -0.2122 -0.0344 1.0000
 373 N  -0.2367 -0.3656 -0.2700 -0.7489 -0.0833 -0.4478 -0.5878
 374 F  0.4033 0.4144 0.4578 0.7178 -0.3022 0.1722 0.3533
 375 N  -0.2367 -0.3656 -0.2700 -0.7489 -0.0833 -0.4478 -0.5878
 376 V  0.7522 -0.3167 -0.2578 0.3678 -0.2122 -0.0344 1.0000
 377 N  -0.2367 -0.3656 -0.2700 -0.7489 -0.0833 -0.4478 -0.5878
 378 V  0.7522 -0.3167 -0.2578 0.3678 -0.2122 -0.0344 1.0000
 ! !  -1.0000 -1.0000 -1.0000 -1.0000 -1.0000 -1.0000 -1.0000
 380 T  0.4467 -0.4633 -0.3567 -0.2211 -0.3200 -0.4478 0.2356
 381 G  -1.0000 -1.0000 -1.0000 -0.3800 -0.1989 -1.0000 -1.0000
 382 S  -0.3744 -0.7078 -0.6044 -0.4044 -0.2944 -0.5178 -0.2356
 383 N  -0.2367 -0.3656 -0.2700 -0.7489 -0.0833 -0.4478 -0.5878
 384 G  -1.0000 -1.0000 -1.0000 -0.3800 -0.1989 -1.0000 -1.0000
 385 V  0.7522 -0.3167 -0.2578 0.3678 -0.2122 -0.0344 1.0000
 386 L  0.2367 -0.0733 -0.0100 0.6622 -0.2067 0.7933 -0.0589
 387 R  0.1167 0.4144 0.5178 -1.0000 1.0000 0.5867 -0.4122
 388 G  -1.0000 -1.0000 -1.0000 -0.3800 -0.1989 -1.0000 -1.0000
 389 A  -0.3889 -0.7556 -0.7522 -0.1900 -0.1889 1.0000 -0.5289
 390 S  -0.3744 -0.7078 -0.6044 -0.4044 -0.2944 -0.5178 -0.2356
 391 G  -1.0000 -1.0000 -1.0000 -0.3800 -0.1989 -1.0000 -1.0000
 392 G  -1.0000 -1.0000 -1.0000 -0.3800 -0.1989 -1.0000 -1.0000
 393 H  0.4267 0.1222 0.1533 -0.3011 0.2167 -0.0344 -0.1178
 394 S  -0.3744 -0.7078 -0.6044 -0.4044 -0.2944 -0.5178 -0.2356
 395 D  -0.2367 -0.4633 -0.3122 -0.8522 -1.0000 -0.1722 -0.7056
 396 T  0.4467 -0.4633 -0.3567 -0.2211 -0.3200 -0.4478 0.2356
 397 A  -0.3889 -0.7556 -0.7522 -0.1900 -0.1889 1.0000 -0.5289
 398 A  -0.3889 -0.7556 -0.7522 -0.1900 -0.1889 1.0000 -0.5289
 399 G  -1.0000 -1.0000 -1.0000 -0.3800 -0.1989 -1.0000 -1.0000
 400 A  -0.3889 -0.7556 -0.7522 -0.1900 -0.1889 1.0000 -0.5289
 401 D  -0.2367 -0.4633 -0.3122 -0.8522 -1.0000 -0.1722 -0.7056
 402 L  0.2367 -0.0733 -0.0100 0.6622 -0.2067 0.7933 -0.0589
 403 T  0.4467 -0.4633 -0.3567 -0.2211 -0.3200 -0.4478 0.2356
 404 I  1.0000 -0.0733 -0.0100 0.7244 -0.2067 0.1722 0.7644
 405 I  1.0000 -0.0733 -0.0100 0.7244 -0.2067 0.1722 0.7644
 406 T  0.4467 -0.4633 -0.3567 -0.2211 -0.3200 -0.4478 0.2356
 407 A  -0.3889 -0.7556 -0.7522 -0.1900 -0.1889 1.0000 -0.5289
 408 P  0.2744 -1.0000 -0.3267 0.0611 -0.0111 -1.0000 0.1178
 409 L  0.2367 -0.0733 -0.0100 0.6622 -0.2067 0.7933 -0.0589
 410 V  0.7522 -0.3167 -0.2578 0.3678 -0.2122 -0.0344 1.0000
 411 R  0.1167 0.4144 0.5178 -1.0000 1.0000 0.5867 -0.4122
 412 G  -1.0000 -1.0000 -1.0000 -0.3800 -0.1989 -1.0000 -1.0000
 413 R  0.1167 0.4144 0.5178 -1.0000 1.0000 0.5867 -0.4122
 414 I  1.0000 -0.0733 -0.0100 0.7244 -0.2067 0.1722 0.7644
 415 P  0.2744 -1.0000 -0.3267 0.0611 -0.0111 -1.0000 0.1178
 416 C  -0.1556 -0.3656 -0.3989 0.5644 -0.1267 -0.7244 0.5289
 417 V  0.7522 -0.3167 -0.2578 0.3678 -0.2122 -0.0344 1.0000
 418 V  0.7522 -0.3167 -0.2578 0.3678 -0.2122 -0.0344 1.0000
 419 E  -0.2556 -0.2678 -0.0644 -0.7733 -0.9644 1.0000 -0.6467
 420 K  -0.0978 0.0733 0.1811 -0.9878 0.8078 0.3100 -0.2944
 421 V  0.7522 -0.3167 -0.2578 0.3678 -0.2122 -0.0344 1.0000
 422 L  0.2367 -0.0733 -0.0100 0.6622 -0.2067 0.7933 -0.0589
 423 T  0.4467 -0.4633 -0.3567 -0.2211 -0.3200 -0.4478 0.2356
 424 T  0.4467 -0.4633 -0.3567 -0.2211 -0.3200 -0.4478 0.2356
 425 V  0.7522 -0.3167 -0.2578 0.3678 -0.2122 -0.0344 1.0000
 426 T  0.4467 -0.4633 -0.3567 -0.2211 -0.3200 -0.4478 0.2356
 427 P  0.2744 -1.0000 -0.3267 0.0611 -0.0111 -1.0000 0.1178
 428 G  -1.0000 -1.0000 -1.0000 -0.3800 -0.1989 -1.0000 -1.0000
 429 A  -0.3889 -0.7556 -0.7522 -0.1900 -0.1889 1.0000 -0.5289
 430 S  -0.3744 -0.7078 -0.6044 -0.4044 -0.2944 -0.5178 -0.2356
 431 V  0.7522 -0.3167 -0.2578 0.3678 -0.2122 -0.0344 1.0000
 432 D  -0.2367 -0.4633 -0.3122 -0.8522 -1.0000 -0.1722 -0.7056
 433 V  0.7522 -0.3167 -0.2578 0.3678 -0.2122 -0.0344 1.0000
 434 L  0.2367 -0.0733 -0.0100 0.6622 -0.2067 0.7933 -0.0589
 435 V  0.7522 -0.3167 -0.2578 0.3678 -0.2122 -0.0344 1.0000
 436 T  0.4467 -0.4633 -0.3567 -0.2211 -0.3200 -0.4478 0.2356
 437 D  -0.2367 -0.4633 -0.3122 -0.8522 -1.0000 -0.1722 -0.7056
 438 H  0.4267 0.1222 0.1533 -0.3011 0.2167 -0.0344 -0.1178
 439 G  -1.0000 -1.0000 -1.0000 -0.3800 -0.1989 -1.0000 -1.0000
 440 I  1.0000 -0.0733 -0.0100 0.7244 -0.2067 0.1722 0.7644
 441 A  -0.3889 -0.7556 -0.7522 -0.1900 -0.1889 1.0000 -0.5289
 442 V  0.7522 -0.3167 -0.2578 0.3678 -0.2122 -0.0344 1.0000
 443 N  -0.2367 -0.3656 -0.2700 -0.7489 -0.0833 -0.4478 -0.5878
 444 P  0.2744 -1.0000 -0.3267 0.0611 -0.0111 -1.0000 0.1178
 445 A  -0.3889 -0.7556 -0.7522 -0.1900 -0.1889 1.0000 -0.5289
 446 R  0.1167 0.4144 0.5178 -1.0000 1.0000 0.5867 -0.4122
 447 Q  -0.2556 -0.1222 -0.0222 -0.5156 -0.3067 0.5867 -0.4122
 448 D  -0.2367 -0.4633 -0.3122 -0.8522 -1.0000 -0.1722 -0.7056
 449 L  0.2367 -0.0733 -0.0100 0.6622 -0.2067 0.7933 -0.0589
 450 L  0.2367 -0.0733 -0.0100 0.6622 -0.2067 0.7933 -0.0589
 451 D  -0.2367 -0.4633 -0.3122 -0.8522 -1.0000 -0.1722 -0.7056
 452 N  -0.2367 -0.3656 -0.2700 -0.7489 -0.0833 -0.4478 -0.5878
 453 L  0.2367 -0.0733 -0.0100 0.6622 -0.2067 0.7933 -0.0589
 454 R  0.1167 0.4144 0.5178 -1.0000 1.0000 0.5867 -0.4122
 455 A  -0.3889 -0.7556 -0.7522 -0.1900 -0.1889 1.0000 -0.5289
 456 A  -0.3889 -0.7556 -0.7522 -0.1900 -0.1889 1.0000 -0.5289
 457 G  -1.0000 -1.0000 -1.0000 -0.3800 -0.1989 -1.0000 -1.0000
 458 V  0.7522 -0.3167 -0.2578 0.3678 -0.2122 -0.0344 1.0000
 459 A  -0.3889 -0.7556 -0.7522 -0.1900 -0.1889 1.0000 -0.5289
 460 L  0.2367 -0.0733 -0.0100 0.6622 -0.2067 0.7933 -0.0589
 ! !  -1.0000 -1.0000 -1.0000 -1.0000 -1.0000 -1.0000 -1.0000
 462 T  0.4467 -0.4633 -0.3567 -0.2211 -0.3200 -0.4478 0.2356
 463 I  1.0000 -0.0733 -0.0100 0.7244 -0.2067 0.1722 0.7644
 464 E  -0.2556 -0.2678 -0.0644 -0.7733 -0.9644 1.0000 -0.6467
 465 Q  -0.2556 -0.1222 -0.0222 -0.5156 -0.3067 0.5867 -0.4122
 466 L  0.2367 -0.0733 -0.0100 0.6622 -0.2067 0.7933 -0.0589
 467 Q  -0.2556 -0.1222 -0.0222 -0.5156 -0.3067 0.5867 -0.4122
 468 Q  -0.2556 -0.1222 -0.0222 -0.5156 -0.3067 0.5867 -0.4122
 469 R  0.1167 0.4144 0.5178 -1.0000 1.0000 0.5867 -0.4122
 470 A  -0.3889 -0.7556 -0.7522 -0.1900 -0.1889 1.0000 -0.5289
 471 E  -0.2556 -0.2678 -0.0644 -0.7733 -0.9644 1.0000 -0.6467
 472 Q  -0.2556 -0.1222 -0.0222 -0.5156 -0.3067 0.5867 -0.4122
 473 L  0.2367 -0.0733 -0.0100 0.6622 -0.2067 0.7933 -0.0589
 474 T  0.4467 -0.4633 -0.3567 -0.2211 -0.3200 -0.4478 0.2356
 475 G  -1.0000 -1.0000 -1.0000 -0.3800 -0.1989 -1.0000 -1.0000
 476 K  -0.0978 0.0733 0.1811 -0.9878 0.8078 0.3100 -0.2944
 477 P  0.2744 -1.0000 -0.3267 0.0611 -0.0111 -1.0000 0.1178
 478 Q  -0.2556 -0.1222 -0.0222 -0.5156 -0.3067 0.5867 -0.4122
 479 P  0.2744 -1.0000 -0.3267 0.0611 -0.0111 -1.0000 0.1178
 480 I  1.0000 -0.0733 -0.0100 0.7244 -0.2067 0.1722 0.7644
 481 E  -0.2556 -0.2678 -0.0644 -0.7733 -0.9644 1.0000 -0.6467
 482 F  0.4033 0.4144 0.4578 0.7178 -0.3022 0.1722 0.3533
 483 T  0.4467 -0.4633 -0.3567 -0.2211 -0.3200 -0.4478 0.2356
 484 D  -0.2367 -0.4633 -0.3122 -0.8522 -1.0000 -0.1722 -0.7056
 485 R  0.1167 0.4144 0.5178 -1.0000 1.0000 0.5867 -0.4122
 486 V  0.7522 -0.3167 -0.2578 0.3678 -0.2122 -0.0344 1.0000
 487 V  0.7522 -0.3167 -0.2578 0.3678 -0.2122 -0.0344 1.0000
 488 A  -0.3889 -0.7556 -0.7522 -0.1900 -0.1889 1.0000 -0.5289
 489 V  0.7522 -0.3167 -0.2578 0.3678 -0.2122 -0.0344 1.0000
 490 V  0.7522 -0.3167 -0.2578 0.3678 -0.2122 -0.0344 1.0000
 491 R  0.1167 0.4144 0.5178 -1.0000 1.0000 0.5867 -0.4122
 492 Y  0.4033 0.4633 0.6011 0.2089 -0.3044 -0.1722 0.5289
 493 R  0.1167 0.4144 0.5178 -1.0000 1.0000 0.5867 -0.4122
 494 D  -0.2367 -0.4633 -0.3122 -0.8522 -1.0000 -0.1722 -0.7056
 495 G  -1.0000 -1.0000 -1.0000 -0.3800 -0.1989 -1.0000 -1.0000
 496 S  -0.3744 -0.7078 -0.6044 -0.4044 -0.2944 -0.5178 -0.2356
 497 V  0.7522 -0.3167 -0.2578 0.3678 -0.2122 -0.0344 1.0000
 498 I  1.0000 -0.0733 -0.0100 0.7244 -0.2067 0.1722 0.7644
 499 D  -0.2367 -0.4633 -0.3122 -0.8522 -1.0000 -0.1722 -0.7056
 500 V  0.7522 -0.3167 -0.2578 0.3678 -0.2122 -0.0344 1.0000
 501 I  1.0000 -0.0733 -0.0100 0.7244 -0.2067 0.1722 0.7644
 502 R  0.1167 0.4144 0.5178 -1.0000 1.0000 0.5867 -0.4122
 503 Q  -0.2556 -0.1222 -0.0222 -0.5156 -0.3067 0.5867 -0.4122
 504 V  0.7522 -0.3167 -0.2578 0.3678 -0.2122 -0.0344 1.0000
 505 K  -0.0978 0.0733 0.1811 -0.9878 0.8078 0.3100 -0.2944
