 1 D  -0.2367 -0.4633 -0.3122 -0.8522 -1.0000 -0.1722 -0.7056
 2 D  -0.2367 -0.4633 -0.3122 -0.8522 -1.0000 -0.1722 -0.7056
 3 S  -0.3744 -0.7078 -0.6044 -0.4044 -0.2944 -0.5178 -0.2356
 4 T  0.4467 -0.4633 -0.3567 -0.2211 -0.3200 -0.4478 0.2356
 5 T  0.4467 -0.4633 -0.3567 -0.2211 -0.3200 -0.4478 0.2356
 6 K  -0.0978 0.0733 0.1811 -0.9878 0.8078 0.3100 -0.2944
 7 E  -0.2556 -0.2678 -0.0644 -0.7733 -0.9644 1.0000 -0.6467
 8 L  0.2367 -0.0733 -0.0100 0.6622 -0.2067 0.7933 -0.0589
 9 I  1.0000 -0.0733 -0.0100 0.7244 -0.2067 0.1722 0.7644
 10 K  -0.0978 0.0733 0.1811 -0.9878 0.8078 0.3100 -0.2944
 11 K  -0.0978 0.0733 0.1811 -0.9878 0.8078 0.3100 -0.2944
 12 L  0.2367 -0.0733 -0.0100 0.6622 -0.2067 0.7933 -0.0589
 13 A  -0.3889 -0.7556 -0.7522 -0.1900 -0.1889 1.0000 -0.5289
 14 E  -0.2556 -0.2678 -0.0644 -0.7733 -0.9644 1.0000 -0.6467
 15 I  1.0000 -0.0733 -0.0100 0.7244 -0.2067 0.1722 0.7644
 16 N  -0.2367 -0.3656 -0.2700 -0.7489 -0.0833 -0.4478 -0.5878
 17 K  -0.0978 0.0733 0.1811 -0.9878 0.8078 0.3100 -0.2944
 18 C  -0.1556 -0.3656 -0.3989 0.5644 -0.1267 -0.7244 0.5289
 19 E  -0.2556 -0.2678 -0.0644 -0.7733 -0.9644 1.0000 -0.6467
 20 N  -0.2367 -0.3656 -0.2700 -0.7489 -0.0833 -0.4478 -0.5878
 21 E  -0.2556 -0.2678 -0.0644 -0.7733 -0.9644 1.0000 -0.6467
 22 I  1.0000 -0.0733 -0.0100 0.7244 -0.2067 0.1722 0.7644
 23 S  -0.3744 -0.7078 -0.6044 -0.4044 -0.2944 -0.5178 -0.2356
 24 A  -0.3889 -0.7556 -0.7522 -0.1900 -0.1889 1.0000 -0.5289
 25 K  -0.0978 0.0733 0.1811 -0.9878 0.8078 0.3100 -0.2944
 26 Y  0.4033 0.4633 0.6011 0.2089 -0.3044 -0.1722 0.5289
 27 C  -0.1556 -0.3656 -0.3989 0.5644 -0.1267 -0.7244 0.5289
 28 D  -0.2367 -0.4633 -0.3122 -0.8522 -1.0000 -0.1722 -0.7056
 29 H  0.4267 0.1222 0.1533 -0.3011 0.2167 -0.0344 -0.1178
 30 M  0.1222 0.0733 0.0967 0.3744 -0.2911 0.7244 -0.0011
 31 I  1.0000 -0.0733 -0.0100 0.7244 -0.2067 0.1722 0.7644
 32 H  0.4267 0.1222 0.1533 -0.3011 0.2167 -0.0344 -0.1178
 33 E  -0.2556 -0.2678 -0.0644 -0.7733 -0.9644 1.0000 -0.6467
 34 E  -0.2556 -0.2678 -0.0644 -0.7733 -0.9644 1.0000 -0.6467
 35 I  1.0000 -0.0733 -0.0100 0.7244 -0.2067 0.1722 0.7644
 36 P  0.2744 -1.0000 -0.3267 0.0611 -0.0111 -1.0000 0.1178
 37 L  0.2367 -0.0733 -0.0100 0.6622 -0.2067 0.7933 -0.0589
 38 K  -0.0978 0.0733 0.1811 -0.9878 0.8078 0.3100 -0.2944
 39 T  0.4467 -0.4633 -0.3567 -0.2211 -0.3200 -0.4478 0.2356
 40 C  -0.1556 -0.3656 -0.3989 0.5644 -0.1267 -0.7244 0.5289
 41 T  0.4467 -0.4633 -0.3567 -0.2211 -0.3200 -0.4478 0.2356
 42 K  -0.0978 0.0733 0.1811 -0.9878 0.8078 0.3100 -0.2944
 43 E  -0.2556 -0.2678 -0.0644 -0.7733 -0.9644 1.0000 -0.6467
 44 K  -0.0978 0.0733 0.1811 -0.9878 0.8078 0.3100 -0.2944
 45 T  0.4467 -0.4633 -0.3567 -0.2211 -0.3200 -0.4478 0.2356
 46 R  0.1167 0.4144 0.5178 -1.0000 1.0000 0.5867 -0.4122
 47 N  -0.2367 -0.3656 -0.2700 -0.7489 -0.0833 -0.4478 -0.5878
 48 L  0.2367 -0.0733 -0.0100 0.6622 -0.2067 0.7933 -0.0589
 49 C  -0.1556 -0.3656 -0.3989 0.5644 -0.1267 -0.7244 0.5289
 50 C  -0.1556 -0.3656 -0.3989 0.5644 -0.1267 -0.7244 0.5289
 51 A  -0.3889 -0.7556 -0.7522 -0.1900 -0.1889 1.0000 -0.5289
 52 V  0.7522 -0.3167 -0.2578 0.3678 -0.2122 -0.0344 1.0000
 53 S  -0.3744 -0.7078 -0.6044 -0.4044 -0.2944 -0.5178 -0.2356
 54 D  -0.2367 -0.4633 -0.3122 -0.8522 -1.0000 -0.1722 -0.7056
 55 Y  0.4033 0.4633 0.6011 0.2089 -0.3044 -0.1722 0.5289
 56 C  -0.1556 -0.3656 -0.3989 0.5644 -0.1267 -0.7244 0.5289
 57 M  0.1222 0.0733 0.0967 0.3744 -0.2911 0.7244 -0.0011
 58 S  -0.3744 -0.7078 -0.6044 -0.4044 -0.2944 -0.5178 -0.2356
 59 Y  0.4033 0.4633 0.6011 0.2089 -0.3044 -0.1722 0.5289
 60 F  0.4033 0.4144 0.4578 0.7178 -0.3022 0.1722 0.3533
 61 T  0.4467 -0.4633 -0.3567 -0.2211 -0.3200 -0.4478 0.2356
 62 Y  0.4033 0.4633 0.6011 0.2089 -0.3044 -0.1722 0.5289
 63 D  -0.2367 -0.4633 -0.3122 -0.8522 -1.0000 -0.1722 -0.7056
 64 S  -0.3744 -0.7078 -0.6044 -0.4044 -0.2944 -0.5178 -0.2356
 65 E  -0.2556 -0.2678 -0.0644 -0.7733 -0.9644 1.0000 -0.6467
 66 E  -0.2556 -0.2678 -0.0644 -0.7733 -0.9644 1.0000 -0.6467
 67 Y  0.4033 0.4633 0.6011 0.2089 -0.3044 -0.1722 0.5289
 68 Y  0.4033 0.4633 0.6011 0.2089 -0.3044 -0.1722 0.5289
 69 D  -0.2367 -0.4633 -0.3122 -0.8522 -1.0000 -0.1722 -0.7056
 70 C  -0.1556 -0.3656 -0.3989 0.5644 -0.1267 -0.7244 0.5289
 71 T  0.4467 -0.4633 -0.3567 -0.2211 -0.3200 -0.4478 0.2356
 72 K  -0.0978 0.0733 0.1811 -0.9878 0.8078 0.3100 -0.2944
 73 R  0.1167 0.4144 0.5178 -1.0000 1.0000 0.5867 -0.4122
 74 E  -0.2556 -0.2678 -0.0644 -0.7733 -0.9644 1.0000 -0.6467
 75 F  0.4033 0.4144 0.4578 0.7178 -0.3022 0.1722 0.3533
 76 D  -0.2367 -0.4633 -0.3122 -0.8522 -1.0000 -0.1722 -0.7056
 77 D  -0.2367 -0.4633 -0.3122 -0.8522 -1.0000 -0.1722 -0.7056
 78 P  0.2744 -1.0000 -0.3267 0.0611 -0.0111 -1.0000 0.1178
 79 S  -0.3744 -0.7078 -0.6044 -0.4044 -0.2944 -0.5178 -0.2356
 80 Y  0.4033 0.4633 0.6011 0.2089 -0.3044 -0.1722 0.5289
 81 T  0.4467 -0.4633 -0.3567 -0.2211 -0.3200 -0.4478 0.2356
 82 C  -0.1556 -0.3656 -0.3989 0.5644 -0.1267 -0.7244 0.5289
 83 F  0.4033 0.4144 0.4578 0.7178 -0.3022 0.1722 0.3533
 84 R  0.1167 0.4144 0.5178 -1.0000 1.0000 0.5867 -0.4122
