 1 A  -0.3889 -0.7556 -0.7522 -0.1900 -0.1889 1.0000 -0.5289
 2 A  -0.3889 -0.7556 -0.7522 -0.1900 -0.1889 1.0000 -0.5289
 3 S  -0.3744 -0.7078 -0.6044 -0.4044 -0.2944 -0.5178 -0.2356
 4 S  -0.3744 -0.7078 -0.6044 -0.4044 -0.2944 -0.5178 -0.2356
 5 L  0.2367 -0.0733 -0.0100 0.6622 -0.2067 0.7933 -0.0589
 6 D  -0.2367 -0.4633 -0.3122 -0.8522 -1.0000 -0.1722 -0.7056
 7 E  -0.2556 -0.2678 -0.0644 -0.7733 -0.9644 1.0000 -0.6467
 8 L  0.2367 -0.0733 -0.0100 0.6622 -0.2067 0.7933 -0.0589
 9 V  0.7522 -0.3167 -0.2578 0.3678 -0.2122 -0.0344 1.0000
 10 A  -0.3889 -0.7556 -0.7522 -0.1900 -0.1889 1.0000 -0.5289
 11 L  0.2367 -0.0733 -0.0100 0.6622 -0.2067 0.7933 -0.0589
 12 C  -0.1556 -0.3656 -0.3989 0.5644 -0.1267 -0.7244 0.5289
 13 K  -0.0978 0.0733 0.1811 -0.9878 0.8078 0.3100 -0.2944
 14 R  0.1167 0.4144 0.5178 -1.0000 1.0000 0.5867 -0.4122
 15 R  0.1167 0.4144 0.5178 -1.0000 1.0000 0.5867 -0.4122
 16 G  -1.0000 -1.0000 -1.0000 -0.3800 -0.1989 -1.0000 -1.0000
 17 F  0.4033 0.4144 0.4578 0.7178 -0.3022 0.1722 0.3533
 18 I  1.0000 -0.0733 -0.0100 0.7244 -0.2067 0.1722 0.7644
 19 F  0.4033 0.4144 0.4578 0.7178 -0.3022 0.1722 0.3533
 20 Q  -0.2556 -0.1222 -0.0222 -0.5156 -0.3067 0.5867 -0.4122
 21 S  -0.3744 -0.7078 -0.6044 -0.4044 -0.2944 -0.5178 -0.2356
 22 S  -0.3744 -0.7078 -0.6044 -0.4044 -0.2944 -0.5178 -0.2356
 23 E  -0.2556 -0.2678 -0.0644 -0.7733 -0.9644 1.0000 -0.6467
 24 I  1.0000 -0.0733 -0.0100 0.7244 -0.2067 0.1722 0.7644
 25 Y  0.4033 0.4633 0.6011 0.2089 -0.3044 -0.1722 0.5289
 26 G  -1.0000 -1.0000 -1.0000 -0.3800 -0.1989 -1.0000 -1.0000
 27 G  -1.0000 -1.0000 -1.0000 -0.3800 -0.1989 -1.0000 -1.0000
 28 L  0.2367 -0.0733 -0.0100 0.6622 -0.2067 0.7933 -0.0589
 29 Q  -0.2556 -0.1222 -0.0222 -0.5156 -0.3067 0.5867 -0.4122
 30 G  -1.0000 -1.0000 -1.0000 -0.3800 -0.1989 -1.0000 -1.0000
 31 V  0.7522 -0.3167 -0.2578 0.3678 -0.2122 -0.0344 1.0000
 32 Y  0.4033 0.4633 0.6011 0.2089 -0.3044 -0.1722 0.5289
 33 D  -0.2367 -0.4633 -0.3122 -0.8522 -1.0000 -0.1722 -0.7056
 34 Y  0.4033 0.4633 0.6011 0.2089 -0.3044 -0.1722 0.5289
 35 G  -1.0000 -1.0000 -1.0000 -0.3800 -0.1989 -1.0000 -1.0000
 36 P  0.2744 -1.0000 -0.3267 0.0611 -0.0111 -1.0000 0.1178
 37 L  0.2367 -0.0733 -0.0100 0.6622 -0.2067 0.7933 -0.0589
 38 G  -1.0000 -1.0000 -1.0000 -0.3800 -0.1989 -1.0000 -1.0000
 39 V  0.7522 -0.3167 -0.2578 0.3678 -0.2122 -0.0344 1.0000
 40 E  -0.2556 -0.2678 -0.0644 -0.7733 -0.9644 1.0000 -0.6467
 41 L  0.2367 -0.0733 -0.0100 0.6622 -0.2067 0.7933 -0.0589
 42 K  -0.0978 0.0733 0.1811 -0.9878 0.8078 0.3100 -0.2944
 43 N  -0.2367 -0.3656 -0.2700 -0.7489 -0.0833 -0.4478 -0.5878
 44 N  -0.2367 -0.3656 -0.2700 -0.7489 -0.0833 -0.4478 -0.5878
 45 L  0.2367 -0.0733 -0.0100 0.6622 -0.2067 0.7933 -0.0589
 46 K  -0.0978 0.0733 0.1811 -0.9878 0.8078 0.3100 -0.2944
 47 Q  -0.2556 -0.1222 -0.0222 -0.5156 -0.3067 0.5867 -0.4122
 48 A  -0.3889 -0.7556 -0.7522 -0.1900 -0.1889 1.0000 -0.5289
 49 W  0.5322 1.0000 1.0000 1.0000 -0.2322 0.3100 0.5878
 50 W  0.5322 1.0000 1.0000 1.0000 -0.2322 0.3100 0.5878
 51 R  0.1167 0.4144 0.5178 -1.0000 1.0000 0.5867 -0.4122
 52 R  0.1167 0.4144 0.5178 -1.0000 1.0000 0.5867 -0.4122
 53 N  -0.2367 -0.3656 -0.2700 -0.7489 -0.0833 -0.4478 -0.5878
 54 V  0.7522 -0.3167 -0.2578 0.3678 -0.2122 -0.0344 1.0000
 55 Y  0.4033 0.4633 0.6011 0.2089 -0.3044 -0.1722 0.5289
 56 E  -0.2556 -0.2678 -0.0644 -0.7733 -0.9644 1.0000 -0.6467
 57 R  0.1167 0.4144 0.5178 -1.0000 1.0000 0.5867 -0.4122
 58 D  -0.2367 -0.4633 -0.3122 -0.8522 -1.0000 -0.1722 -0.7056
 59 D  -0.2367 -0.4633 -0.3122 -0.8522 -1.0000 -0.1722 -0.7056
 60 M  0.1222 0.0733 0.0967 0.3744 -0.2911 0.7244 -0.0011
 61 E  -0.2556 -0.2678 -0.0644 -0.7733 -0.9644 1.0000 -0.6467
 62 G  -1.0000 -1.0000 -1.0000 -0.3800 -0.1989 -1.0000 -1.0000
 63 L  0.2367 -0.0733 -0.0100 0.6622 -0.2067 0.7933 -0.0589
 64 D  -0.2367 -0.4633 -0.3122 -0.8522 -1.0000 -0.1722 -0.7056
 65 A  -0.3889 -0.7556 -0.7522 -0.1900 -0.1889 1.0000 -0.5289
 66 S  -0.3744 -0.7078 -0.6044 -0.4044 -0.2944 -0.5178 -0.2356
 67 V  0.7522 -0.3167 -0.2578 0.3678 -0.2122 -0.0344 1.0000
 68 L  0.2367 -0.0733 -0.0100 0.6622 -0.2067 0.7933 -0.0589
 69 T  0.4467 -0.4633 -0.3567 -0.2211 -0.3200 -0.4478 0.2356
 70 H  0.4267 0.1222 0.1533 -0.3011 0.2167 -0.0344 -0.1178
 71 R  0.1167 0.4144 0.5178 -1.0000 1.0000 0.5867 -0.4122
 72 L  0.2367 -0.0733 -0.0100 0.6622 -0.2067 0.7933 -0.0589
 73 V  0.7522 -0.3167 -0.2578 0.3678 -0.2122 -0.0344 1.0000
 74 L  0.2367 -0.0733 -0.0100 0.6622 -0.2067 0.7933 -0.0589
 75 H  0.4267 0.1222 0.1533 -0.3011 0.2167 -0.0344 -0.1178
 76 Y  0.4033 0.4633 0.6011 0.2089 -0.3044 -0.1722 0.5289
 77 S  -0.3744 -0.7078 -0.6044 -0.4044 -0.2944 -0.5178 -0.2356
 78 G  -1.0000 -1.0000 -1.0000 -0.3800 -0.1989 -1.0000 -1.0000
 79 H  0.4267 0.1222 0.1533 -0.3011 0.2167 -0.0344 -0.1178
 80 E  -0.2556 -0.2678 -0.0644 -0.7733 -0.9644 1.0000 -0.6467
 81 A  -0.3889 -0.7556 -0.7522 -0.1900 -0.1889 1.0000 -0.5289
 82 T  0.4467 -0.4633 -0.3567 -0.2211 -0.3200 -0.4478 0.2356
 83 F  0.4033 0.4144 0.4578 0.7178 -0.3022 0.1722 0.3533
 84 A  -0.3889 -0.7556 -0.7522 -0.1900 -0.1889 1.0000 -0.5289
 85 D  -0.2367 -0.4633 -0.3122 -0.8522 -1.0000 -0.1722 -0.7056
 86 P  0.2744 -1.0000 -0.3267 0.0611 -0.0111 -1.0000 0.1178
 87 M  0.1222 0.0733 0.0967 0.3744 -0.2911 0.7244 -0.0011
 88 V  0.7522 -0.3167 -0.2578 0.3678 -0.2122 -0.0344 1.0000
 89 D  -0.2367 -0.4633 -0.3122 -0.8522 -1.0000 -0.1722 -0.7056
 90 N  -0.2367 -0.3656 -0.2700 -0.7489 -0.0833 -0.4478 -0.5878
 ! !  -1.0000 -1.0000 -1.0000 -1.0000 -1.0000 -1.0000 -1.0000
 159 W  0.5322 1.0000 1.0000 1.0000 -0.2322 0.3100 0.5878
 160 T  0.4467 -0.4633 -0.3567 -0.2211 -0.3200 -0.4478 0.2356
 161 P  0.2744 -1.0000 -0.3267 0.0611 -0.0111 -1.0000 0.1178
 162 P  0.2744 -1.0000 -0.3267 0.0611 -0.0111 -1.0000 0.1178
 163 R  0.1167 0.4144 0.5178 -1.0000 1.0000 0.5867 -0.4122
 164 Y  0.4033 0.4633 0.6011 0.2089 -0.3044 -0.1722 0.5289
 165 F  0.4033 0.4144 0.4578 0.7178 -0.3022 0.1722 0.3533
 166 N  -0.2367 -0.3656 -0.2700 -0.7489 -0.0833 -0.4478 -0.5878
 167 M  0.1222 0.0733 0.0967 0.3744 -0.2911 0.7244 -0.0011
 168 M  0.1222 0.0733 0.0967 0.3744 -0.2911 0.7244 -0.0011
 169 F  0.4033 0.4144 0.4578 0.7178 -0.3022 0.1722 0.3533
 170 Q  -0.2556 -0.1222 -0.0222 -0.5156 -0.3067 0.5867 -0.4122
 171 D  -0.2367 -0.4633 -0.3122 -0.8522 -1.0000 -0.1722 -0.7056
 172 L  0.2367 -0.0733 -0.0100 0.6622 -0.2067 0.7933 -0.0589
 173 R  0.1167 0.4144 0.5178 -1.0000 1.0000 0.5867 -0.4122
 174 G  -1.0000 -1.0000 -1.0000 -0.3800 -0.1989 -1.0000 -1.0000
 175 P  0.2744 -1.0000 -0.3267 0.0611 -0.0111 -1.0000 0.1178
 176 R  0.1167 0.4144 0.5178 -1.0000 1.0000 0.5867 -0.4122
 177 G  -1.0000 -1.0000 -1.0000 -0.3800 -0.1989 -1.0000 -1.0000
 178 G  -1.0000 -1.0000 -1.0000 -0.3800 -0.1989 -1.0000 -1.0000
 179 R  0.1167 0.4144 0.5178 -1.0000 1.0000 0.5867 -0.4122
 180 G  -1.0000 -1.0000 -1.0000 -0.3800 -0.1989 -1.0000 -1.0000
 181 L  0.2367 -0.0733 -0.0100 0.6622 -0.2067 0.7933 -0.0589
 182 L  0.2367 -0.0733 -0.0100 0.6622 -0.2067 0.7933 -0.0589
 183 A  -0.3889 -0.7556 -0.7522 -0.1900 -0.1889 1.0000 -0.5289
 184 Y  0.4033 0.4633 0.6011 0.2089 -0.3044 -0.1722 0.5289
 185 L  0.2367 -0.0733 -0.0100 0.6622 -0.2067 0.7933 -0.0589
 186 R  0.1167 0.4144 0.5178 -1.0000 1.0000 0.5867 -0.4122
 187 P  0.2744 -1.0000 -0.3267 0.0611 -0.0111 -1.0000 0.1178
 188 E  -0.2556 -0.2678 -0.0644 -0.7733 -0.9644 1.0000 -0.6467
 189 T  0.4467 -0.4633 -0.3567 -0.2211 -0.3200 -0.4478 0.2356
 190 A  -0.3889 -0.7556 -0.7522 -0.1900 -0.1889 1.0000 -0.5289
 191 Q  -0.2556 -0.1222 -0.0222 -0.5156 -0.3067 0.5867 -0.4122
 192 G  -1.0000 -1.0000 -1.0000 -0.3800 -0.1989 -1.0000 -1.0000
 193 I  1.0000 -0.0733 -0.0100 0.7244 -0.2067 0.1722 0.7644
 194 F  0.4033 0.4144 0.4578 0.7178 -0.3022 0.1722 0.3533
 195 V  0.7522 -0.3167 -0.2578 0.3678 -0.2122 -0.0344 1.0000
 196 N  -0.2367 -0.3656 -0.2700 -0.7489 -0.0833 -0.4478 -0.5878
 197 F  0.4033 0.4144 0.4578 0.7178 -0.3022 0.1722 0.3533
 198 K  -0.0978 0.0733 0.1811 -0.9878 0.8078 0.3100 -0.2944
 199 N  -0.2367 -0.3656 -0.2700 -0.7489 -0.0833 -0.4478 -0.5878
 200 V  0.7522 -0.3167 -0.2578 0.3678 -0.2122 -0.0344 1.0000
 201 L  0.2367 -0.0733 -0.0100 0.6622 -0.2067 0.7933 -0.0589
 202 D  -0.2367 -0.4633 -0.3122 -0.8522 -1.0000 -0.1722 -0.7056
 203 A  -0.3889 -0.7556 -0.7522 -0.1900 -0.1889 1.0000 -0.5289
 204 T  0.4467 -0.4633 -0.3567 -0.2211 -0.3200 -0.4478 0.2356
 205 S  -0.3744 -0.7078 -0.6044 -0.4044 -0.2944 -0.5178 -0.2356
 206 R  0.1167 0.4144 0.5178 -1.0000 1.0000 0.5867 -0.4122
 207 K  -0.0978 0.0733 0.1811 -0.9878 0.8078 0.3100 -0.2944
 208 L  0.2367 -0.0733 -0.0100 0.6622 -0.2067 0.7933 -0.0589
 209 G  -1.0000 -1.0000 -1.0000 -0.3800 -0.1989 -1.0000 -1.0000
 210 F  0.4033 0.4144 0.4578 0.7178 -0.3022 0.1722 0.3533
 211 G  -1.0000 -1.0000 -1.0000 -0.3800 -0.1989 -1.0000 -1.0000
 212 I  1.0000 -0.0733 -0.0100 0.7244 -0.2067 0.1722 0.7644
 213 A  -0.3889 -0.7556 -0.7522 -0.1900 -0.1889 1.0000 -0.5289
 214 Q  -0.2556 -0.1222 -0.0222 -0.5156 -0.3067 0.5867 -0.4122
 215 I  1.0000 -0.0733 -0.0100 0.7244 -0.2067 0.1722 0.7644
 216 G  -1.0000 -1.0000 -1.0000 -0.3800 -0.1989 -1.0000 -1.0000
 217 K  -0.0978 0.0733 0.1811 -0.9878 0.8078 0.3100 -0.2944
 218 A  -0.3889 -0.7556 -0.7522 -0.1900 -0.1889 1.0000 -0.5289
 219 F  0.4033 0.4144 0.4578 0.7178 -0.3022 0.1722 0.3533
 220 R  0.1167 0.4144 0.5178 -1.0000 1.0000 0.5867 -0.4122
 221 N  -0.2367 -0.3656 -0.2700 -0.7489 -0.0833 -0.4478 -0.5878
 222 E  -0.2556 -0.2678 -0.0644 -0.7733 -0.9644 1.0000 -0.6467
 223 I  1.0000 -0.0733 -0.0100 0.7244 -0.2067 0.1722 0.7644
 224 T  0.4467 -0.4633 -0.3567 -0.2211 -0.3200 -0.4478 0.2356
 225 P  0.2744 -1.0000 -0.3267 0.0611 -0.0111 -1.0000 0.1178
 226 R  0.1167 0.4144 0.5178 -1.0000 1.0000 0.5867 -0.4122
 227 N  -0.2367 -0.3656 -0.2700 -0.7489 -0.0833 -0.4478 -0.5878
 228 F  0.4033 0.4144 0.4578 0.7178 -0.3022 0.1722 0.3533
 229 I  1.0000 -0.0733 -0.0100 0.7244 -0.2067 0.1722 0.7644
 230 F  0.4033 0.4144 0.4578 0.7178 -0.3022 0.1722 0.3533
 231 R  0.1167 0.4144 0.5178 -1.0000 1.0000 0.5867 -0.4122
 232 V  0.7522 -0.3167 -0.2578 0.3678 -0.2122 -0.0344 1.0000
 233 R  0.1167 0.4144 0.5178 -1.0000 1.0000 0.5867 -0.4122
 234 E  -0.2556 -0.2678 -0.0644 -0.7733 -0.9644 1.0000 -0.6467
 235 F  0.4033 0.4144 0.4578 0.7178 -0.3022 0.1722 0.3533
 236 E  -0.2556 -0.2678 -0.0644 -0.7733 -0.9644 1.0000 -0.6467
 237 Q  -0.2556 -0.1222 -0.0222 -0.5156 -0.3067 0.5867 -0.4122
 238 M  0.1222 0.0733 0.0967 0.3744 -0.2911 0.7244 -0.0011
 239 E  -0.2556 -0.2678 -0.0644 -0.7733 -0.9644 1.0000 -0.6467
 240 I  1.0000 -0.0733 -0.0100 0.7244 -0.2067 0.1722 0.7644
 241 E  -0.2556 -0.2678 -0.0644 -0.7733 -0.9644 1.0000 -0.6467
 242 Y  0.4033 0.4633 0.6011 0.2089 -0.3044 -0.1722 0.5289
 243 F  0.4033 0.4144 0.4578 0.7178 -0.3022 0.1722 0.3533
 244 V  0.7522 -0.3167 -0.2578 0.3678 -0.2122 -0.0344 1.0000
 245 R  0.1167 0.4144 0.5178 -1.0000 1.0000 0.5867 -0.4122
 246 P  0.2744 -1.0000 -0.3267 0.0611 -0.0111 -1.0000 0.1178
 247 G  -1.0000 -1.0000 -1.0000 -0.3800 -0.1989 -1.0000 -1.0000
 248 E  -0.2556 -0.2678 -0.0644 -0.7733 -0.9644 1.0000 -0.6467
 249 D  -0.2367 -0.4633 -0.3122 -0.8522 -1.0000 -0.1722 -0.7056
 250 E  -0.2556 -0.2678 -0.0644 -0.7733 -0.9644 1.0000 -0.6467
 251 Y  0.4033 0.4633 0.6011 0.2089 -0.3044 -0.1722 0.5289
 252 W  0.5322 1.0000 1.0000 1.0000 -0.2322 0.3100 0.5878
 253 H  0.4267 0.1222 0.1533 -0.3011 0.2167 -0.0344 -0.1178
 254 R  0.1167 0.4144 0.5178 -1.0000 1.0000 0.5867 -0.4122
 255 Y  0.4033 0.4633 0.6011 0.2089 -0.3044 -0.1722 0.5289
 256 W  0.5322 1.0000 1.0000 1.0000 -0.2322 0.3100 0.5878
 257 V  0.7522 -0.3167 -0.2578 0.3678 -0.2122 -0.0344 1.0000
 258 E  -0.2556 -0.2678 -0.0644 -0.7733 -0.9644 1.0000 -0.6467
 259 E  -0.2556 -0.2678 -0.0644 -0.7733 -0.9644 1.0000 -0.6467
 260 R  0.1167 0.4144 0.5178 -1.0000 1.0000 0.5867 -0.4122
 261 L  0.2367 -0.0733 -0.0100 0.6622 -0.2067 0.7933 -0.0589
 262 K  -0.0978 0.0733 0.1811 -0.9878 0.8078 0.3100 -0.2944
 263 W  0.5322 1.0000 1.0000 1.0000 -0.2322 0.3100 0.5878
 264 W  0.5322 1.0000 1.0000 1.0000 -0.2322 0.3100 0.5878
 265 Q  -0.2556 -0.1222 -0.0222 -0.5156 -0.3067 0.5867 -0.4122
 266 E  -0.2556 -0.2678 -0.0644 -0.7733 -0.9644 1.0000 -0.6467
 267 M  0.1222 0.0733 0.0967 0.3744 -0.2911 0.7244 -0.0011
 268 G  -1.0000 -1.0000 -1.0000 -0.3800 -0.1989 -1.0000 -1.0000
 269 L  0.2367 -0.0733 -0.0100 0.6622 -0.2067 0.7933 -0.0589
 270 S  -0.3744 -0.7078 -0.6044 -0.4044 -0.2944 -0.5178 -0.2356
 271 R  0.1167 0.4144 0.5178 -1.0000 1.0000 0.5867 -0.4122
 272 E  -0.2556 -0.2678 -0.0644 -0.7733 -0.9644 1.0000 -0.6467
 273 N  -0.2367 -0.3656 -0.2700 -0.7489 -0.0833 -0.4478 -0.5878
 274 L  0.2367 -0.0733 -0.0100 0.6622 -0.2067 0.7933 -0.0589
 275 V  0.7522 -0.3167 -0.2578 0.3678 -0.2122 -0.0344 1.0000
 276 P  0.2744 -1.0000 -0.3267 0.0611 -0.0111 -1.0000 0.1178
 277 Y  0.4033 0.4633 0.6011 0.2089 -0.3044 -0.1722 0.5289
 278 Q  -0.2556 -0.1222 -0.0222 -0.5156 -0.3067 0.5867 -0.4122
 279 Q  -0.2556 -0.1222 -0.0222 -0.5156 -0.3067 0.5867 -0.4122
 280 P  0.2744 -1.0000 -0.3267 0.0611 -0.0111 -1.0000 0.1178
 281 P  0.2744 -1.0000 -0.3267 0.0611 -0.0111 -1.0000 0.1178
 282 E  -0.2556 -0.2678 -0.0644 -0.7733 -0.9644 1.0000 -0.6467
 283 S  -0.3744 -0.7078 -0.6044 -0.4044 -0.2944 -0.5178 -0.2356
 284 S  -0.3744 -0.7078 -0.6044 -0.4044 -0.2944 -0.5178 -0.2356
 285 A  -0.3889 -0.7556 -0.7522 -0.1900 -0.1889 1.0000 -0.5289
 286 H  0.4267 0.1222 0.1533 -0.3011 0.2167 -0.0344 -0.1178
 287 Y  0.4033 0.4633 0.6011 0.2089 -0.3044 -0.1722 0.5289
 288 A  -0.3889 -0.7556 -0.7522 -0.1900 -0.1889 1.0000 -0.5289
 289 K  -0.0978 0.0733 0.1811 -0.9878 0.8078 0.3100 -0.2944
 290 A  -0.3889 -0.7556 -0.7522 -0.1900 -0.1889 1.0000 -0.5289
 291 T  0.4467 -0.4633 -0.3567 -0.2211 -0.3200 -0.4478 0.2356
 292 V  0.7522 -0.3167 -0.2578 0.3678 -0.2122 -0.0344 1.0000
 293 D  -0.2367 -0.4633 -0.3122 -0.8522 -1.0000 -0.1722 -0.7056
 294 I  1.0000 -0.0733 -0.0100 0.7244 -0.2067 0.1722 0.7644
 295 L  0.2367 -0.0733 -0.0100 0.6622 -0.2067 0.7933 -0.0589
 296 Y  0.4033 0.4633 0.6011 0.2089 -0.3044 -0.1722 0.5289
 297 R  0.1167 0.4144 0.5178 -1.0000 1.0000 0.5867 -0.4122
 298 F  0.4033 0.4144 0.4578 0.7178 -0.3022 0.1722 0.3533
 299 P  0.2744 -1.0000 -0.3267 0.0611 -0.0111 -1.0000 0.1178
 300 H  0.4267 0.1222 0.1533 -0.3011 0.2167 -0.0344 -0.1178
 301 G  -1.0000 -1.0000 -1.0000 -0.3800 -0.1989 -1.0000 -1.0000
 302 S  -0.3744 -0.7078 -0.6044 -0.4044 -0.2944 -0.5178 -0.2356
 303 L  0.2367 -0.0733 -0.0100 0.6622 -0.2067 0.7933 -0.0589
 304 E  -0.2556 -0.2678 -0.0644 -0.7733 -0.9644 1.0000 -0.6467
 305 L  0.2367 -0.0733 -0.0100 0.6622 -0.2067 0.7933 -0.0589
 306 E  -0.2556 -0.2678 -0.0644 -0.7733 -0.9644 1.0000 -0.6467
 307 G  -1.0000 -1.0000 -1.0000 -0.3800 -0.1989 -1.0000 -1.0000
 308 I  1.0000 -0.0733 -0.0100 0.7244 -0.2067 0.1722 0.7644
 309 A  -0.3889 -0.7556 -0.7522 -0.1900 -0.1889 1.0000 -0.5289
 310 Q  -0.2556 -0.1222 -0.0222 -0.5156 -0.3067 0.5867 -0.4122
 311 R  0.1167 0.4144 0.5178 -1.0000 1.0000 0.5867 -0.4122
 312 T  0.4467 -0.4633 -0.3567 -0.2211 -0.3200 -0.4478 0.2356
 313 D  -0.2367 -0.4633 -0.3122 -0.8522 -1.0000 -0.1722 -0.7056
 314 F  0.4033 0.4144 0.4578 0.7178 -0.3022 0.1722 0.3533
 315 D  -0.2367 -0.4633 -0.3122 -0.8522 -1.0000 -0.1722 -0.7056
 316 L  0.2367 -0.0733 -0.0100 0.6622 -0.2067 0.7933 -0.0589
 317 G  -1.0000 -1.0000 -1.0000 -0.3800 -0.1989 -1.0000 -1.0000
 318 S  -0.3744 -0.7078 -0.6044 -0.4044 -0.2944 -0.5178 -0.2356
 319 H  0.4267 0.1222 0.1533 -0.3011 0.2167 -0.0344 -0.1178
 320 T  0.4467 -0.4633 -0.3567 -0.2211 -0.3200 -0.4478 0.2356
 321 K  -0.0978 0.0733 0.1811 -0.9878 0.8078 0.3100 -0.2944
 322 D  -0.2367 -0.4633 -0.3122 -0.8522 -1.0000 -0.1722 -0.7056
 323 Q  -0.2556 -0.1222 -0.0222 -0.5156 -0.3067 0.5867 -0.4122
 324 E  -0.2556 -0.2678 -0.0644 -0.7733 -0.9644 1.0000 -0.6467
 325 A  -0.3889 -0.7556 -0.7522 -0.1900 -0.1889 1.0000 -0.5289
 326 L  0.2367 -0.0733 -0.0100 0.6622 -0.2067 0.7933 -0.0589
 327 G  -1.0000 -1.0000 -1.0000 -0.3800 -0.1989 -1.0000 -1.0000
 328 I  1.0000 -0.0733 -0.0100 0.7244 -0.2067 0.1722 0.7644
 329 T  0.4467 -0.4633 -0.3567 -0.2211 -0.3200 -0.4478 0.2356
 330 A  -0.3889 -0.7556 -0.7522 -0.1900 -0.1889 1.0000 -0.5289
 331 R  0.1167 0.4144 0.5178 -1.0000 1.0000 0.5867 -0.4122
 332 V  0.7522 -0.3167 -0.2578 0.3678 -0.2122 -0.0344 1.0000
 333 L  0.2367 -0.0733 -0.0100 0.6622 -0.2067 0.7933 -0.0589
 334 R  0.1167 0.4144 0.5178 -1.0000 1.0000 0.5867 -0.4122
 335 N  -0.2367 -0.3656 -0.2700 -0.7489 -0.0833 -0.4478 -0.5878
 336 E  -0.2556 -0.2678 -0.0644 -0.7733 -0.9644 1.0000 -0.6467
 337 H  0.4267 0.1222 0.1533 -0.3011 0.2167 -0.0344 -0.1178
 338 S  -0.3744 -0.7078 -0.6044 -0.4044 -0.2944 -0.5178 -0.2356
 339 T  0.4467 -0.4633 -0.3567 -0.2211 -0.3200 -0.4478 0.2356
 340 Q  -0.2556 -0.1222 -0.0222 -0.5156 -0.3067 0.5867 -0.4122
 341 R  0.1167 0.4144 0.5178 -1.0000 1.0000 0.5867 -0.4122
 342 L  0.2367 -0.0733 -0.0100 0.6622 -0.2067 0.7933 -0.0589
 343 A  -0.3889 -0.7556 -0.7522 -0.1900 -0.1889 1.0000 -0.5289
 344 Y  0.4033 0.4633 0.6011 0.2089 -0.3044 -0.1722 0.5289
 345 R  0.1167 0.4144 0.5178 -1.0000 1.0000 0.5867 -0.4122
 346 D  -0.2367 -0.4633 -0.3122 -0.8522 -1.0000 -0.1722 -0.7056
 347 P  0.2744 -1.0000 -0.3267 0.0611 -0.0111 -1.0000 0.1178
 348 E  -0.2556 -0.2678 -0.0644 -0.7733 -0.9644 1.0000 -0.6467
 349 T  0.4467 -0.4633 -0.3567 -0.2211 -0.3200 -0.4478 0.2356
 350 G  -1.0000 -1.0000 -1.0000 -0.3800 -0.1989 -1.0000 -1.0000
 351 K  -0.0978 0.0733 0.1811 -0.9878 0.8078 0.3100 -0.2944
 352 W  0.5322 1.0000 1.0000 1.0000 -0.2322 0.3100 0.5878
 353 F  0.4033 0.4144 0.4578 0.7178 -0.3022 0.1722 0.3533
 354 V  0.7522 -0.3167 -0.2578 0.3678 -0.2122 -0.0344 1.0000
 355 P  0.2744 -1.0000 -0.3267 0.0611 -0.0111 -1.0000 0.1178
 356 Y  0.4033 0.4633 0.6011 0.2089 -0.3044 -0.1722 0.5289
 357 V  0.7522 -0.3167 -0.2578 0.3678 -0.2122 -0.0344 1.0000
 358 I  1.0000 -0.0733 -0.0100 0.7244 -0.2067 0.1722 0.7644
 359 E  -0.2556 -0.2678 -0.0644 -0.7733 -0.9644 1.0000 -0.6467
 360 P  0.2744 -1.0000 -0.3267 0.0611 -0.0111 -1.0000 0.1178
 361 S  -0.3744 -0.7078 -0.6044 -0.4044 -0.2944 -0.5178 -0.2356
 362 A  -0.3889 -0.7556 -0.7522 -0.1900 -0.1889 1.0000 -0.5289
 363 G  -1.0000 -1.0000 -1.0000 -0.3800 -0.1989 -1.0000 -1.0000
 364 V  0.7522 -0.3167 -0.2578 0.3678 -0.2122 -0.0344 1.0000
 365 D  -0.2367 -0.4633 -0.3122 -0.8522 -1.0000 -0.1722 -0.7056
 366 R  0.1167 0.4144 0.5178 -1.0000 1.0000 0.5867 -0.4122
 367 G  -1.0000 -1.0000 -1.0000 -0.3800 -0.1989 -1.0000 -1.0000
 368 V  0.7522 -0.3167 -0.2578 0.3678 -0.2122 -0.0344 1.0000
 369 L  0.2367 -0.0733 -0.0100 0.6622 -0.2067 0.7933 -0.0589
 370 A  -0.3889 -0.7556 -0.7522 -0.1900 -0.1889 1.0000 -0.5289
 371 L  0.2367 -0.0733 -0.0100 0.6622 -0.2067 0.7933 -0.0589
 372 L  0.2367 -0.0733 -0.0100 0.6622 -0.2067 0.7933 -0.0589
 373 A  -0.3889 -0.7556 -0.7522 -0.1900 -0.1889 1.0000 -0.5289
 374 E  -0.2556 -0.2678 -0.0644 -0.7733 -0.9644 1.0000 -0.6467
 375 A  -0.3889 -0.7556 -0.7522 -0.1900 -0.1889 1.0000 -0.5289
 376 F  0.4033 0.4144 0.4578 0.7178 -0.3022 0.1722 0.3533
 377 T  0.4467 -0.4633 -0.3567 -0.2211 -0.3200 -0.4478 0.2356
 378 R  0.1167 0.4144 0.5178 -1.0000 1.0000 0.5867 -0.4122
 379 E  -0.2556 -0.2678 -0.0644 -0.7733 -0.9644 1.0000 -0.6467
 380 E  -0.2556 -0.2678 -0.0644 -0.7733 -0.9644 1.0000 -0.6467
 381 L  0.2367 -0.0733 -0.0100 0.6622 -0.2067 0.7933 -0.0589
 382 P  0.2744 -1.0000 -0.3267 0.0611 -0.0111 -1.0000 0.1178
 383 N  -0.2367 -0.3656 -0.2700 -0.7489 -0.0833 -0.4478 -0.5878
 384 G  -1.0000 -1.0000 -1.0000 -0.3800 -0.1989 -1.0000 -1.0000
 385 E  -0.2556 -0.2678 -0.0644 -0.7733 -0.9644 1.0000 -0.6467
 386 E  -0.2556 -0.2678 -0.0644 -0.7733 -0.9644 1.0000 -0.6467
 387 R  0.1167 0.4144 0.5178 -1.0000 1.0000 0.5867 -0.4122
 388 I  1.0000 -0.0733 -0.0100 0.7244 -0.2067 0.1722 0.7644
 389 V  0.7522 -0.3167 -0.2578 0.3678 -0.2122 -0.0344 1.0000
 390 L  0.2367 -0.0733 -0.0100 0.6622 -0.2067 0.7933 -0.0589
 391 K  -0.0978 0.0733 0.1811 -0.9878 0.8078 0.3100 -0.2944
 392 L  0.2367 -0.0733 -0.0100 0.6622 -0.2067 0.7933 -0.0589
 393 K  -0.0978 0.0733 0.1811 -0.9878 0.8078 0.3100 -0.2944
 394 P  0.2744 -1.0000 -0.3267 0.0611 -0.0111 -1.0000 0.1178
 395 Q  -0.2556 -0.1222 -0.0222 -0.5156 -0.3067 0.5867 -0.4122
 396 L  0.2367 -0.0733 -0.0100 0.6622 -0.2067 0.7933 -0.0589
 397 A  -0.3889 -0.7556 -0.7522 -0.1900 -0.1889 1.0000 -0.5289
 398 P  0.2744 -1.0000 -0.3267 0.0611 -0.0111 -1.0000 0.1178
 399 I  1.0000 -0.0733 -0.0100 0.7244 -0.2067 0.1722 0.7644
 400 K  -0.0978 0.0733 0.1811 -0.9878 0.8078 0.3100 -0.2944
 401 V  0.7522 -0.3167 -0.2578 0.3678 -0.2122 -0.0344 1.0000
 402 A  -0.3889 -0.7556 -0.7522 -0.1900 -0.1889 1.0000 -0.5289
 403 V  0.7522 -0.3167 -0.2578 0.3678 -0.2122 -0.0344 1.0000
 404 I  1.0000 -0.0733 -0.0100 0.7244 -0.2067 0.1722 0.7644
 405 P  0.2744 -1.0000 -0.3267 0.0611 -0.0111 -1.0000 0.1178
 406 L  0.2367 -0.0733 -0.0100 0.6622 -0.2067 0.7933 -0.0589
 407 V  0.7522 -0.3167 -0.2578 0.3678 -0.2122 -0.0344 1.0000
 408 K  -0.0978 0.0733 0.1811 -0.9878 0.8078 0.3100 -0.2944
 409 N  -0.2367 -0.3656 -0.2700 -0.7489 -0.0833 -0.4478 -0.5878
 410 R  0.1167 0.4144 0.5178 -1.0000 1.0000 0.5867 -0.4122
 411 P  0.2744 -1.0000 -0.3267 0.0611 -0.0111 -1.0000 0.1178
 412 E  -0.2556 -0.2678 -0.0644 -0.7733 -0.9644 1.0000 -0.6467
 413 I  1.0000 -0.0733 -0.0100 0.7244 -0.2067 0.1722 0.7644
 414 T  0.4467 -0.4633 -0.3567 -0.2211 -0.3200 -0.4478 0.2356
 415 E  -0.2556 -0.2678 -0.0644 -0.7733 -0.9644 1.0000 -0.6467
 416 Y  0.4033 0.4633 0.6011 0.2089 -0.3044 -0.1722 0.5289
 417 A  -0.3889 -0.7556 -0.7522 -0.1900 -0.1889 1.0000 -0.5289
 418 K  -0.0978 0.0733 0.1811 -0.9878 0.8078 0.3100 -0.2944
 419 R  0.1167 0.4144 0.5178 -1.0000 1.0000 0.5867 -0.4122
 420 L  0.2367 -0.0733 -0.0100 0.6622 -0.2067 0.7933 -0.0589
 421 K  -0.0978 0.0733 0.1811 -0.9878 0.8078 0.3100 -0.2944
 422 A  -0.3889 -0.7556 -0.7522 -0.1900 -0.1889 1.0000 -0.5289
 423 R  0.1167 0.4144 0.5178 -1.0000 1.0000 0.5867 -0.4122
 424 L  0.2367 -0.0733 -0.0100 0.6622 -0.2067 0.7933 -0.0589
 425 L  0.2367 -0.0733 -0.0100 0.6622 -0.2067 0.7933 -0.0589
 426 A  -0.3889 -0.7556 -0.7522 -0.1900 -0.1889 1.0000 -0.5289
 427 L  0.2367 -0.0733 -0.0100 0.6622 -0.2067 0.7933 -0.0589
 428 G  -1.0000 -1.0000 -1.0000 -0.3800 -0.1989 -1.0000 -1.0000
 429 L  0.2367 -0.0733 -0.0100 0.6622 -0.2067 0.7933 -0.0589
 430 G  -1.0000 -1.0000 -1.0000 -0.3800 -0.1989 -1.0000 -1.0000
 431 R  0.1167 0.4144 0.5178 -1.0000 1.0000 0.5867 -0.4122
 432 V  0.7522 -0.3167 -0.2578 0.3678 -0.2122 -0.0344 1.0000
 433 L  0.2367 -0.0733 -0.0100 0.6622 -0.2067 0.7933 -0.0589
 434 Y  0.4033 0.4633 0.6011 0.2089 -0.3044 -0.1722 0.5289
 435 E  -0.2556 -0.2678 -0.0644 -0.7733 -0.9644 1.0000 -0.6467
 436 D  -0.2367 -0.4633 -0.3122 -0.8522 -1.0000 -0.1722 -0.7056
 437 T  0.4467 -0.4633 -0.3567 -0.2211 -0.3200 -0.4478 0.2356
 438 G  -1.0000 -1.0000 -1.0000 -0.3800 -0.1989 -1.0000 -1.0000
 439 N  -0.2367 -0.3656 -0.2700 -0.7489 -0.0833 -0.4478 -0.5878
 440 I  1.0000 -0.0733 -0.0100 0.7244 -0.2067 0.1722 0.7644
 441 G  -1.0000 -1.0000 -1.0000 -0.3800 -0.1989 -1.0000 -1.0000
 442 K  -0.0978 0.0733 0.1811 -0.9878 0.8078 0.3100 -0.2944
 443 A  -0.3889 -0.7556 -0.7522 -0.1900 -0.1889 1.0000 -0.5289
 444 Y  0.4033 0.4633 0.6011 0.2089 -0.3044 -0.1722 0.5289
 445 R  0.1167 0.4144 0.5178 -1.0000 1.0000 0.5867 -0.4122
 446 R  0.1167 0.4144 0.5178 -1.0000 1.0000 0.5867 -0.4122
 447 H  0.4267 0.1222 0.1533 -0.3011 0.2167 -0.0344 -0.1178
 448 D  -0.2367 -0.4633 -0.3122 -0.8522 -1.0000 -0.1722 -0.7056
 449 E  -0.2556 -0.2678 -0.0644 -0.7733 -0.9644 1.0000 -0.6467
 450 V  0.7522 -0.3167 -0.2578 0.3678 -0.2122 -0.0344 1.0000
 451 G  -1.0000 -1.0000 -1.0000 -0.3800 -0.1989 -1.0000 -1.0000
 452 T  0.4467 -0.4633 -0.3567 -0.2211 -0.3200 -0.4478 0.2356
 453 P  0.2744 -1.0000 -0.3267 0.0611 -0.0111 -1.0000 0.1178
 454 F  0.4033 0.4144 0.4578 0.7178 -0.3022 0.1722 0.3533
 455 A  -0.3889 -0.7556 -0.7522 -0.1900 -0.1889 1.0000 -0.5289
 456 V  0.7522 -0.3167 -0.2578 0.3678 -0.2122 -0.0344 1.0000
 457 T  0.4467 -0.4633 -0.3567 -0.2211 -0.3200 -0.4478 0.2356
 458 V  0.7522 -0.3167 -0.2578 0.3678 -0.2122 -0.0344 1.0000
 459 D  -0.2367 -0.4633 -0.3122 -0.8522 -1.0000 -0.1722 -0.7056
 460 Y  0.4033 0.4633 0.6011 0.2089 -0.3044 -0.1722 0.5289
 461 D  -0.2367 -0.4633 -0.3122 -0.8522 -1.0000 -0.1722 -0.7056
 462 T  0.4467 -0.4633 -0.3567 -0.2211 -0.3200 -0.4478 0.2356
 463 I  1.0000 -0.0733 -0.0100 0.7244 -0.2067 0.1722 0.7644
 464 G  -1.0000 -1.0000 -1.0000 -0.3800 -0.1989 -1.0000 -1.0000
 465 Q  -0.2556 -0.1222 -0.0222 -0.5156 -0.3067 0.5867 -0.4122
 466 S  -0.3744 -0.7078 -0.6044 -0.4044 -0.2944 -0.5178 -0.2356
 467 K  -0.0978 0.0733 0.1811 -0.9878 0.8078 0.3100 -0.2944
 468 D  -0.2367 -0.4633 -0.3122 -0.8522 -1.0000 -0.1722 -0.7056
 469 G  -1.0000 -1.0000 -1.0000 -0.3800 -0.1989 -1.0000 -1.0000
 470 T  0.4467 -0.4633 -0.3567 -0.2211 -0.3200 -0.4478 0.2356
 471 T  0.4467 -0.4633 -0.3567 -0.2211 -0.3200 -0.4478 0.2356
 472 R  0.1167 0.4144 0.5178 -1.0000 1.0000 0.5867 -0.4122
 473 L  0.2367 -0.0733 -0.0100 0.6622 -0.2067 0.7933 -0.0589
 474 K  -0.0978 0.0733 0.1811 -0.9878 0.8078 0.3100 -0.2944
 475 D  -0.2367 -0.4633 -0.3122 -0.8522 -1.0000 -0.1722 -0.7056
 476 T  0.4467 -0.4633 -0.3567 -0.2211 -0.3200 -0.4478 0.2356
 477 V  0.7522 -0.3167 -0.2578 0.3678 -0.2122 -0.0344 1.0000
 478 T  0.4467 -0.4633 -0.3567 -0.2211 -0.3200 -0.4478 0.2356
 479 V  0.7522 -0.3167 -0.2578 0.3678 -0.2122 -0.0344 1.0000
 480 R  0.1167 0.4144 0.5178 -1.0000 1.0000 0.5867 -0.4122
 481 D  -0.2367 -0.4633 -0.3122 -0.8522 -1.0000 -0.1722 -0.7056
 482 R  0.1167 0.4144 0.5178 -1.0000 1.0000 0.5867 -0.4122
 483 D  -0.2367 -0.4633 -0.3122 -0.8522 -1.0000 -0.1722 -0.7056
 484 T  0.4467 -0.4633 -0.3567 -0.2211 -0.3200 -0.4478 0.2356
 485 M  0.1222 0.0733 0.0967 0.3744 -0.2911 0.7244 -0.0011
 486 E  -0.2556 -0.2678 -0.0644 -0.7733 -0.9644 1.0000 -0.6467
 487 Q  -0.2556 -0.1222 -0.0222 -0.5156 -0.3067 0.5867 -0.4122
 488 I  1.0000 -0.0733 -0.0100 0.7244 -0.2067 0.1722 0.7644
 489 R  0.1167 0.4144 0.5178 -1.0000 1.0000 0.5867 -0.4122
 490 L  0.2367 -0.0733 -0.0100 0.6622 -0.2067 0.7933 -0.0589
 491 H  0.4267 0.1222 0.1533 -0.3011 0.2167 -0.0344 -0.1178
 492 V  0.7522 -0.3167 -0.2578 0.3678 -0.2122 -0.0344 1.0000
 493 D  -0.2367 -0.4633 -0.3122 -0.8522 -1.0000 -0.1722 -0.7056
 494 E  -0.2556 -0.2678 -0.0644 -0.7733 -0.9644 1.0000 -0.6467
 495 L  0.2367 -0.0733 -0.0100 0.6622 -0.2067 0.7933 -0.0589
 496 E  -0.2556 -0.2678 -0.0644 -0.7733 -0.9644 1.0000 -0.6467
 497 G  -1.0000 -1.0000 -1.0000 -0.3800 -0.1989 -1.0000 -1.0000
 498 F  0.4033 0.4144 0.4578 0.7178 -0.3022 0.1722 0.3533
 499 L  0.2367 -0.0733 -0.0100 0.6622 -0.2067 0.7933 -0.0589
 500 R  0.1167 0.4144 0.5178 -1.0000 1.0000 0.5867 -0.4122
 501 E  -0.2556 -0.2678 -0.0644 -0.7733 -0.9644 1.0000 -0.6467
 502 R  0.1167 0.4144 0.5178 -1.0000 1.0000 0.5867 -0.4122
 503 L  0.2367 -0.0733 -0.0100 0.6622 -0.2067 0.7933 -0.0589
 504 R  0.1167 0.4144 0.5178 -1.0000 1.0000 0.5867 -0.4122
 505 W  0.5322 1.0000 1.0000 1.0000 -0.2322 0.3100 0.5878
