 45 S  -0.3744 -0.7078 -0.6044 -0.4044 -0.2944 -0.5178 -0.2356
 46 G  -1.0000 -1.0000 -1.0000 -0.3800 -0.1989 -1.0000 -1.0000
 47 F  0.4033 0.4144 0.4578 0.7178 -0.3022 0.1722 0.3533
 48 R  0.1167 0.4144 0.5178 -1.0000 1.0000 0.5867 -0.4122
 49 D  -0.2367 -0.4633 -0.3122 -0.8522 -1.0000 -0.1722 -0.7056
 50 F  0.4033 0.4144 0.4578 0.7178 -0.3022 0.1722 0.3533
 51 L  0.2367 -0.0733 -0.0100 0.6622 -0.2067 0.7933 -0.0589
 52 L  0.2367 -0.0733 -0.0100 0.6622 -0.2067 0.7933 -0.0589
 53 K  -0.0978 0.0733 0.1811 -0.9878 0.8078 0.3100 -0.2944
 54 P  0.2744 -1.0000 -0.3267 0.0611 -0.0111 -1.0000 0.1178
 55 E  -0.2556 -0.2678 -0.0644 -0.7733 -0.9644 1.0000 -0.6467
 56 L  0.2367 -0.0733 -0.0100 0.6622 -0.2067 0.7933 -0.0589
 57 L  0.2367 -0.0733 -0.0100 0.6622 -0.2067 0.7933 -0.0589
 58 R  0.1167 0.4144 0.5178 -1.0000 1.0000 0.5867 -0.4122
 59 A  -0.3889 -0.7556 -0.7522 -0.1900 -0.1889 1.0000 -0.5289
 60 I  1.0000 -0.0733 -0.0100 0.7244 -0.2067 0.1722 0.7644
 61 V  0.7522 -0.3167 -0.2578 0.3678 -0.2122 -0.0344 1.0000
 62 D  -0.2367 -0.4633 -0.3122 -0.8522 -1.0000 -0.1722 -0.7056
 63 C  -0.1556 -0.3656 -0.3989 0.5644 -0.1267 -0.7244 0.5289
 64 G  -1.0000 -1.0000 -1.0000 -0.3800 -0.1989 -1.0000 -1.0000
 65 F  0.4033 0.4144 0.4578 0.7178 -0.3022 0.1722 0.3533
 66 E  -0.2556 -0.2678 -0.0644 -0.7733 -0.9644 1.0000 -0.6467
 67 H  0.4267 0.1222 0.1533 -0.3011 0.2167 -0.0344 -0.1178
 68 P  0.2744 -1.0000 -0.3267 0.0611 -0.0111 -1.0000 0.1178
 69 S  -0.3744 -0.7078 -0.6044 -0.4044 -0.2944 -0.5178 -0.2356
 70 E  -0.2556 -0.2678 -0.0644 -0.7733 -0.9644 1.0000 -0.6467
 71 V  0.7522 -0.3167 -0.2578 0.3678 -0.2122 -0.0344 1.0000
 72 Q  -0.2556 -0.1222 -0.0222 -0.5156 -0.3067 0.5867 -0.4122
 73 H  0.4267 0.1222 0.1533 -0.3011 0.2167 -0.0344 -0.1178
 74 E  -0.2556 -0.2678 -0.0644 -0.7733 -0.9644 1.0000 -0.6467
 75 C  -0.1556 -0.3656 -0.3989 0.5644 -0.1267 -0.7244 0.5289
 76 I  1.0000 -0.0733 -0.0100 0.7244 -0.2067 0.1722 0.7644
 77 P  0.2744 -1.0000 -0.3267 0.0611 -0.0111 -1.0000 0.1178
 78 Q  -0.2556 -0.1222 -0.0222 -0.5156 -0.3067 0.5867 -0.4122
 79 A  -0.3889 -0.7556 -0.7522 -0.1900 -0.1889 1.0000 -0.5289
 80 I  1.0000 -0.0733 -0.0100 0.7244 -0.2067 0.1722 0.7644
 81 L  0.2367 -0.0733 -0.0100 0.6622 -0.2067 0.7933 -0.0589
 82 G  -1.0000 -1.0000 -1.0000 -0.3800 -0.1989 -1.0000 -1.0000
 83 M  0.1222 0.0733 0.0967 0.3744 -0.2911 0.7244 -0.0011
 84 D  -0.2367 -0.4633 -0.3122 -0.8522 -1.0000 -0.1722 -0.7056
 85 V  0.7522 -0.3167 -0.2578 0.3678 -0.2122 -0.0344 1.0000
 86 L  0.2367 -0.0733 -0.0100 0.6622 -0.2067 0.7933 -0.0589
 87 C  -0.1556 -0.3656 -0.3989 0.5644 -0.1267 -0.7244 0.5289
 88 Q  -0.2556 -0.1222 -0.0222 -0.5156 -0.3067 0.5867 -0.4122
 89 A  -0.3889 -0.7556 -0.7522 -0.1900 -0.1889 1.0000 -0.5289
 90 K  -0.0978 0.0733 0.1811 -0.9878 0.8078 0.3100 -0.2944
 91 S  -0.3744 -0.7078 -0.6044 -0.4044 -0.2944 -0.5178 -0.2356
 92 G  -1.0000 -1.0000 -1.0000 -0.3800 -0.1989 -1.0000 -1.0000
 93 M  0.1222 0.0733 0.0967 0.3744 -0.2911 0.7244 -0.0011
 94 G  -1.0000 -1.0000 -1.0000 -0.3800 -0.1989 -1.0000 -1.0000
 95 K  -0.0978 0.0733 0.1811 -0.9878 0.8078 0.3100 -0.2944
 96 T  0.4467 -0.4633 -0.3567 -0.2211 -0.3200 -0.4478 0.2356
 97 A  -0.3889 -0.7556 -0.7522 -0.1900 -0.1889 1.0000 -0.5289
 98 V  0.7522 -0.3167 -0.2578 0.3678 -0.2122 -0.0344 1.0000
 99 F  0.4033 0.4144 0.4578 0.7178 -0.3022 0.1722 0.3533
 100 V  0.7522 -0.3167 -0.2578 0.3678 -0.2122 -0.0344 1.0000
 101 L  0.2367 -0.0733 -0.0100 0.6622 -0.2067 0.7933 -0.0589
 102 A  -0.3889 -0.7556 -0.7522 -0.1900 -0.1889 1.0000 -0.5289
 103 T  0.4467 -0.4633 -0.3567 -0.2211 -0.3200 -0.4478 0.2356
 104 L  0.2367 -0.0733 -0.0100 0.6622 -0.2067 0.7933 -0.0589
 105 Q  -0.2556 -0.1222 -0.0222 -0.5156 -0.3067 0.5867 -0.4122
 106 Q  -0.2556 -0.1222 -0.0222 -0.5156 -0.3067 0.5867 -0.4122
 107 L  0.2367 -0.0733 -0.0100 0.6622 -0.2067 0.7933 -0.0589
 108 E  -0.2556 -0.2678 -0.0644 -0.7733 -0.9644 1.0000 -0.6467
 109 P  0.2744 -1.0000 -0.3267 0.0611 -0.0111 -1.0000 0.1178
 110 V  0.7522 -0.3167 -0.2578 0.3678 -0.2122 -0.0344 1.0000
 111 T  0.4467 -0.4633 -0.3567 -0.2211 -0.3200 -0.4478 0.2356
 112 G  -1.0000 -1.0000 -1.0000 -0.3800 -0.1989 -1.0000 -1.0000
 113 Q  -0.2556 -0.1222 -0.0222 -0.5156 -0.3067 0.5867 -0.4122
 114 V  0.7522 -0.3167 -0.2578 0.3678 -0.2122 -0.0344 1.0000
 115 S  -0.3744 -0.7078 -0.6044 -0.4044 -0.2944 -0.5178 -0.2356
 116 V  0.7522 -0.3167 -0.2578 0.3678 -0.2122 -0.0344 1.0000
 117 L  0.2367 -0.0733 -0.0100 0.6622 -0.2067 0.7933 -0.0589
 118 V  0.7522 -0.3167 -0.2578 0.3678 -0.2122 -0.0344 1.0000
 119 M  0.1222 0.0733 0.0967 0.3744 -0.2911 0.7244 -0.0011
 120 C  -0.1556 -0.3656 -0.3989 0.5644 -0.1267 -0.7244 0.5289
 121 H  0.4267 0.1222 0.1533 -0.3011 0.2167 -0.0344 -0.1178
 122 T  0.4467 -0.4633 -0.3567 -0.2211 -0.3200 -0.4478 0.2356
 123 R  0.1167 0.4144 0.5178 -1.0000 1.0000 0.5867 -0.4122
 124 E  -0.2556 -0.2678 -0.0644 -0.7733 -0.9644 1.0000 -0.6467
 125 L  0.2367 -0.0733 -0.0100 0.6622 -0.2067 0.7933 -0.0589
 126 A  -0.3889 -0.7556 -0.7522 -0.1900 -0.1889 1.0000 -0.5289
 127 F  0.4033 0.4144 0.4578 0.7178 -0.3022 0.1722 0.3533
 128 Q  -0.2556 -0.1222 -0.0222 -0.5156 -0.3067 0.5867 -0.4122
 129 I  1.0000 -0.0733 -0.0100 0.7244 -0.2067 0.1722 0.7644
 130 S  -0.3744 -0.7078 -0.6044 -0.4044 -0.2944 -0.5178 -0.2356
 131 K  -0.0978 0.0733 0.1811 -0.9878 0.8078 0.3100 -0.2944
 132 E  -0.2556 -0.2678 -0.0644 -0.7733 -0.9644 1.0000 -0.6467
 133 Y  0.4033 0.4633 0.6011 0.2089 -0.3044 -0.1722 0.5289
 134 E  -0.2556 -0.2678 -0.0644 -0.7733 -0.9644 1.0000 -0.6467
 135 R  0.1167 0.4144 0.5178 -1.0000 1.0000 0.5867 -0.4122
 136 F  0.4033 0.4144 0.4578 0.7178 -0.3022 0.1722 0.3533
 137 S  -0.3744 -0.7078 -0.6044 -0.4044 -0.2944 -0.5178 -0.2356
 138 K  -0.0978 0.0733 0.1811 -0.9878 0.8078 0.3100 -0.2944
 139 Y  0.4033 0.4633 0.6011 0.2089 -0.3044 -0.1722 0.5289
 140 M  0.1222 0.0733 0.0967 0.3744 -0.2911 0.7244 -0.0011
 141 P  0.2744 -1.0000 -0.3267 0.0611 -0.0111 -1.0000 0.1178
 142 N  -0.2367 -0.3656 -0.2700 -0.7489 -0.0833 -0.4478 -0.5878
 143 V  0.7522 -0.3167 -0.2578 0.3678 -0.2122 -0.0344 1.0000
 144 K  -0.0978 0.0733 0.1811 -0.9878 0.8078 0.3100 -0.2944
 145 V  0.7522 -0.3167 -0.2578 0.3678 -0.2122 -0.0344 1.0000
 146 A  -0.3889 -0.7556 -0.7522 -0.1900 -0.1889 1.0000 -0.5289
 147 V  0.7522 -0.3167 -0.2578 0.3678 -0.2122 -0.0344 1.0000
 148 F  0.4033 0.4144 0.4578 0.7178 -0.3022 0.1722 0.3533
 149 F  0.4033 0.4144 0.4578 0.7178 -0.3022 0.1722 0.3533
 150 G  -1.0000 -1.0000 -1.0000 -0.3800 -0.1989 -1.0000 -1.0000
 151 G  -1.0000 -1.0000 -1.0000 -0.3800 -0.1989 -1.0000 -1.0000
 152 L  0.2367 -0.0733 -0.0100 0.6622 -0.2067 0.7933 -0.0589
 153 S  -0.3744 -0.7078 -0.6044 -0.4044 -0.2944 -0.5178 -0.2356
 154 I  1.0000 -0.0733 -0.0100 0.7244 -0.2067 0.1722 0.7644
 155 K  -0.0978 0.0733 0.1811 -0.9878 0.8078 0.3100 -0.2944
 156 K  -0.0978 0.0733 0.1811 -0.9878 0.8078 0.3100 -0.2944
 157 D  -0.2367 -0.4633 -0.3122 -0.8522 -1.0000 -0.1722 -0.7056
 158 E  -0.2556 -0.2678 -0.0644 -0.7733 -0.9644 1.0000 -0.6467
 159 E  -0.2556 -0.2678 -0.0644 -0.7733 -0.9644 1.0000 -0.6467
 160 V  0.7522 -0.3167 -0.2578 0.3678 -0.2122 -0.0344 1.0000
 161 L  0.2367 -0.0733 -0.0100 0.6622 -0.2067 0.7933 -0.0589
 162 K  -0.0978 0.0733 0.1811 -0.9878 0.8078 0.3100 -0.2944
 163 K  -0.0978 0.0733 0.1811 -0.9878 0.8078 0.3100 -0.2944
 164 N  -0.2367 -0.3656 -0.2700 -0.7489 -0.0833 -0.4478 -0.5878
 165 C  -0.1556 -0.3656 -0.3989 0.5644 -0.1267 -0.7244 0.5289
 166 P  0.2744 -1.0000 -0.3267 0.0611 -0.0111 -1.0000 0.1178
 167 H  0.4267 0.1222 0.1533 -0.3011 0.2167 -0.0344 -0.1178
 168 I  1.0000 -0.0733 -0.0100 0.7244 -0.2067 0.1722 0.7644
 169 V  0.7522 -0.3167 -0.2578 0.3678 -0.2122 -0.0344 1.0000
 170 V  0.7522 -0.3167 -0.2578 0.3678 -0.2122 -0.0344 1.0000
 171 G  -1.0000 -1.0000 -1.0000 -0.3800 -0.1989 -1.0000 -1.0000
 172 T  0.4467 -0.4633 -0.3567 -0.2211 -0.3200 -0.4478 0.2356
 173 P  0.2744 -1.0000 -0.3267 0.0611 -0.0111 -1.0000 0.1178
 174 G  -1.0000 -1.0000 -1.0000 -0.3800 -0.1989 -1.0000 -1.0000
 175 R  0.1167 0.4144 0.5178 -1.0000 1.0000 0.5867 -0.4122
 176 I  1.0000 -0.0733 -0.0100 0.7244 -0.2067 0.1722 0.7644
 177 L  0.2367 -0.0733 -0.0100 0.6622 -0.2067 0.7933 -0.0589
 178 A  -0.3889 -0.7556 -0.7522 -0.1900 -0.1889 1.0000 -0.5289
 179 L  0.2367 -0.0733 -0.0100 0.6622 -0.2067 0.7933 -0.0589
 180 A  -0.3889 -0.7556 -0.7522 -0.1900 -0.1889 1.0000 -0.5289
 181 R  0.1167 0.4144 0.5178 -1.0000 1.0000 0.5867 -0.4122
 182 N  -0.2367 -0.3656 -0.2700 -0.7489 -0.0833 -0.4478 -0.5878
 183 K  -0.0978 0.0733 0.1811 -0.9878 0.8078 0.3100 -0.2944
 184 S  -0.3744 -0.7078 -0.6044 -0.4044 -0.2944 -0.5178 -0.2356
 185 L  0.2367 -0.0733 -0.0100 0.6622 -0.2067 0.7933 -0.0589
 186 N  -0.2367 -0.3656 -0.2700 -0.7489 -0.0833 -0.4478 -0.5878
 187 L  0.2367 -0.0733 -0.0100 0.6622 -0.2067 0.7933 -0.0589
 188 K  -0.0978 0.0733 0.1811 -0.9878 0.8078 0.3100 -0.2944
 189 H  0.4267 0.1222 0.1533 -0.3011 0.2167 -0.0344 -0.1178
 190 I  1.0000 -0.0733 -0.0100 0.7244 -0.2067 0.1722 0.7644
 191 K  -0.0978 0.0733 0.1811 -0.9878 0.8078 0.3100 -0.2944
 192 H  0.4267 0.1222 0.1533 -0.3011 0.2167 -0.0344 -0.1178
 193 F  0.4033 0.4144 0.4578 0.7178 -0.3022 0.1722 0.3533
 194 I  1.0000 -0.0733 -0.0100 0.7244 -0.2067 0.1722 0.7644
 195 L  0.2367 -0.0733 -0.0100 0.6622 -0.2067 0.7933 -0.0589
 196 D  -0.2367 -0.4633 -0.3122 -0.8522 -1.0000 -0.1722 -0.7056
 197 E  -0.2556 -0.2678 -0.0644 -0.7733 -0.9644 1.0000 -0.6467
 198 C  -0.1556 -0.3656 -0.3989 0.5644 -0.1267 -0.7244 0.5289
 199 D  -0.2367 -0.4633 -0.3122 -0.8522 -1.0000 -0.1722 -0.7056
 200 K  -0.0978 0.0733 0.1811 -0.9878 0.8078 0.3100 -0.2944
 201 M  0.1222 0.0733 0.0967 0.3744 -0.2911 0.7244 -0.0011
 202 L  0.2367 -0.0733 -0.0100 0.6622 -0.2067 0.7933 -0.0589
 203 E  -0.2556 -0.2678 -0.0644 -0.7733 -0.9644 1.0000 -0.6467
 204 Q  -0.2556 -0.1222 -0.0222 -0.5156 -0.3067 0.5867 -0.4122
 205 L  0.2367 -0.0733 -0.0100 0.6622 -0.2067 0.7933 -0.0589
 206 D  -0.2367 -0.4633 -0.3122 -0.8522 -1.0000 -0.1722 -0.7056
 207 M  0.1222 0.0733 0.0967 0.3744 -0.2911 0.7244 -0.0011
 208 R  0.1167 0.4144 0.5178 -1.0000 1.0000 0.5867 -0.4122
 209 R  0.1167 0.4144 0.5178 -1.0000 1.0000 0.5867 -0.4122
 210 D  -0.2367 -0.4633 -0.3122 -0.8522 -1.0000 -0.1722 -0.7056
 211 V  0.7522 -0.3167 -0.2578 0.3678 -0.2122 -0.0344 1.0000
 212 Q  -0.2556 -0.1222 -0.0222 -0.5156 -0.3067 0.5867 -0.4122
 213 E  -0.2556 -0.2678 -0.0644 -0.7733 -0.9644 1.0000 -0.6467
 214 I  1.0000 -0.0733 -0.0100 0.7244 -0.2067 0.1722 0.7644
 215 F  0.4033 0.4144 0.4578 0.7178 -0.3022 0.1722 0.3533
 216 R  0.1167 0.4144 0.5178 -1.0000 1.0000 0.5867 -0.4122
 217 M  0.1222 0.0733 0.0967 0.3744 -0.2911 0.7244 -0.0011
 218 T  0.4467 -0.4633 -0.3567 -0.2211 -0.3200 -0.4478 0.2356
 219 P  0.2744 -1.0000 -0.3267 0.0611 -0.0111 -1.0000 0.1178
 220 H  0.4267 0.1222 0.1533 -0.3011 0.2167 -0.0344 -0.1178
 221 E  -0.2556 -0.2678 -0.0644 -0.7733 -0.9644 1.0000 -0.6467
 222 K  -0.0978 0.0733 0.1811 -0.9878 0.8078 0.3100 -0.2944
 223 Q  -0.2556 -0.1222 -0.0222 -0.5156 -0.3067 0.5867 -0.4122
 224 V  0.7522 -0.3167 -0.2578 0.3678 -0.2122 -0.0344 1.0000
 225 M  0.1222 0.0733 0.0967 0.3744 -0.2911 0.7244 -0.0011
 226 M  0.1222 0.0733 0.0967 0.3744 -0.2911 0.7244 -0.0011
 227 F  0.4033 0.4144 0.4578 0.7178 -0.3022 0.1722 0.3533
 228 S  -0.3744 -0.7078 -0.6044 -0.4044 -0.2944 -0.5178 -0.2356
 229 A  -0.3889 -0.7556 -0.7522 -0.1900 -0.1889 1.0000 -0.5289
 230 T  0.4467 -0.4633 -0.3567 -0.2211 -0.3200 -0.4478 0.2356
 231 L  0.2367 -0.0733 -0.0100 0.6622 -0.2067 0.7933 -0.0589
 232 S  -0.3744 -0.7078 -0.6044 -0.4044 -0.2944 -0.5178 -0.2356
 233 K  -0.0978 0.0733 0.1811 -0.9878 0.8078 0.3100 -0.2944
 234 E  -0.2556 -0.2678 -0.0644 -0.7733 -0.9644 1.0000 -0.6467
 235 I  1.0000 -0.0733 -0.0100 0.7244 -0.2067 0.1722 0.7644
 236 R  0.1167 0.4144 0.5178 -1.0000 1.0000 0.5867 -0.4122
 237 P  0.2744 -1.0000 -0.3267 0.0611 -0.0111 -1.0000 0.1178
 238 V  0.7522 -0.3167 -0.2578 0.3678 -0.2122 -0.0344 1.0000
 239 C  -0.1556 -0.3656 -0.3989 0.5644 -0.1267 -0.7244 0.5289
 240 R  0.1167 0.4144 0.5178 -1.0000 1.0000 0.5867 -0.4122
 241 K  -0.0978 0.0733 0.1811 -0.9878 0.8078 0.3100 -0.2944
 242 F  0.4033 0.4144 0.4578 0.7178 -0.3022 0.1722 0.3533
 243 M  0.1222 0.0733 0.0967 0.3744 -0.2911 0.7244 -0.0011
 244 Q  -0.2556 -0.1222 -0.0222 -0.5156 -0.3067 0.5867 -0.4122
 245 D  -0.2367 -0.4633 -0.3122 -0.8522 -1.0000 -0.1722 -0.7056
 246 P  0.2744 -1.0000 -0.3267 0.0611 -0.0111 -1.0000 0.1178
 247 M  0.1222 0.0733 0.0967 0.3744 -0.2911 0.7244 -0.0011
 248 E  -0.2556 -0.2678 -0.0644 -0.7733 -0.9644 1.0000 -0.6467
 249 I  1.0000 -0.0733 -0.0100 0.7244 -0.2067 0.1722 0.7644
 250 F  0.4033 0.4144 0.4578 0.7178 -0.3022 0.1722 0.3533
 251 V  0.7522 -0.3167 -0.2578 0.3678 -0.2122 -0.0344 1.0000
