 10 F  0.4033 0.4144 0.4578 0.7178 -0.3022 0.1722 0.3533
 11 H  0.4267 0.1222 0.1533 -0.3011 0.2167 -0.0344 -0.1178
 12 E  -0.2556 -0.2678 -0.0644 -0.7733 -0.9644 1.0000 -0.6467
 13 M  0.1222 0.0733 0.0967 0.3744 -0.2911 0.7244 -0.0011
 14 R  0.1167 0.4144 0.5178 -1.0000 1.0000 0.5867 -0.4122
 15 E  -0.2556 -0.2678 -0.0644 -0.7733 -0.9644 1.0000 -0.6467
 16 P  0.2744 -1.0000 -0.3267 0.0611 -0.0111 -1.0000 0.1178
 17 R  0.1167 0.4144 0.5178 -1.0000 1.0000 0.5867 -0.4122
 18 I  1.0000 -0.0733 -0.0100 0.7244 -0.2067 0.1722 0.7644
 19 E  -0.2556 -0.2678 -0.0644 -0.7733 -0.9644 1.0000 -0.6467
 20 K  -0.0978 0.0733 0.1811 -0.9878 0.8078 0.3100 -0.2944
 21 V  0.7522 -0.3167 -0.2578 0.3678 -0.2122 -0.0344 1.0000
 22 V  0.7522 -0.3167 -0.2578 0.3678 -0.2122 -0.0344 1.0000
 23 V  0.7522 -0.3167 -0.2578 0.3678 -0.2122 -0.0344 1.0000
 24 H  0.4267 0.1222 0.1533 -0.3011 0.2167 -0.0344 -0.1178
 25 M  0.1222 0.0733 0.0967 0.3744 -0.2911 0.7244 -0.0011
 26 G  -1.0000 -1.0000 -1.0000 -0.3800 -0.1989 -1.0000 -1.0000
 27 I  1.0000 -0.0733 -0.0100 0.7244 -0.2067 0.1722 0.7644
 28 G  -1.0000 -1.0000 -1.0000 -0.3800 -0.1989 -1.0000 -1.0000
 29 H  0.4267 0.1222 0.1533 -0.3011 0.2167 -0.0344 -0.1178
 ! !  -1.0000 -1.0000 -1.0000 -1.0000 -1.0000 -1.0000 -1.0000
 35 A  -0.3889 -0.7556 -0.7522 -0.1900 -0.1889 1.0000 -0.5289
 36 N  -0.2367 -0.3656 -0.2700 -0.7489 -0.0833 -0.4478 -0.5878
 37 A  -0.3889 -0.7556 -0.7522 -0.1900 -0.1889 1.0000 -0.5289
 38 E  -0.2556 -0.2678 -0.0644 -0.7733 -0.9644 1.0000 -0.6467
 39 D  -0.2367 -0.4633 -0.3122 -0.8522 -1.0000 -0.1722 -0.7056
 40 I  1.0000 -0.0733 -0.0100 0.7244 -0.2067 0.1722 0.7644
 41 L  0.2367 -0.0733 -0.0100 0.6622 -0.2067 0.7933 -0.0589
 42 G  -1.0000 -1.0000 -1.0000 -0.3800 -0.1989 -1.0000 -1.0000
 43 E  -0.2556 -0.2678 -0.0644 -0.7733 -0.9644 1.0000 -0.6467
 44 I  1.0000 -0.0733 -0.0100 0.7244 -0.2067 0.1722 0.7644
 45 T  0.4467 -0.4633 -0.3567 -0.2211 -0.3200 -0.4478 0.2356
 46 G  -1.0000 -1.0000 -1.0000 -0.3800 -0.1989 -1.0000 -1.0000
 47 Q  -0.2556 -0.1222 -0.0222 -0.5156 -0.3067 0.5867 -0.4122
 48 M  0.1222 0.0733 0.0967 0.3744 -0.2911 0.7244 -0.0011
 49 P  0.2744 -1.0000 -0.3267 0.0611 -0.0111 -1.0000 0.1178
 50 V  0.7522 -0.3167 -0.2578 0.3678 -0.2122 -0.0344 1.0000
 51 R  0.1167 0.4144 0.5178 -1.0000 1.0000 0.5867 -0.4122
 52 T  0.4467 -0.4633 -0.3567 -0.2211 -0.3200 -0.4478 0.2356
 53 K  -0.0978 0.0733 0.1811 -0.9878 0.8078 0.3100 -0.2944
 54 A  -0.3889 -0.7556 -0.7522 -0.1900 -0.1889 1.0000 -0.5289
 55 K  -0.0978 0.0733 0.1811 -0.9878 0.8078 0.3100 -0.2944
 56 R  0.1167 0.4144 0.5178 -1.0000 1.0000 0.5867 -0.4122
 57 T  0.4467 -0.4633 -0.3567 -0.2211 -0.3200 -0.4478 0.2356
 58 V  0.7522 -0.3167 -0.2578 0.3678 -0.2122 -0.0344 1.0000
 59 G  -1.0000 -1.0000 -1.0000 -0.3800 -0.1989 -1.0000 -1.0000
 60 E  -0.2556 -0.2678 -0.0644 -0.7733 -0.9644 1.0000 -0.6467
 61 F  0.4033 0.4144 0.4578 0.7178 -0.3022 0.1722 0.3533
 62 D  -0.2367 -0.4633 -0.3122 -0.8522 -1.0000 -0.1722 -0.7056
 63 I  1.0000 -0.0733 -0.0100 0.7244 -0.2067 0.1722 0.7644
 64 R  0.1167 0.4144 0.5178 -1.0000 1.0000 0.5867 -0.4122
 65 E  -0.2556 -0.2678 -0.0644 -0.7733 -0.9644 1.0000 -0.6467
 66 G  -1.0000 -1.0000 -1.0000 -0.3800 -0.1989 -1.0000 -1.0000
 67 D  -0.2367 -0.4633 -0.3122 -0.8522 -1.0000 -0.1722 -0.7056
 68 P  0.2744 -1.0000 -0.3267 0.0611 -0.0111 -1.0000 0.1178
 69 I  1.0000 -0.0733 -0.0100 0.7244 -0.2067 0.1722 0.7644
 70 G  -1.0000 -1.0000 -1.0000 -0.3800 -0.1989 -1.0000 -1.0000
 71 A  -0.3889 -0.7556 -0.7522 -0.1900 -0.1889 1.0000 -0.5289
 72 K  -0.0978 0.0733 0.1811 -0.9878 0.8078 0.3100 -0.2944
 73 V  0.7522 -0.3167 -0.2578 0.3678 -0.2122 -0.0344 1.0000
 74 T  0.4467 -0.4633 -0.3567 -0.2211 -0.3200 -0.4478 0.2356
 75 L  0.2367 -0.0733 -0.0100 0.6622 -0.2067 0.7933 -0.0589
 76 R  0.1167 0.4144 0.5178 -1.0000 1.0000 0.5867 -0.4122
 77 D  -0.2367 -0.4633 -0.3122 -0.8522 -1.0000 -0.1722 -0.7056
 78 E  -0.2556 -0.2678 -0.0644 -0.7733 -0.9644 1.0000 -0.6467
 79 M  0.1222 0.0733 0.0967 0.3744 -0.2911 0.7244 -0.0011
 80 A  -0.3889 -0.7556 -0.7522 -0.1900 -0.1889 1.0000 -0.5289
 81 E  -0.2556 -0.2678 -0.0644 -0.7733 -0.9644 1.0000 -0.6467
 82 E  -0.2556 -0.2678 -0.0644 -0.7733 -0.9644 1.0000 -0.6467
 83 F  0.4033 0.4144 0.4578 0.7178 -0.3022 0.1722 0.3533
 84 L  0.2367 -0.0733 -0.0100 0.6622 -0.2067 0.7933 -0.0589
 85 Q  -0.2556 -0.1222 -0.0222 -0.5156 -0.3067 0.5867 -0.4122
 86 T  0.4467 -0.4633 -0.3567 -0.2211 -0.3200 -0.4478 0.2356
 87 A  -0.3889 -0.7556 -0.7522 -0.1900 -0.1889 1.0000 -0.5289
 88 L  0.2367 -0.0733 -0.0100 0.6622 -0.2067 0.7933 -0.0589
 89 P  0.2744 -1.0000 -0.3267 0.0611 -0.0111 -1.0000 0.1178
 90 L  0.2367 -0.0733 -0.0100 0.6622 -0.2067 0.7933 -0.0589
 91 A  -0.3889 -0.7556 -0.7522 -0.1900 -0.1889 1.0000 -0.5289
 92 E  -0.2556 -0.2678 -0.0644 -0.7733 -0.9644 1.0000 -0.6467
 93 L  0.2367 -0.0733 -0.0100 0.6622 -0.2067 0.7933 -0.0589
 94 A  -0.3889 -0.7556 -0.7522 -0.1900 -0.1889 1.0000 -0.5289
 95 T  0.4467 -0.4633 -0.3567 -0.2211 -0.3200 -0.4478 0.2356
 96 S  -0.3744 -0.7078 -0.6044 -0.4044 -0.2944 -0.5178 -0.2356
 97 Q  -0.2556 -0.1222 -0.0222 -0.5156 -0.3067 0.5867 -0.4122
 98 F  0.4033 0.4144 0.4578 0.7178 -0.3022 0.1722 0.3533
 99 D  -0.2367 -0.4633 -0.3122 -0.8522 -1.0000 -0.1722 -0.7056
 100 D  -0.2367 -0.4633 -0.3122 -0.8522 -1.0000 -0.1722 -0.7056
 101 T  0.4467 -0.4633 -0.3567 -0.2211 -0.3200 -0.4478 0.2356
 102 G  -1.0000 -1.0000 -1.0000 -0.3800 -0.1989 -1.0000 -1.0000
 103 N  -0.2367 -0.3656 -0.2700 -0.7489 -0.0833 -0.4478 -0.5878
 104 F  0.4033 0.4144 0.4578 0.7178 -0.3022 0.1722 0.3533
 105 S  -0.3744 -0.7078 -0.6044 -0.4044 -0.2944 -0.5178 -0.2356
 106 F  0.4033 0.4144 0.4578 0.7178 -0.3022 0.1722 0.3533
 107 G  -1.0000 -1.0000 -1.0000 -0.3800 -0.1989 -1.0000 -1.0000
 ! !  -1.0000 -1.0000 -1.0000 -1.0000 -1.0000 -1.0000 -1.0000
 128 L  0.2367 -0.0733 -0.0100 0.6622 -0.2067 0.7933 -0.0589
 129 D  -0.2367 -0.4633 -0.3122 -0.8522 -1.0000 -0.1722 -0.7056
 130 V  0.7522 -0.3167 -0.2578 0.3678 -0.2122 -0.0344 1.0000
 131 T  0.4467 -0.4633 -0.3567 -0.2211 -0.3200 -0.4478 0.2356
 132 V  0.7522 -0.3167 -0.2578 0.3678 -0.2122 -0.0344 1.0000
 133 N  -0.2367 -0.3656 -0.2700 -0.7489 -0.0833 -0.4478 -0.5878
 134 L  0.2367 -0.0733 -0.0100 0.6622 -0.2067 0.7933 -0.0589
 135 V  0.7522 -0.3167 -0.2578 0.3678 -0.2122 -0.0344 1.0000
 136 R  0.1167 0.4144 0.5178 -1.0000 1.0000 0.5867 -0.4122
 137 P  0.2744 -1.0000 -0.3267 0.0611 -0.0111 -1.0000 0.1178
 138 G  -1.0000 -1.0000 -1.0000 -0.3800 -0.1989 -1.0000 -1.0000
 139 Y  0.4033 0.4633 0.6011 0.2089 -0.3044 -0.1722 0.5289
 140 R  0.1167 0.4144 0.5178 -1.0000 1.0000 0.5867 -0.4122
 141 V  0.7522 -0.3167 -0.2578 0.3678 -0.2122 -0.0344 1.0000
 142 A  -0.3889 -0.7556 -0.7522 -0.1900 -0.1889 1.0000 -0.5289
 143 K  -0.0978 0.0733 0.1811 -0.9878 0.8078 0.3100 -0.2944
 144 R  0.1167 0.4144 0.5178 -1.0000 1.0000 0.5867 -0.4122
 145 D  -0.2367 -0.4633 -0.3122 -0.8522 -1.0000 -0.1722 -0.7056
 146 K  -0.0978 0.0733 0.1811 -0.9878 0.8078 0.3100 -0.2944
 147 A  -0.3889 -0.7556 -0.7522 -0.1900 -0.1889 1.0000 -0.5289
 148 S  -0.3744 -0.7078 -0.6044 -0.4044 -0.2944 -0.5178 -0.2356
 149 R  0.1167 0.4144 0.5178 -1.0000 1.0000 0.5867 -0.4122
 150 S  -0.3744 -0.7078 -0.6044 -0.4044 -0.2944 -0.5178 -0.2356
 151 I  1.0000 -0.0733 -0.0100 0.7244 -0.2067 0.1722 0.7644
 152 P  0.2744 -1.0000 -0.3267 0.0611 -0.0111 -1.0000 0.1178
 153 T  0.4467 -0.4633 -0.3567 -0.2211 -0.3200 -0.4478 0.2356
 154 K  -0.0978 0.0733 0.1811 -0.9878 0.8078 0.3100 -0.2944
 155 H  0.4267 0.1222 0.1533 -0.3011 0.2167 -0.0344 -0.1178
 156 R  0.1167 0.4144 0.5178 -1.0000 1.0000 0.5867 -0.4122
 157 L  0.2367 -0.0733 -0.0100 0.6622 -0.2067 0.7933 -0.0589
 158 N  -0.2367 -0.3656 -0.2700 -0.7489 -0.0833 -0.4478 -0.5878
 159 P  0.2744 -1.0000 -0.3267 0.0611 -0.0111 -1.0000 0.1178
 160 A  -0.3889 -0.7556 -0.7522 -0.1900 -0.1889 1.0000 -0.5289
 161 D  -0.2367 -0.4633 -0.3122 -0.8522 -1.0000 -0.1722 -0.7056
 162 A  -0.3889 -0.7556 -0.7522 -0.1900 -0.1889 1.0000 -0.5289
 163 V  0.7522 -0.3167 -0.2578 0.3678 -0.2122 -0.0344 1.0000
 164 A  -0.3889 -0.7556 -0.7522 -0.1900 -0.1889 1.0000 -0.5289
 165 F  0.4033 0.4144 0.4578 0.7178 -0.3022 0.1722 0.3533
 166 I  1.0000 -0.0733 -0.0100 0.7244 -0.2067 0.1722 0.7644
 167 E  -0.2556 -0.2678 -0.0644 -0.7733 -0.9644 1.0000 -0.6467
 168 S  -0.3744 -0.7078 -0.6044 -0.4044 -0.2944 -0.5178 -0.2356
 169 T  0.4467 -0.4633 -0.3567 -0.2211 -0.3200 -0.4478 0.2356
 170 Y  0.4033 0.4633 0.6011 0.2089 -0.3044 -0.1722 0.5289
 171 D  -0.2367 -0.4633 -0.3122 -0.8522 -1.0000 -0.1722 -0.7056
 172 V  0.7522 -0.3167 -0.2578 0.3678 -0.2122 -0.0344 1.0000
 173 E  -0.2556 -0.2678 -0.0644 -0.7733 -0.9644 1.0000 -0.6467
 174 V  0.7522 -0.3167 -0.2578 0.3678 -0.2122 -0.0344 1.0000
