 -5 H  0.4267 0.1222 0.1533 -0.3011 0.2167 -0.0344 -0.1178
 -4 G  -1.0000 -1.0000 -1.0000 -0.3800 -0.1989 -1.0000 -1.0000
 -3 G  -1.0000 -1.0000 -1.0000 -0.3800 -0.1989 -1.0000 -1.0000
 -2 H  0.4267 0.1222 0.1533 -0.3011 0.2167 -0.0344 -0.1178
 -1 M  0.1222 0.0733 0.0967 0.3744 -0.2911 0.7244 -0.0011
 0 S  -0.3744 -0.7078 -0.6044 -0.4044 -0.2944 -0.5178 -0.2356
 1 L  0.2367 -0.0733 -0.0100 0.6622 -0.2067 0.7933 -0.0589
 2 L  0.2367 -0.0733 -0.0100 0.6622 -0.2067 0.7933 -0.0589
 3 R  0.1167 0.4144 0.5178 -1.0000 1.0000 0.5867 -0.4122
 4 F  0.4033 0.4144 0.4578 0.7178 -0.3022 0.1722 0.3533
 5 L  0.2367 -0.0733 -0.0100 0.6622 -0.2067 0.7933 -0.0589
 6 E  -0.2556 -0.2678 -0.0644 -0.7733 -0.9644 1.0000 -0.6467
 7 V  0.7522 -0.3167 -0.2578 0.3678 -0.2122 -0.0344 1.0000
 8 V  0.7522 -0.3167 -0.2578 0.3678 -0.2122 -0.0344 1.0000
 9 S  -0.3744 -0.7078 -0.6044 -0.4044 -0.2944 -0.5178 -0.2356
 10 E  -0.2556 -0.2678 -0.0644 -0.7733 -0.9644 1.0000 -0.6467
 11 H  0.4267 0.1222 0.1533 -0.3011 0.2167 -0.0344 -0.1178
 12 I  1.0000 -0.0733 -0.0100 0.7244 -0.2067 0.1722 0.7644
 13 K  -0.0978 0.0733 0.1811 -0.9878 0.8078 0.3100 -0.2944
 14 N  -0.2367 -0.3656 -0.2700 -0.7489 -0.0833 -0.4478 -0.5878
 15 L  0.2367 -0.0733 -0.0100 0.6622 -0.2067 0.7933 -0.0589
 16 R  0.1167 0.4144 0.5178 -1.0000 1.0000 0.5867 -0.4122
 17 N  -0.2367 -0.3656 -0.2700 -0.7489 -0.0833 -0.4478 -0.5878
 18 H  0.4267 0.1222 0.1533 -0.3011 0.2167 -0.0344 -0.1178
 19 I  1.0000 -0.0733 -0.0100 0.7244 -0.2067 0.1722 0.7644
 20 D  -0.2367 -0.4633 -0.3122 -0.8522 -1.0000 -0.1722 -0.7056
 21 L  0.2367 -0.0733 -0.0100 0.6622 -0.2067 0.7933 -0.0589
 22 E  -0.2556 -0.2678 -0.0644 -0.7733 -0.9644 1.0000 -0.6467
 23 T  0.4467 -0.4633 -0.3567 -0.2211 -0.3200 -0.4478 0.2356
 24 V  0.7522 -0.3167 -0.2578 0.3678 -0.2122 -0.0344 1.0000
 25 G  -1.0000 -1.0000 -1.0000 -0.3800 -0.1989 -1.0000 -1.0000
 26 E  -0.2556 -0.2678 -0.0644 -0.7733 -0.9644 1.0000 -0.6467
 27 M  0.1222 0.0733 0.0967 0.3744 -0.2911 0.7244 -0.0011
 28 I  1.0000 -0.0733 -0.0100 0.7244 -0.2067 0.1722 0.7644
 29 K  -0.0978 0.0733 0.1811 -0.9878 0.8078 0.3100 -0.2944
 30 L  0.2367 -0.0733 -0.0100 0.6622 -0.2067 0.7933 -0.0589
 31 I  1.0000 -0.0733 -0.0100 0.7244 -0.2067 0.1722 0.7644
 32 D  -0.2367 -0.4633 -0.3122 -0.8522 -1.0000 -0.1722 -0.7056
 33 S  -0.3744 -0.7078 -0.6044 -0.4044 -0.2944 -0.5178 -0.2356
 34 A  -0.3889 -0.7556 -0.7522 -0.1900 -0.1889 1.0000 -0.5289
 35 R  0.1167 0.4144 0.5178 -1.0000 1.0000 0.5867 -0.4122
 36 S  -0.3744 -0.7078 -0.6044 -0.4044 -0.2944 -0.5178 -0.2356
 37 I  1.0000 -0.0733 -0.0100 0.7244 -0.2067 0.1722 0.7644
 38 F  0.4033 0.4144 0.4578 0.7178 -0.3022 0.1722 0.3533
 39 V  0.7522 -0.3167 -0.2578 0.3678 -0.2122 -0.0344 1.0000
 40 I  1.0000 -0.0733 -0.0100 0.7244 -0.2067 0.1722 0.7644
 41 G  -1.0000 -1.0000 -1.0000 -0.3800 -0.1989 -1.0000 -1.0000
 42 A  -0.3889 -0.7556 -0.7522 -0.1900 -0.1889 1.0000 -0.5289
 43 G  -1.0000 -1.0000 -1.0000 -0.3800 -0.1989 -1.0000 -1.0000
 44 R  0.1167 0.4144 0.5178 -1.0000 1.0000 0.5867 -0.4122
 45 S  -0.3744 -0.7078 -0.6044 -0.4044 -0.2944 -0.5178 -0.2356
 46 G  -1.0000 -1.0000 -1.0000 -0.3800 -0.1989 -1.0000 -1.0000
 47 Y  0.4033 0.4633 0.6011 0.2089 -0.3044 -0.1722 0.5289
 48 I  1.0000 -0.0733 -0.0100 0.7244 -0.2067 0.1722 0.7644
 49 A  -0.3889 -0.7556 -0.7522 -0.1900 -0.1889 1.0000 -0.5289
 50 K  -0.0978 0.0733 0.1811 -0.9878 0.8078 0.3100 -0.2944
 51 A  -0.3889 -0.7556 -0.7522 -0.1900 -0.1889 1.0000 -0.5289
 52 F  0.4033 0.4144 0.4578 0.7178 -0.3022 0.1722 0.3533
 53 A  -0.3889 -0.7556 -0.7522 -0.1900 -0.1889 1.0000 -0.5289
 54 M  0.1222 0.0733 0.0967 0.3744 -0.2911 0.7244 -0.0011
 55 R  0.1167 0.4144 0.5178 -1.0000 1.0000 0.5867 -0.4122
 56 L  0.2367 -0.0733 -0.0100 0.6622 -0.2067 0.7933 -0.0589
 57 M  0.1222 0.0733 0.0967 0.3744 -0.2911 0.7244 -0.0011
 58 H  0.4267 0.1222 0.1533 -0.3011 0.2167 -0.0344 -0.1178
 59 L  0.2367 -0.0733 -0.0100 0.6622 -0.2067 0.7933 -0.0589
 60 G  -1.0000 -1.0000 -1.0000 -0.3800 -0.1989 -1.0000 -1.0000
 61 Y  0.4033 0.4633 0.6011 0.2089 -0.3044 -0.1722 0.5289
 62 T  0.4467 -0.4633 -0.3567 -0.2211 -0.3200 -0.4478 0.2356
 63 V  0.7522 -0.3167 -0.2578 0.3678 -0.2122 -0.0344 1.0000
 64 Y  0.4033 0.4633 0.6011 0.2089 -0.3044 -0.1722 0.5289
 65 V  0.7522 -0.3167 -0.2578 0.3678 -0.2122 -0.0344 1.0000
 66 V  0.7522 -0.3167 -0.2578 0.3678 -0.2122 -0.0344 1.0000
 67 G  -1.0000 -1.0000 -1.0000 -0.3800 -0.1989 -1.0000 -1.0000
 68 E  -0.2556 -0.2678 -0.0644 -0.7733 -0.9644 1.0000 -0.6467
 69 T  0.4467 -0.4633 -0.3567 -0.2211 -0.3200 -0.4478 0.2356
 70 V  0.7522 -0.3167 -0.2578 0.3678 -0.2122 -0.0344 1.0000
 71 T  0.4467 -0.4633 -0.3567 -0.2211 -0.3200 -0.4478 0.2356
 72 P  0.2744 -1.0000 -0.3267 0.0611 -0.0111 -1.0000 0.1178
 73 R  0.1167 0.4144 0.5178 -1.0000 1.0000 0.5867 -0.4122
 74 I  1.0000 -0.0733 -0.0100 0.7244 -0.2067 0.1722 0.7644
 75 T  0.4467 -0.4633 -0.3567 -0.2211 -0.3200 -0.4478 0.2356
 76 D  -0.2367 -0.4633 -0.3122 -0.8522 -1.0000 -0.1722 -0.7056
 77 Q  -0.2556 -0.1222 -0.0222 -0.5156 -0.3067 0.5867 -0.4122
 78 D  -0.2367 -0.4633 -0.3122 -0.8522 -1.0000 -0.1722 -0.7056
 79 V  0.7522 -0.3167 -0.2578 0.3678 -0.2122 -0.0344 1.0000
 80 L  0.2367 -0.0733 -0.0100 0.6622 -0.2067 0.7933 -0.0589
 81 V  0.7522 -0.3167 -0.2578 0.3678 -0.2122 -0.0344 1.0000
 82 G  -1.0000 -1.0000 -1.0000 -0.3800 -0.1989 -1.0000 -1.0000
 83 I  1.0000 -0.0733 -0.0100 0.7244 -0.2067 0.1722 0.7644
 84 S  -0.3744 -0.7078 -0.6044 -0.4044 -0.2944 -0.5178 -0.2356
 85 G  -1.0000 -1.0000 -1.0000 -0.3800 -0.1989 -1.0000 -1.0000
 86 S  -0.3744 -0.7078 -0.6044 -0.4044 -0.2944 -0.5178 -0.2356
 87 G  -1.0000 -1.0000 -1.0000 -0.3800 -0.1989 -1.0000 -1.0000
 88 E  -0.2556 -0.2678 -0.0644 -0.7733 -0.9644 1.0000 -0.6467
 89 T  0.4467 -0.4633 -0.3567 -0.2211 -0.3200 -0.4478 0.2356
 90 T  0.4467 -0.4633 -0.3567 -0.2211 -0.3200 -0.4478 0.2356
 91 S  -0.3744 -0.7078 -0.6044 -0.4044 -0.2944 -0.5178 -0.2356
 92 V  0.7522 -0.3167 -0.2578 0.3678 -0.2122 -0.0344 1.0000
 93 V  0.7522 -0.3167 -0.2578 0.3678 -0.2122 -0.0344 1.0000
 94 N  -0.2367 -0.3656 -0.2700 -0.7489 -0.0833 -0.4478 -0.5878
 95 I  1.0000 -0.0733 -0.0100 0.7244 -0.2067 0.1722 0.7644
 96 S  -0.3744 -0.7078 -0.6044 -0.4044 -0.2944 -0.5178 -0.2356
 97 K  -0.0978 0.0733 0.1811 -0.9878 0.8078 0.3100 -0.2944
 98 K  -0.0978 0.0733 0.1811 -0.9878 0.8078 0.3100 -0.2944
 99 A  -0.3889 -0.7556 -0.7522 -0.1900 -0.1889 1.0000 -0.5289
 100 K  -0.0978 0.0733 0.1811 -0.9878 0.8078 0.3100 -0.2944
 101 D  -0.2367 -0.4633 -0.3122 -0.8522 -1.0000 -0.1722 -0.7056
 102 I  1.0000 -0.0733 -0.0100 0.7244 -0.2067 0.1722 0.7644
 103 G  -1.0000 -1.0000 -1.0000 -0.3800 -0.1989 -1.0000 -1.0000
 104 S  -0.3744 -0.7078 -0.6044 -0.4044 -0.2944 -0.5178 -0.2356
 105 K  -0.0978 0.0733 0.1811 -0.9878 0.8078 0.3100 -0.2944
 106 L  0.2367 -0.0733 -0.0100 0.6622 -0.2067 0.7933 -0.0589
 107 V  0.7522 -0.3167 -0.2578 0.3678 -0.2122 -0.0344 1.0000
 108 A  -0.3889 -0.7556 -0.7522 -0.1900 -0.1889 1.0000 -0.5289
 109 V  0.7522 -0.3167 -0.2578 0.3678 -0.2122 -0.0344 1.0000
 110 T  0.4467 -0.4633 -0.3567 -0.2211 -0.3200 -0.4478 0.2356
 111 G  -1.0000 -1.0000 -1.0000 -0.3800 -0.1989 -1.0000 -1.0000
 112 K  -0.0978 0.0733 0.1811 -0.9878 0.8078 0.3100 -0.2944
 113 R  0.1167 0.4144 0.5178 -1.0000 1.0000 0.5867 -0.4122
 114 D  -0.2367 -0.4633 -0.3122 -0.8522 -1.0000 -0.1722 -0.7056
 115 S  -0.3744 -0.7078 -0.6044 -0.4044 -0.2944 -0.5178 -0.2356
 116 S  -0.3744 -0.7078 -0.6044 -0.4044 -0.2944 -0.5178 -0.2356
 117 L  0.2367 -0.0733 -0.0100 0.6622 -0.2067 0.7933 -0.0589
 118 A  -0.3889 -0.7556 -0.7522 -0.1900 -0.1889 1.0000 -0.5289
 119 K  -0.0978 0.0733 0.1811 -0.9878 0.8078 0.3100 -0.2944
 120 M  0.1222 0.0733 0.0967 0.3744 -0.2911 0.7244 -0.0011
 121 A  -0.3889 -0.7556 -0.7522 -0.1900 -0.1889 1.0000 -0.5289
 122 D  -0.2367 -0.4633 -0.3122 -0.8522 -1.0000 -0.1722 -0.7056
 123 V  0.7522 -0.3167 -0.2578 0.3678 -0.2122 -0.0344 1.0000
 124 V  0.7522 -0.3167 -0.2578 0.3678 -0.2122 -0.0344 1.0000
 125 M  0.1222 0.0733 0.0967 0.3744 -0.2911 0.7244 -0.0011
 126 V  0.7522 -0.3167 -0.2578 0.3678 -0.2122 -0.0344 1.0000
 127 V  0.7522 -0.3167 -0.2578 0.3678 -0.2122 -0.0344 1.0000
 128 K  -0.0978 0.0733 0.1811 -0.9878 0.8078 0.3100 -0.2944
 129 G  -1.0000 -1.0000 -1.0000 -0.3800 -0.1989 -1.0000 -1.0000
 130 K  -0.0978 0.0733 0.1811 -0.9878 0.8078 0.3100 -0.2944
 131 M  0.1222 0.0733 0.0967 0.3744 -0.2911 0.7244 -0.0011
 132 K  -0.0978 0.0733 0.1811 -0.9878 0.8078 0.3100 -0.2944
 133 Q  -0.2556 -0.1222 -0.0222 -0.5156 -0.3067 0.5867 -0.4122
 134 E  -0.2556 -0.2678 -0.0644 -0.7733 -0.9644 1.0000 -0.6467
 135 R  0.1167 0.4144 0.5178 -1.0000 1.0000 0.5867 -0.4122
 136 D  -0.2367 -0.4633 -0.3122 -0.8522 -1.0000 -0.1722 -0.7056
 137 E  -0.2556 -0.2678 -0.0644 -0.7733 -0.9644 1.0000 -0.6467
 138 I  1.0000 -0.0733 -0.0100 0.7244 -0.2067 0.1722 0.7644
 139 L  0.2367 -0.0733 -0.0100 0.6622 -0.2067 0.7933 -0.0589
 140 S  -0.3744 -0.7078 -0.6044 -0.4044 -0.2944 -0.5178 -0.2356
 141 Q  -0.2556 -0.1222 -0.0222 -0.5156 -0.3067 0.5867 -0.4122
 142 L  0.2367 -0.0733 -0.0100 0.6622 -0.2067 0.7933 -0.0589
 143 A  -0.3889 -0.7556 -0.7522 -0.1900 -0.1889 1.0000 -0.5289
 144 P  0.2744 -1.0000 -0.3267 0.0611 -0.0111 -1.0000 0.1178
 145 L  0.2367 -0.0733 -0.0100 0.6622 -0.2067 0.7933 -0.0589
 146 G  -1.0000 -1.0000 -1.0000 -0.3800 -0.1989 -1.0000 -1.0000
 147 T  0.4467 -0.4633 -0.3567 -0.2211 -0.3200 -0.4478 0.2356
 148 M  0.1222 0.0733 0.0967 0.3744 -0.2911 0.7244 -0.0011
 149 F  0.4033 0.4144 0.4578 0.7178 -0.3022 0.1722 0.3533
 150 E  -0.2556 -0.2678 -0.0644 -0.7733 -0.9644 1.0000 -0.6467
 151 L  0.2367 -0.0733 -0.0100 0.6622 -0.2067 0.7933 -0.0589
 152 T  0.4467 -0.4633 -0.3567 -0.2211 -0.3200 -0.4478 0.2356
 153 A  -0.3889 -0.7556 -0.7522 -0.1900 -0.1889 1.0000 -0.5289
 154 M  0.1222 0.0733 0.0967 0.3744 -0.2911 0.7244 -0.0011
 155 I  1.0000 -0.0733 -0.0100 0.7244 -0.2067 0.1722 0.7644
 156 F  0.4033 0.4144 0.4578 0.7178 -0.3022 0.1722 0.3533
 157 L  0.2367 -0.0733 -0.0100 0.6622 -0.2067 0.7933 -0.0589
 158 D  -0.2367 -0.4633 -0.3122 -0.8522 -1.0000 -0.1722 -0.7056
 159 A  -0.3889 -0.7556 -0.7522 -0.1900 -0.1889 1.0000 -0.5289
 160 L  0.2367 -0.0733 -0.0100 0.6622 -0.2067 0.7933 -0.0589
 161 V  0.7522 -0.3167 -0.2578 0.3678 -0.2122 -0.0344 1.0000
 162 A  -0.3889 -0.7556 -0.7522 -0.1900 -0.1889 1.0000 -0.5289
 163 E  -0.2556 -0.2678 -0.0644 -0.7733 -0.9644 1.0000 -0.6467
 164 I  1.0000 -0.0733 -0.0100 0.7244 -0.2067 0.1722 0.7644
 165 M  0.1222 0.0733 0.0967 0.3744 -0.2911 0.7244 -0.0011
 166 M  0.1222 0.0733 0.0967 0.3744 -0.2911 0.7244 -0.0011
 167 Q  -0.2556 -0.1222 -0.0222 -0.5156 -0.3067 0.5867 -0.4122
 168 K  -0.0978 0.0733 0.1811 -0.9878 0.8078 0.3100 -0.2944
 169 H  0.4267 0.1222 0.1533 -0.3011 0.2167 -0.0344 -0.1178
 170 L  0.2367 -0.0733 -0.0100 0.6622 -0.2067 0.7933 -0.0589
 171 T  0.4467 -0.4633 -0.3567 -0.2211 -0.3200 -0.4478 0.2356
 172 E  -0.2556 -0.2678 -0.0644 -0.7733 -0.9644 1.0000 -0.6467
 173 K  -0.0978 0.0733 0.1811 -0.9878 0.8078 0.3100 -0.2944
 174 D  -0.2367 -0.4633 -0.3122 -0.8522 -1.0000 -0.1722 -0.7056
 175 L  0.2367 -0.0733 -0.0100 0.6622 -0.2067 0.7933 -0.0589
 176 E  -0.2556 -0.2678 -0.0644 -0.7733 -0.9644 1.0000 -0.6467
 177 A  -0.3889 -0.7556 -0.7522 -0.1900 -0.1889 1.0000 -0.5289
 178 R  0.1167 0.4144 0.5178 -1.0000 1.0000 0.5867 -0.4122
 179 H  0.4267 0.1222 0.1533 -0.3011 0.2167 -0.0344 -0.1178
 180 A  -0.3889 -0.7556 -0.7522 -0.1900 -0.1889 1.0000 -0.5289
 181 V  0.7522 -0.3167 -0.2578 0.3678 -0.2122 -0.0344 1.0000
 182 L  0.2367 -0.0733 -0.0100 0.6622 -0.2067 0.7933 -0.0589
 183 E  -0.2556 -0.2678 -0.0644 -0.7733 -0.9644 1.0000 -0.6467
 184 E  -0.2556 -0.2678 -0.0644 -0.7733 -0.9644 1.0000 -0.6467
 185 G  -1.0000 -1.0000 -1.0000 -0.3800 -0.1989 -1.0000 -1.0000
 186 G  -1.0000 -1.0000 -1.0000 -0.3800 -0.1989 -1.0000 -1.0000
