 67 Q  -0.2556 -0.1222 -0.0222 -0.5156 -0.3067 0.5867 -0.4122
 68 Q  -0.2556 -0.1222 -0.0222 -0.5156 -0.3067 0.5867 -0.4122
 69 N  -0.2367 -0.3656 -0.2700 -0.7489 -0.0833 -0.4478 -0.5878
 70 K  -0.0978 0.0733 0.1811 -0.9878 0.8078 0.3100 -0.2944
 71 E  -0.2556 -0.2678 -0.0644 -0.7733 -0.9644 1.0000 -0.6467
 72 L  0.2367 -0.0733 -0.0100 0.6622 -0.2067 0.7933 -0.0589
 73 N  -0.2367 -0.3656 -0.2700 -0.7489 -0.0833 -0.4478 -0.5878
 74 F  0.4033 0.4144 0.4578 0.7178 -0.3022 0.1722 0.3533
 75 K  -0.0978 0.0733 0.1811 -0.9878 0.8078 0.3100 -0.2944
 76 L  0.2367 -0.0733 -0.0100 0.6622 -0.2067 0.7933 -0.0589
 77 R  0.1167 0.4144 0.5178 -1.0000 1.0000 0.5867 -0.4122
 78 E  -0.2556 -0.2678 -0.0644 -0.7733 -0.9644 1.0000 -0.6467
 79 K  -0.0978 0.0733 0.1811 -0.9878 0.8078 0.3100 -0.2944
 80 Q  -0.2556 -0.1222 -0.0222 -0.5156 -0.3067 0.5867 -0.4122
 81 N  -0.2367 -0.3656 -0.2700 -0.7489 -0.0833 -0.4478 -0.5878
 82 E  -0.2556 -0.2678 -0.0644 -0.7733 -0.9644 1.0000 -0.6467
 83 I  1.0000 -0.0733 -0.0100 0.7244 -0.2067 0.1722 0.7644
 84 F  0.4033 0.4144 0.4578 0.7178 -0.3022 0.1722 0.3533
 85 E  -0.2556 -0.2678 -0.0644 -0.7733 -0.9644 1.0000 -0.6467
 86 L  0.2367 -0.0733 -0.0100 0.6622 -0.2067 0.7933 -0.0589
 87 K  -0.0978 0.0733 0.1811 -0.9878 0.8078 0.3100 -0.2944
 88 K  -0.0978 0.0733 0.1811 -0.9878 0.8078 0.3100 -0.2944
 89 I  1.0000 -0.0733 -0.0100 0.7244 -0.2067 0.1722 0.7644
 90 A  -0.3889 -0.7556 -0.7522 -0.1900 -0.1889 1.0000 -0.5289
 91 E  -0.2556 -0.2678 -0.0644 -0.7733 -0.9644 1.0000 -0.6467
 92 T  0.4467 -0.4633 -0.3567 -0.2211 -0.3200 -0.4478 0.2356
 93 L  0.2367 -0.0733 -0.0100 0.6622 -0.2067 0.7933 -0.0589
 94 R  0.1167 0.4144 0.5178 -1.0000 1.0000 0.5867 -0.4122
 95 S  -0.3744 -0.7078 -0.6044 -0.4044 -0.2944 -0.5178 -0.2356
 96 K  -0.0978 0.0733 0.1811 -0.9878 0.8078 0.3100 -0.2944
 97 L  0.2367 -0.0733 -0.0100 0.6622 -0.2067 0.7933 -0.0589
 98 E  -0.2556 -0.2678 -0.0644 -0.7733 -0.9644 1.0000 -0.6467
 99 K  -0.0978 0.0733 0.1811 -0.9878 0.8078 0.3100 -0.2944
 100 Y  0.4033 0.4633 0.6011 0.2089 -0.3044 -0.1722 0.5289
 101 V  0.7522 -0.3167 -0.2578 0.3678 -0.2122 -0.0344 1.0000
 102 D  -0.2367 -0.4633 -0.3122 -0.8522 -1.0000 -0.1722 -0.7056
 103 I  1.0000 -0.0733 -0.0100 0.7244 -0.2067 0.1722 0.7644
 104 T  0.4467 -0.4633 -0.3567 -0.2211 -0.3200 -0.4478 0.2356
 105 K  -0.0978 0.0733 0.1811 -0.9878 0.8078 0.3100 -0.2944
 106 K  -0.0978 0.0733 0.1811 -0.9878 0.8078 0.3100 -0.2944
 107 L  0.2367 -0.0733 -0.0100 0.6622 -0.2067 0.7933 -0.0589
 108 E  -0.2556 -0.2678 -0.0644 -0.7733 -0.9644 1.0000 -0.6467
 109 D  -0.2367 -0.4633 -0.3122 -0.8522 -1.0000 -0.1722 -0.7056
 110 Q  -0.2556 -0.1222 -0.0222 -0.5156 -0.3067 0.5867 -0.4122
 111 N  -0.2367 -0.3656 -0.2700 -0.7489 -0.0833 -0.4478 -0.5878
 112 L  0.2367 -0.0733 -0.0100 0.6622 -0.2067 0.7933 -0.0589
 113 N  -0.2367 -0.3656 -0.2700 -0.7489 -0.0833 -0.4478 -0.5878
 114 L  0.2367 -0.0733 -0.0100 0.6622 -0.2067 0.7933 -0.0589
 115 Q  -0.2556 -0.1222 -0.0222 -0.5156 -0.3067 0.5867 -0.4122
 116 I  1.0000 -0.0733 -0.0100 0.7244 -0.2067 0.1722 0.7644
 117 K  -0.0978 0.0733 0.1811 -0.9878 0.8078 0.3100 -0.2944
 118 I  1.0000 -0.0733 -0.0100 0.7244 -0.2067 0.1722 0.7644
 119 S  -0.3744 -0.7078 -0.6044 -0.4044 -0.2944 -0.5178 -0.2356
 120 D  -0.2367 -0.4633 -0.3122 -0.8522 -1.0000 -0.1722 -0.7056
 121 L  0.2367 -0.0733 -0.0100 0.6622 -0.2067 0.7933 -0.0589
 122 E  -0.2556 -0.2678 -0.0644 -0.7733 -0.9644 1.0000 -0.6467
 123 K  -0.0978 0.0733 0.1811 -0.9878 0.8078 0.3100 -0.2944
 124 K  -0.0978 0.0733 0.1811 -0.9878 0.8078 0.3100 -0.2944
 125 L  0.2367 -0.0733 -0.0100 0.6622 -0.2067 0.7933 -0.0589
 126 S  -0.3744 -0.7078 -0.6044 -0.4044 -0.2944 -0.5178 -0.2356
 127 D  -0.2367 -0.4633 -0.3122 -0.8522 -1.0000 -0.1722 -0.7056
 128 A  -0.3889 -0.7556 -0.7522 -0.1900 -0.1889 1.0000 -0.5289
