 37 C  -0.1556 -0.3656 -0.3989 0.5644 -0.1267 -0.7244 0.5289
 38 P  0.2744 -1.0000 -0.3267 0.0611 -0.0111 -1.0000 0.1178
 39 T  0.4467 -0.4633 -0.3567 -0.2211 -0.3200 -0.4478 0.2356
 40 L  0.2367 -0.0733 -0.0100 0.6622 -0.2067 0.7933 -0.0589
 41 I  1.0000 -0.0733 -0.0100 0.7244 -0.2067 0.1722 0.7644
 42 V  0.7522 -0.3167 -0.2578 0.3678 -0.2122 -0.0344 1.0000
 43 M  0.1222 0.0733 0.0967 0.3744 -0.2911 0.7244 -0.0011
 44 V  0.7522 -0.3167 -0.2578 0.3678 -0.2122 -0.0344 1.0000
 45 G  -1.0000 -1.0000 -1.0000 -0.3800 -0.1989 -1.0000 -1.0000
 46 L  0.2367 -0.0733 -0.0100 0.6622 -0.2067 0.7933 -0.0589
 47 P  0.2744 -1.0000 -0.3267 0.0611 -0.0111 -1.0000 0.1178
 48 A  -0.3889 -0.7556 -0.7522 -0.1900 -0.1889 1.0000 -0.5289
 49 R  0.1167 0.4144 0.5178 -1.0000 1.0000 0.5867 -0.4122
 50 G  -1.0000 -1.0000 -1.0000 -0.3800 -0.1989 -1.0000 -1.0000
 51 K  -0.0978 0.0733 0.1811 -0.9878 0.8078 0.3100 -0.2944
 52 T  0.4467 -0.4633 -0.3567 -0.2211 -0.3200 -0.4478 0.2356
 53 Y  0.4033 0.4633 0.6011 0.2089 -0.3044 -0.1722 0.5289
 54 I  1.0000 -0.0733 -0.0100 0.7244 -0.2067 0.1722 0.7644
 55 S  -0.3744 -0.7078 -0.6044 -0.4044 -0.2944 -0.5178 -0.2356
 56 K  -0.0978 0.0733 0.1811 -0.9878 0.8078 0.3100 -0.2944
 57 K  -0.0978 0.0733 0.1811 -0.9878 0.8078 0.3100 -0.2944
 58 L  0.2367 -0.0733 -0.0100 0.6622 -0.2067 0.7933 -0.0589
 59 T  0.4467 -0.4633 -0.3567 -0.2211 -0.3200 -0.4478 0.2356
 60 R  0.1167 0.4144 0.5178 -1.0000 1.0000 0.5867 -0.4122
 61 Y  0.4033 0.4633 0.6011 0.2089 -0.3044 -0.1722 0.5289
 62 L  0.2367 -0.0733 -0.0100 0.6622 -0.2067 0.7933 -0.0589
 63 N  -0.2367 -0.3656 -0.2700 -0.7489 -0.0833 -0.4478 -0.5878
 64 F  0.4033 0.4144 0.4578 0.7178 -0.3022 0.1722 0.3533
 65 I  1.0000 -0.0733 -0.0100 0.7244 -0.2067 0.1722 0.7644
 66 G  -1.0000 -1.0000 -1.0000 -0.3800 -0.1989 -1.0000 -1.0000
 67 V  0.7522 -0.3167 -0.2578 0.3678 -0.2122 -0.0344 1.0000
 68 P  0.2744 -1.0000 -0.3267 0.0611 -0.0111 -1.0000 0.1178
 69 T  0.4467 -0.4633 -0.3567 -0.2211 -0.3200 -0.4478 0.2356
 70 R  0.1167 0.4144 0.5178 -1.0000 1.0000 0.5867 -0.4122
 71 E  -0.2556 -0.2678 -0.0644 -0.7733 -0.9644 1.0000 -0.6467
 72 F  0.4033 0.4144 0.4578 0.7178 -0.3022 0.1722 0.3533
 73 N  -0.2367 -0.3656 -0.2700 -0.7489 -0.0833 -0.4478 -0.5878
 74 V  0.7522 -0.3167 -0.2578 0.3678 -0.2122 -0.0344 1.0000
 75 G  -1.0000 -1.0000 -1.0000 -0.3800 -0.1989 -1.0000 -1.0000
 76 Q  -0.2556 -0.1222 -0.0222 -0.5156 -0.3067 0.5867 -0.4122
 77 Y  0.4033 0.4633 0.6011 0.2089 -0.3044 -0.1722 0.5289
 78 R  0.1167 0.4144 0.5178 -1.0000 1.0000 0.5867 -0.4122
 79 R  0.1167 0.4144 0.5178 -1.0000 1.0000 0.5867 -0.4122
 80 D  -0.2367 -0.4633 -0.3122 -0.8522 -1.0000 -0.1722 -0.7056
 81 M  0.1222 0.0733 0.0967 0.3744 -0.2911 0.7244 -0.0011
 82 V  0.7522 -0.3167 -0.2578 0.3678 -0.2122 -0.0344 1.0000
 83 K  -0.0978 0.0733 0.1811 -0.9878 0.8078 0.3100 -0.2944
 84 T  0.4467 -0.4633 -0.3567 -0.2211 -0.3200 -0.4478 0.2356
 85 Y  0.4033 0.4633 0.6011 0.2089 -0.3044 -0.1722 0.5289
 86 K  -0.0978 0.0733 0.1811 -0.9878 0.8078 0.3100 -0.2944
 87 S  -0.3744 -0.7078 -0.6044 -0.4044 -0.2944 -0.5178 -0.2356
 88 F  0.4033 0.4144 0.4578 0.7178 -0.3022 0.1722 0.3533
 89 E  -0.2556 -0.2678 -0.0644 -0.7733 -0.9644 1.0000 -0.6467
 90 F  0.4033 0.4144 0.4578 0.7178 -0.3022 0.1722 0.3533
 91 F  0.4033 0.4144 0.4578 0.7178 -0.3022 0.1722 0.3533
 92 L  0.2367 -0.0733 -0.0100 0.6622 -0.2067 0.7933 -0.0589
 93 P  0.2744 -1.0000 -0.3267 0.0611 -0.0111 -1.0000 0.1178
 94 D  -0.2367 -0.4633 -0.3122 -0.8522 -1.0000 -0.1722 -0.7056
 95 N  -0.2367 -0.3656 -0.2700 -0.7489 -0.0833 -0.4478 -0.5878
 96 E  -0.2556 -0.2678 -0.0644 -0.7733 -0.9644 1.0000 -0.6467
 97 E  -0.2556 -0.2678 -0.0644 -0.7733 -0.9644 1.0000 -0.6467
 98 G  -1.0000 -1.0000 -1.0000 -0.3800 -0.1989 -1.0000 -1.0000
 99 L  0.2367 -0.0733 -0.0100 0.6622 -0.2067 0.7933 -0.0589
 100 K  -0.0978 0.0733 0.1811 -0.9878 0.8078 0.3100 -0.2944
 101 I  1.0000 -0.0733 -0.0100 0.7244 -0.2067 0.1722 0.7644
 102 R  0.1167 0.4144 0.5178 -1.0000 1.0000 0.5867 -0.4122
 103 K  -0.0978 0.0733 0.1811 -0.9878 0.8078 0.3100 -0.2944
 104 Q  -0.2556 -0.1222 -0.0222 -0.5156 -0.3067 0.5867 -0.4122
 105 C  -0.1556 -0.3656 -0.3989 0.5644 -0.1267 -0.7244 0.5289
 106 A  -0.3889 -0.7556 -0.7522 -0.1900 -0.1889 1.0000 -0.5289
 107 L  0.2367 -0.0733 -0.0100 0.6622 -0.2067 0.7933 -0.0589
 108 A  -0.3889 -0.7556 -0.7522 -0.1900 -0.1889 1.0000 -0.5289
 109 A  -0.3889 -0.7556 -0.7522 -0.1900 -0.1889 1.0000 -0.5289
 110 L  0.2367 -0.0733 -0.0100 0.6622 -0.2067 0.7933 -0.0589
 111 N  -0.2367 -0.3656 -0.2700 -0.7489 -0.0833 -0.4478 -0.5878
 112 D  -0.2367 -0.4633 -0.3122 -0.8522 -1.0000 -0.1722 -0.7056
 113 V  0.7522 -0.3167 -0.2578 0.3678 -0.2122 -0.0344 1.0000
 114 R  0.1167 0.4144 0.5178 -1.0000 1.0000 0.5867 -0.4122
 115 K  -0.0978 0.0733 0.1811 -0.9878 0.8078 0.3100 -0.2944
 116 F  0.4033 0.4144 0.4578 0.7178 -0.3022 0.1722 0.3533
 117 L  0.2367 -0.0733 -0.0100 0.6622 -0.2067 0.7933 -0.0589
 118 S  -0.3744 -0.7078 -0.6044 -0.4044 -0.2944 -0.5178 -0.2356
 119 E  -0.2556 -0.2678 -0.0644 -0.7733 -0.9644 1.0000 -0.6467
 120 E  -0.2556 -0.2678 -0.0644 -0.7733 -0.9644 1.0000 -0.6467
 121 G  -1.0000 -1.0000 -1.0000 -0.3800 -0.1989 -1.0000 -1.0000
 122 G  -1.0000 -1.0000 -1.0000 -0.3800 -0.1989 -1.0000 -1.0000
 123 H  0.4267 0.1222 0.1533 -0.3011 0.2167 -0.0344 -0.1178
 124 V  0.7522 -0.3167 -0.2578 0.3678 -0.2122 -0.0344 1.0000
 125 A  -0.3889 -0.7556 -0.7522 -0.1900 -0.1889 1.0000 -0.5289
 126 V  0.7522 -0.3167 -0.2578 0.3678 -0.2122 -0.0344 1.0000
 127 F  0.4033 0.4144 0.4578 0.7178 -0.3022 0.1722 0.3533
 128 D  -0.2367 -0.4633 -0.3122 -0.8522 -1.0000 -0.1722 -0.7056
 129 A  -0.3889 -0.7556 -0.7522 -0.1900 -0.1889 1.0000 -0.5289
 130 T  0.4467 -0.4633 -0.3567 -0.2211 -0.3200 -0.4478 0.2356
 131 N  -0.2367 -0.3656 -0.2700 -0.7489 -0.0833 -0.4478 -0.5878
 132 T  0.4467 -0.4633 -0.3567 -0.2211 -0.3200 -0.4478 0.2356
 133 T  0.4467 -0.4633 -0.3567 -0.2211 -0.3200 -0.4478 0.2356
 134 R  0.1167 0.4144 0.5178 -1.0000 1.0000 0.5867 -0.4122
 135 E  -0.2556 -0.2678 -0.0644 -0.7733 -0.9644 1.0000 -0.6467
 136 R  0.1167 0.4144 0.5178 -1.0000 1.0000 0.5867 -0.4122
 137 R  0.1167 0.4144 0.5178 -1.0000 1.0000 0.5867 -0.4122
 138 A  -0.3889 -0.7556 -0.7522 -0.1900 -0.1889 1.0000 -0.5289
 139 M  0.1222 0.0733 0.0967 0.3744 -0.2911 0.7244 -0.0011
 140 I  1.0000 -0.0733 -0.0100 0.7244 -0.2067 0.1722 0.7644
 141 F  0.4033 0.4144 0.4578 0.7178 -0.3022 0.1722 0.3533
 142 N  -0.2367 -0.3656 -0.2700 -0.7489 -0.0833 -0.4478 -0.5878
 143 F  0.4033 0.4144 0.4578 0.7178 -0.3022 0.1722 0.3533
 144 G  -1.0000 -1.0000 -1.0000 -0.3800 -0.1989 -1.0000 -1.0000
 145 E  -0.2556 -0.2678 -0.0644 -0.7733 -0.9644 1.0000 -0.6467
 146 Q  -0.2556 -0.1222 -0.0222 -0.5156 -0.3067 0.5867 -0.4122
 147 N  -0.2367 -0.3656 -0.2700 -0.7489 -0.0833 -0.4478 -0.5878
 148 G  -1.0000 -1.0000 -1.0000 -0.3800 -0.1989 -1.0000 -1.0000
 149 Y  0.4033 0.4633 0.6011 0.2089 -0.3044 -0.1722 0.5289
 150 K  -0.0978 0.0733 0.1811 -0.9878 0.8078 0.3100 -0.2944
 151 T  0.4467 -0.4633 -0.3567 -0.2211 -0.3200 -0.4478 0.2356
 152 F  0.4033 0.4144 0.4578 0.7178 -0.3022 0.1722 0.3533
 153 F  0.4033 0.4144 0.4578 0.7178 -0.3022 0.1722 0.3533
 154 V  0.7522 -0.3167 -0.2578 0.3678 -0.2122 -0.0344 1.0000
 155 E  -0.2556 -0.2678 -0.0644 -0.7733 -0.9644 1.0000 -0.6467
 156 S  -0.3744 -0.7078 -0.6044 -0.4044 -0.2944 -0.5178 -0.2356
 157 I  1.0000 -0.0733 -0.0100 0.7244 -0.2067 0.1722 0.7644
 158 C  -0.1556 -0.3656 -0.3989 0.5644 -0.1267 -0.7244 0.5289
 159 V  0.7522 -0.3167 -0.2578 0.3678 -0.2122 -0.0344 1.0000
 160 D  -0.2367 -0.4633 -0.3122 -0.8522 -1.0000 -0.1722 -0.7056
 161 P  0.2744 -1.0000 -0.3267 0.0611 -0.0111 -1.0000 0.1178
 162 E  -0.2556 -0.2678 -0.0644 -0.7733 -0.9644 1.0000 -0.6467
 163 V  0.7522 -0.3167 -0.2578 0.3678 -0.2122 -0.0344 1.0000
 164 I  1.0000 -0.0733 -0.0100 0.7244 -0.2067 0.1722 0.7644
 165 A  -0.3889 -0.7556 -0.7522 -0.1900 -0.1889 1.0000 -0.5289
 166 A  -0.3889 -0.7556 -0.7522 -0.1900 -0.1889 1.0000 -0.5289
 167 N  -0.2367 -0.3656 -0.2700 -0.7489 -0.0833 -0.4478 -0.5878
 168 I  1.0000 -0.0733 -0.0100 0.7244 -0.2067 0.1722 0.7644
 169 V  0.7522 -0.3167 -0.2578 0.3678 -0.2122 -0.0344 1.0000
 170 Q  -0.2556 -0.1222 -0.0222 -0.5156 -0.3067 0.5867 -0.4122
 171 V  0.7522 -0.3167 -0.2578 0.3678 -0.2122 -0.0344 1.0000
 172 K  -0.0978 0.0733 0.1811 -0.9878 0.8078 0.3100 -0.2944
 173 L  0.2367 -0.0733 -0.0100 0.6622 -0.2067 0.7933 -0.0589
 174 G  -1.0000 -1.0000 -1.0000 -0.3800 -0.1989 -1.0000 -1.0000
 175 S  -0.3744 -0.7078 -0.6044 -0.4044 -0.2944 -0.5178 -0.2356
 176 P  0.2744 -1.0000 -0.3267 0.0611 -0.0111 -1.0000 0.1178
 177 D  -0.2367 -0.4633 -0.3122 -0.8522 -1.0000 -0.1722 -0.7056
 178 Y  0.4033 0.4633 0.6011 0.2089 -0.3044 -0.1722 0.5289
 179 V  0.7522 -0.3167 -0.2578 0.3678 -0.2122 -0.0344 1.0000
 180 N  -0.2367 -0.3656 -0.2700 -0.7489 -0.0833 -0.4478 -0.5878
 181 R  0.1167 0.4144 0.5178 -1.0000 1.0000 0.5867 -0.4122
 182 D  -0.2367 -0.4633 -0.3122 -0.8522 -1.0000 -0.1722 -0.7056
 183 S  -0.3744 -0.7078 -0.6044 -0.4044 -0.2944 -0.5178 -0.2356
 184 D  -0.2367 -0.4633 -0.3122 -0.8522 -1.0000 -0.1722 -0.7056
 185 E  -0.2556 -0.2678 -0.0644 -0.7733 -0.9644 1.0000 -0.6467
 186 A  -0.3889 -0.7556 -0.7522 -0.1900 -0.1889 1.0000 -0.5289
 187 T  0.4467 -0.4633 -0.3567 -0.2211 -0.3200 -0.4478 0.2356
 188 E  -0.2556 -0.2678 -0.0644 -0.7733 -0.9644 1.0000 -0.6467
 189 D  -0.2367 -0.4633 -0.3122 -0.8522 -1.0000 -0.1722 -0.7056
 190 F  0.4033 0.4144 0.4578 0.7178 -0.3022 0.1722 0.3533
 191 M  0.1222 0.0733 0.0967 0.3744 -0.2911 0.7244 -0.0011
 192 R  0.1167 0.4144 0.5178 -1.0000 1.0000 0.5867 -0.4122
 193 R  0.1167 0.4144 0.5178 -1.0000 1.0000 0.5867 -0.4122
 194 I  1.0000 -0.0733 -0.0100 0.7244 -0.2067 0.1722 0.7644
 195 E  -0.2556 -0.2678 -0.0644 -0.7733 -0.9644 1.0000 -0.6467
 196 C  -0.1556 -0.3656 -0.3989 0.5644 -0.1267 -0.7244 0.5289
 197 Y  0.4033 0.4633 0.6011 0.2089 -0.3044 -0.1722 0.5289
 198 E  -0.2556 -0.2678 -0.0644 -0.7733 -0.9644 1.0000 -0.6467
 199 N  -0.2367 -0.3656 -0.2700 -0.7489 -0.0833 -0.4478 -0.5878
 200 S  -0.3744 -0.7078 -0.6044 -0.4044 -0.2944 -0.5178 -0.2356
 201 Y  0.4033 0.4633 0.6011 0.2089 -0.3044 -0.1722 0.5289
 202 E  -0.2556 -0.2678 -0.0644 -0.7733 -0.9644 1.0000 -0.6467
 203 S  -0.3744 -0.7078 -0.6044 -0.4044 -0.2944 -0.5178 -0.2356
 204 L  0.2367 -0.0733 -0.0100 0.6622 -0.2067 0.7933 -0.0589
 205 D  -0.2367 -0.4633 -0.3122 -0.8522 -1.0000 -0.1722 -0.7056
 206 E  -0.2556 -0.2678 -0.0644 -0.7733 -0.9644 1.0000 -0.6467
 207 E  -0.2556 -0.2678 -0.0644 -0.7733 -0.9644 1.0000 -0.6467
 208 Q  -0.2556 -0.1222 -0.0222 -0.5156 -0.3067 0.5867 -0.4122
 209 D  -0.2367 -0.4633 -0.3122 -0.8522 -1.0000 -0.1722 -0.7056
 210 R  0.1167 0.4144 0.5178 -1.0000 1.0000 0.5867 -0.4122
 211 D  -0.2367 -0.4633 -0.3122 -0.8522 -1.0000 -0.1722 -0.7056
 212 L  0.2367 -0.0733 -0.0100 0.6622 -0.2067 0.7933 -0.0589
 213 S  -0.3744 -0.7078 -0.6044 -0.4044 -0.2944 -0.5178 -0.2356
 214 Y  0.4033 0.4633 0.6011 0.2089 -0.3044 -0.1722 0.5289
 215 I  1.0000 -0.0733 -0.0100 0.7244 -0.2067 0.1722 0.7644
 216 K  -0.0978 0.0733 0.1811 -0.9878 0.8078 0.3100 -0.2944
 217 I  1.0000 -0.0733 -0.0100 0.7244 -0.2067 0.1722 0.7644
 218 M  0.1222 0.0733 0.0967 0.3744 -0.2911 0.7244 -0.0011
 219 D  -0.2367 -0.4633 -0.3122 -0.8522 -1.0000 -0.1722 -0.7056
 220 V  0.7522 -0.3167 -0.2578 0.3678 -0.2122 -0.0344 1.0000
 221 G  -1.0000 -1.0000 -1.0000 -0.3800 -0.1989 -1.0000 -1.0000
 222 Q  -0.2556 -0.1222 -0.0222 -0.5156 -0.3067 0.5867 -0.4122
 223 S  -0.3744 -0.7078 -0.6044 -0.4044 -0.2944 -0.5178 -0.2356
 224 Y  0.4033 0.4633 0.6011 0.2089 -0.3044 -0.1722 0.5289
 225 V  0.7522 -0.3167 -0.2578 0.3678 -0.2122 -0.0344 1.0000
 226 V  0.7522 -0.3167 -0.2578 0.3678 -0.2122 -0.0344 1.0000
 227 N  -0.2367 -0.3656 -0.2700 -0.7489 -0.0833 -0.4478 -0.5878
 228 R  0.1167 0.4144 0.5178 -1.0000 1.0000 0.5867 -0.4122
 229 V  0.7522 -0.3167 -0.2578 0.3678 -0.2122 -0.0344 1.0000
 230 A  -0.3889 -0.7556 -0.7522 -0.1900 -0.1889 1.0000 -0.5289
 231 D  -0.2367 -0.4633 -0.3122 -0.8522 -1.0000 -0.1722 -0.7056
 232 H  0.4267 0.1222 0.1533 -0.3011 0.2167 -0.0344 -0.1178
 233 I  1.0000 -0.0733 -0.0100 0.7244 -0.2067 0.1722 0.7644
 234 Q  -0.2556 -0.1222 -0.0222 -0.5156 -0.3067 0.5867 -0.4122
 235 S  -0.3744 -0.7078 -0.6044 -0.4044 -0.2944 -0.5178 -0.2356
 236 R  0.1167 0.4144 0.5178 -1.0000 1.0000 0.5867 -0.4122
 237 I  1.0000 -0.0733 -0.0100 0.7244 -0.2067 0.1722 0.7644
 238 V  0.7522 -0.3167 -0.2578 0.3678 -0.2122 -0.0344 1.0000
 239 Y  0.4033 0.4633 0.6011 0.2089 -0.3044 -0.1722 0.5289
 240 Y  0.4033 0.4633 0.6011 0.2089 -0.3044 -0.1722 0.5289
 241 L  0.2367 -0.0733 -0.0100 0.6622 -0.2067 0.7933 -0.0589
 242 M  0.1222 0.0733 0.0967 0.3744 -0.2911 0.7244 -0.0011
 243 N  -0.2367 -0.3656 -0.2700 -0.7489 -0.0833 -0.4478 -0.5878
 244 I  1.0000 -0.0733 -0.0100 0.7244 -0.2067 0.1722 0.7644
 245 H  0.4267 0.1222 0.1533 -0.3011 0.2167 -0.0344 -0.1178
 246 V  0.7522 -0.3167 -0.2578 0.3678 -0.2122 -0.0344 1.0000
 247 T  0.4467 -0.4633 -0.3567 -0.2211 -0.3200 -0.4478 0.2356
 248 P  0.2744 -1.0000 -0.3267 0.0611 -0.0111 -1.0000 0.1178
 249 R  0.1167 0.4144 0.5178 -1.0000 1.0000 0.5867 -0.4122
 250 S  -0.3744 -0.7078 -0.6044 -0.4044 -0.2944 -0.5178 -0.2356
 251 I  1.0000 -0.0733 -0.0100 0.7244 -0.2067 0.1722 0.7644
 252 Y  0.4033 0.4633 0.6011 0.2089 -0.3044 -0.1722 0.5289
 253 L  0.2367 -0.0733 -0.0100 0.6622 -0.2067 0.7933 -0.0589
 254 C  -0.1556 -0.3656 -0.3989 0.5644 -0.1267 -0.7244 0.5289
 255 R  0.1167 0.4144 0.5178 -1.0000 1.0000 0.5867 -0.4122
 256 H  0.4267 0.1222 0.1533 -0.3011 0.2167 -0.0344 -0.1178
 257 G  -1.0000 -1.0000 -1.0000 -0.3800 -0.1989 -1.0000 -1.0000
 258 E  -0.2556 -0.2678 -0.0644 -0.7733 -0.9644 1.0000 -0.6467
 259 S  -0.3744 -0.7078 -0.6044 -0.4044 -0.2944 -0.5178 -0.2356
 260 E  -0.2556 -0.2678 -0.0644 -0.7733 -0.9644 1.0000 -0.6467
 261 L  0.2367 -0.0733 -0.0100 0.6622 -0.2067 0.7933 -0.0589
 262 N  -0.2367 -0.3656 -0.2700 -0.7489 -0.0833 -0.4478 -0.5878
 263 L  0.2367 -0.0733 -0.0100 0.6622 -0.2067 0.7933 -0.0589
 264 K  -0.0978 0.0733 0.1811 -0.9878 0.8078 0.3100 -0.2944
 265 G  -1.0000 -1.0000 -1.0000 -0.3800 -0.1989 -1.0000 -1.0000
 266 R  0.1167 0.4144 0.5178 -1.0000 1.0000 0.5867 -0.4122
 267 I  1.0000 -0.0733 -0.0100 0.7244 -0.2067 0.1722 0.7644
 268 G  -1.0000 -1.0000 -1.0000 -0.3800 -0.1989 -1.0000 -1.0000
 269 G  -1.0000 -1.0000 -1.0000 -0.3800 -0.1989 -1.0000 -1.0000
 270 D  -0.2367 -0.4633 -0.3122 -0.8522 -1.0000 -0.1722 -0.7056
 271 P  0.2744 -1.0000 -0.3267 0.0611 -0.0111 -1.0000 0.1178
 272 G  -1.0000 -1.0000 -1.0000 -0.3800 -0.1989 -1.0000 -1.0000
 273 L  0.2367 -0.0733 -0.0100 0.6622 -0.2067 0.7933 -0.0589
 274 S  -0.3744 -0.7078 -0.6044 -0.4044 -0.2944 -0.5178 -0.2356
 275 P  0.2744 -1.0000 -0.3267 0.0611 -0.0111 -1.0000 0.1178
 276 R  0.1167 0.4144 0.5178 -1.0000 1.0000 0.5867 -0.4122
 277 G  -1.0000 -1.0000 -1.0000 -0.3800 -0.1989 -1.0000 -1.0000
 278 R  0.1167 0.4144 0.5178 -1.0000 1.0000 0.5867 -0.4122
 279 E  -0.2556 -0.2678 -0.0644 -0.7733 -0.9644 1.0000 -0.6467
 280 F  0.4033 0.4144 0.4578 0.7178 -0.3022 0.1722 0.3533
 281 S  -0.3744 -0.7078 -0.6044 -0.4044 -0.2944 -0.5178 -0.2356
 282 K  -0.0978 0.0733 0.1811 -0.9878 0.8078 0.3100 -0.2944
 283 H  0.4267 0.1222 0.1533 -0.3011 0.2167 -0.0344 -0.1178
 284 L  0.2367 -0.0733 -0.0100 0.6622 -0.2067 0.7933 -0.0589
 285 A  -0.3889 -0.7556 -0.7522 -0.1900 -0.1889 1.0000 -0.5289
 286 Q  -0.2556 -0.1222 -0.0222 -0.5156 -0.3067 0.5867 -0.4122
 287 F  0.4033 0.4144 0.4578 0.7178 -0.3022 0.1722 0.3533
 288 I  1.0000 -0.0733 -0.0100 0.7244 -0.2067 0.1722 0.7644
 289 S  -0.3744 -0.7078 -0.6044 -0.4044 -0.2944 -0.5178 -0.2356
 290 D  -0.2367 -0.4633 -0.3122 -0.8522 -1.0000 -0.1722 -0.7056
 291 Q  -0.2556 -0.1222 -0.0222 -0.5156 -0.3067 0.5867 -0.4122
 292 N  -0.2367 -0.3656 -0.2700 -0.7489 -0.0833 -0.4478 -0.5878
 293 I  1.0000 -0.0733 -0.0100 0.7244 -0.2067 0.1722 0.7644
 294 K  -0.0978 0.0733 0.1811 -0.9878 0.8078 0.3100 -0.2944
 295 D  -0.2367 -0.4633 -0.3122 -0.8522 -1.0000 -0.1722 -0.7056
 296 L  0.2367 -0.0733 -0.0100 0.6622 -0.2067 0.7933 -0.0589
 297 K  -0.0978 0.0733 0.1811 -0.9878 0.8078 0.3100 -0.2944
 298 V  0.7522 -0.3167 -0.2578 0.3678 -0.2122 -0.0344 1.0000
 299 F  0.4033 0.4144 0.4578 0.7178 -0.3022 0.1722 0.3533
 300 T  0.4467 -0.4633 -0.3567 -0.2211 -0.3200 -0.4478 0.2356
 301 S  -0.3744 -0.7078 -0.6044 -0.4044 -0.2944 -0.5178 -0.2356
 302 Q  -0.2556 -0.1222 -0.0222 -0.5156 -0.3067 0.5867 -0.4122
 303 M  0.1222 0.0733 0.0967 0.3744 -0.2911 0.7244 -0.0011
 304 K  -0.0978 0.0733 0.1811 -0.9878 0.8078 0.3100 -0.2944
 305 R  0.1167 0.4144 0.5178 -1.0000 1.0000 0.5867 -0.4122
 306 T  0.4467 -0.4633 -0.3567 -0.2211 -0.3200 -0.4478 0.2356
 307 I  1.0000 -0.0733 -0.0100 0.7244 -0.2067 0.1722 0.7644
 308 Q  -0.2556 -0.1222 -0.0222 -0.5156 -0.3067 0.5867 -0.4122
 309 T  0.4467 -0.4633 -0.3567 -0.2211 -0.3200 -0.4478 0.2356
 310 A  -0.3889 -0.7556 -0.7522 -0.1900 -0.1889 1.0000 -0.5289
 311 E  -0.2556 -0.2678 -0.0644 -0.7733 -0.9644 1.0000 -0.6467
 312 A  -0.3889 -0.7556 -0.7522 -0.1900 -0.1889 1.0000 -0.5289
 313 L  0.2367 -0.0733 -0.0100 0.6622 -0.2067 0.7933 -0.0589
 314 S  -0.3744 -0.7078 -0.6044 -0.4044 -0.2944 -0.5178 -0.2356
 315 V  0.7522 -0.3167 -0.2578 0.3678 -0.2122 -0.0344 1.0000
 316 P  0.2744 -1.0000 -0.3267 0.0611 -0.0111 -1.0000 0.1178
 317 Y  0.4033 0.4633 0.6011 0.2089 -0.3044 -0.1722 0.5289
 318 E  -0.2556 -0.2678 -0.0644 -0.7733 -0.9644 1.0000 -0.6467
 319 Q  -0.2556 -0.1222 -0.0222 -0.5156 -0.3067 0.5867 -0.4122
 320 F  0.4033 0.4144 0.4578 0.7178 -0.3022 0.1722 0.3533
 321 K  -0.0978 0.0733 0.1811 -0.9878 0.8078 0.3100 -0.2944
 322 V  0.7522 -0.3167 -0.2578 0.3678 -0.2122 -0.0344 1.0000
 323 L  0.2367 -0.0733 -0.0100 0.6622 -0.2067 0.7933 -0.0589
 324 N  -0.2367 -0.3656 -0.2700 -0.7489 -0.0833 -0.4478 -0.5878
 325 E  -0.2556 -0.2678 -0.0644 -0.7733 -0.9644 1.0000 -0.6467
 326 I  1.0000 -0.0733 -0.0100 0.7244 -0.2067 0.1722 0.7644
 327 D  -0.2367 -0.4633 -0.3122 -0.8522 -1.0000 -0.1722 -0.7056
 328 A  -0.3889 -0.7556 -0.7522 -0.1900 -0.1889 1.0000 -0.5289
 329 G  -1.0000 -1.0000 -1.0000 -0.3800 -0.1989 -1.0000 -1.0000
 330 V  0.7522 -0.3167 -0.2578 0.3678 -0.2122 -0.0344 1.0000
 331 C  -0.1556 -0.3656 -0.3989 0.5644 -0.1267 -0.7244 0.5289
 332 E  -0.2556 -0.2678 -0.0644 -0.7733 -0.9644 1.0000 -0.6467
 333 E  -0.2556 -0.2678 -0.0644 -0.7733 -0.9644 1.0000 -0.6467
 334 M  0.1222 0.0733 0.0967 0.3744 -0.2911 0.7244 -0.0011
 335 T  0.4467 -0.4633 -0.3567 -0.2211 -0.3200 -0.4478 0.2356
 336 Y  0.4033 0.4633 0.6011 0.2089 -0.3044 -0.1722 0.5289
 337 E  -0.2556 -0.2678 -0.0644 -0.7733 -0.9644 1.0000 -0.6467
 338 E  -0.2556 -0.2678 -0.0644 -0.7733 -0.9644 1.0000 -0.6467
 339 I  1.0000 -0.0733 -0.0100 0.7244 -0.2067 0.1722 0.7644
 340 Q  -0.2556 -0.1222 -0.0222 -0.5156 -0.3067 0.5867 -0.4122
 341 D  -0.2367 -0.4633 -0.3122 -0.8522 -1.0000 -0.1722 -0.7056
 342 H  0.4267 0.1222 0.1533 -0.3011 0.2167 -0.0344 -0.1178
 343 Y  0.4033 0.4633 0.6011 0.2089 -0.3044 -0.1722 0.5289
 344 P  0.2744 -1.0000 -0.3267 0.0611 -0.0111 -1.0000 0.1178
 345 L  0.2367 -0.0733 -0.0100 0.6622 -0.2067 0.7933 -0.0589
 346 E  -0.2556 -0.2678 -0.0644 -0.7733 -0.9644 1.0000 -0.6467
 347 F  0.4033 0.4144 0.4578 0.7178 -0.3022 0.1722 0.3533
 348 A  -0.3889 -0.7556 -0.7522 -0.1900 -0.1889 1.0000 -0.5289
 349 L  0.2367 -0.0733 -0.0100 0.6622 -0.2067 0.7933 -0.0589
 350 R  0.1167 0.4144 0.5178 -1.0000 1.0000 0.5867 -0.4122
 351 D  -0.2367 -0.4633 -0.3122 -0.8522 -1.0000 -0.1722 -0.7056
 352 Q  -0.2556 -0.1222 -0.0222 -0.5156 -0.3067 0.5867 -0.4122
 353 D  -0.2367 -0.4633 -0.3122 -0.8522 -1.0000 -0.1722 -0.7056
 354 K  -0.0978 0.0733 0.1811 -0.9878 0.8078 0.3100 -0.2944
 355 Y  0.4033 0.4633 0.6011 0.2089 -0.3044 -0.1722 0.5289
 356 R  0.1167 0.4144 0.5178 -1.0000 1.0000 0.5867 -0.4122
 357 Y  0.4033 0.4633 0.6011 0.2089 -0.3044 -0.1722 0.5289
 358 R  0.1167 0.4144 0.5178 -1.0000 1.0000 0.5867 -0.4122
 359 Y  0.4033 0.4633 0.6011 0.2089 -0.3044 -0.1722 0.5289
 360 P  0.2744 -1.0000 -0.3267 0.0611 -0.0111 -1.0000 0.1178
 361 K  -0.0978 0.0733 0.1811 -0.9878 0.8078 0.3100 -0.2944
 362 G  -1.0000 -1.0000 -1.0000 -0.3800 -0.1989 -1.0000 -1.0000
 363 E  -0.2556 -0.2678 -0.0644 -0.7733 -0.9644 1.0000 -0.6467
 364 S  -0.3744 -0.7078 -0.6044 -0.4044 -0.2944 -0.5178 -0.2356
 365 Y  0.4033 0.4633 0.6011 0.2089 -0.3044 -0.1722 0.5289
 366 E  -0.2556 -0.2678 -0.0644 -0.7733 -0.9644 1.0000 -0.6467
 367 D  -0.2367 -0.4633 -0.3122 -0.8522 -1.0000 -0.1722 -0.7056
 368 L  0.2367 -0.0733 -0.0100 0.6622 -0.2067 0.7933 -0.0589
 369 V  0.7522 -0.3167 -0.2578 0.3678 -0.2122 -0.0344 1.0000
 370 Q  -0.2556 -0.1222 -0.0222 -0.5156 -0.3067 0.5867 -0.4122
 371 R  0.1167 0.4144 0.5178 -1.0000 1.0000 0.5867 -0.4122
 372 L  0.2367 -0.0733 -0.0100 0.6622 -0.2067 0.7933 -0.0589
 373 E  -0.2556 -0.2678 -0.0644 -0.7733 -0.9644 1.0000 -0.6467
 374 P  0.2744 -1.0000 -0.3267 0.0611 -0.0111 -1.0000 0.1178
 375 V  0.7522 -0.3167 -0.2578 0.3678 -0.2122 -0.0344 1.0000
 376 I  1.0000 -0.0733 -0.0100 0.7244 -0.2067 0.1722 0.7644
 377 M  0.1222 0.0733 0.0967 0.3744 -0.2911 0.7244 -0.0011
 378 E  -0.2556 -0.2678 -0.0644 -0.7733 -0.9644 1.0000 -0.6467
 379 L  0.2367 -0.0733 -0.0100 0.6622 -0.2067 0.7933 -0.0589
 380 E  -0.2556 -0.2678 -0.0644 -0.7733 -0.9644 1.0000 -0.6467
 381 R  0.1167 0.4144 0.5178 -1.0000 1.0000 0.5867 -0.4122
 382 Q  -0.2556 -0.1222 -0.0222 -0.5156 -0.3067 0.5867 -0.4122
 383 E  -0.2556 -0.2678 -0.0644 -0.7733 -0.9644 1.0000 -0.6467
 384 N  -0.2367 -0.3656 -0.2700 -0.7489 -0.0833 -0.4478 -0.5878
 385 V  0.7522 -0.3167 -0.2578 0.3678 -0.2122 -0.0344 1.0000
 386 L  0.2367 -0.0733 -0.0100 0.6622 -0.2067 0.7933 -0.0589
 387 V  0.7522 -0.3167 -0.2578 0.3678 -0.2122 -0.0344 1.0000
 388 I  1.0000 -0.0733 -0.0100 0.7244 -0.2067 0.1722 0.7644
 389 C  -0.1556 -0.3656 -0.3989 0.5644 -0.1267 -0.7244 0.5289
 390 H  0.4267 0.1222 0.1533 -0.3011 0.2167 -0.0344 -0.1178
 391 Q  -0.2556 -0.1222 -0.0222 -0.5156 -0.3067 0.5867 -0.4122
 392 A  -0.3889 -0.7556 -0.7522 -0.1900 -0.1889 1.0000 -0.5289
 393 V  0.7522 -0.3167 -0.2578 0.3678 -0.2122 -0.0344 1.0000
 394 M  0.1222 0.0733 0.0967 0.3744 -0.2911 0.7244 -0.0011
 395 R  0.1167 0.4144 0.5178 -1.0000 1.0000 0.5867 -0.4122
 396 C  -0.1556 -0.3656 -0.3989 0.5644 -0.1267 -0.7244 0.5289
 397 L  0.2367 -0.0733 -0.0100 0.6622 -0.2067 0.7933 -0.0589
 398 L  0.2367 -0.0733 -0.0100 0.6622 -0.2067 0.7933 -0.0589
 399 A  -0.3889 -0.7556 -0.7522 -0.1900 -0.1889 1.0000 -0.5289
 400 Y  0.4033 0.4633 0.6011 0.2089 -0.3044 -0.1722 0.5289
 401 F  0.4033 0.4144 0.4578 0.7178 -0.3022 0.1722 0.3533
 402 L  0.2367 -0.0733 -0.0100 0.6622 -0.2067 0.7933 -0.0589
 403 D  -0.2367 -0.4633 -0.3122 -0.8522 -1.0000 -0.1722 -0.7056
 404 K  -0.0978 0.0733 0.1811 -0.9878 0.8078 0.3100 -0.2944
 405 A  -0.3889 -0.7556 -0.7522 -0.1900 -0.1889 1.0000 -0.5289
 406 A  -0.3889 -0.7556 -0.7522 -0.1900 -0.1889 1.0000 -0.5289
 407 E  -0.2556 -0.2678 -0.0644 -0.7733 -0.9644 1.0000 -0.6467
 408 E  -0.2556 -0.2678 -0.0644 -0.7733 -0.9644 1.0000 -0.6467
 409 L  0.2367 -0.0733 -0.0100 0.6622 -0.2067 0.7933 -0.0589
 410 P  0.2744 -1.0000 -0.3267 0.0611 -0.0111 -1.0000 0.1178
 411 Y  0.4033 0.4633 0.6011 0.2089 -0.3044 -0.1722 0.5289
 412 L  0.2367 -0.0733 -0.0100 0.6622 -0.2067 0.7933 -0.0589
 413 K  -0.0978 0.0733 0.1811 -0.9878 0.8078 0.3100 -0.2944
 414 C  -0.1556 -0.3656 -0.3989 0.5644 -0.1267 -0.7244 0.5289
 415 P  0.2744 -1.0000 -0.3267 0.0611 -0.0111 -1.0000 0.1178
 416 L  0.2367 -0.0733 -0.0100 0.6622 -0.2067 0.7933 -0.0589
 417 H  0.4267 0.1222 0.1533 -0.3011 0.2167 -0.0344 -0.1178
 418 T  0.4467 -0.4633 -0.3567 -0.2211 -0.3200 -0.4478 0.2356
 419 V  0.7522 -0.3167 -0.2578 0.3678 -0.2122 -0.0344 1.0000
 420 L  0.2367 -0.0733 -0.0100 0.6622 -0.2067 0.7933 -0.0589
 421 K  -0.0978 0.0733 0.1811 -0.9878 0.8078 0.3100 -0.2944
 422 L  0.2367 -0.0733 -0.0100 0.6622 -0.2067 0.7933 -0.0589
 423 T  0.4467 -0.4633 -0.3567 -0.2211 -0.3200 -0.4478 0.2356
 424 P  0.2744 -1.0000 -0.3267 0.0611 -0.0111 -1.0000 0.1178
 425 V  0.7522 -0.3167 -0.2578 0.3678 -0.2122 -0.0344 1.0000
 426 A  -0.3889 -0.7556 -0.7522 -0.1900 -0.1889 1.0000 -0.5289
 427 Y  0.4033 0.4633 0.6011 0.2089 -0.3044 -0.1722 0.5289
 428 G  -1.0000 -1.0000 -1.0000 -0.3800 -0.1989 -1.0000 -1.0000
 429 C  -0.1556 -0.3656 -0.3989 0.5644 -0.1267 -0.7244 0.5289
 430 K  -0.0978 0.0733 0.1811 -0.9878 0.8078 0.3100 -0.2944
 431 V  0.7522 -0.3167 -0.2578 0.3678 -0.2122 -0.0344 1.0000
 432 E  -0.2556 -0.2678 -0.0644 -0.7733 -0.9644 1.0000 -0.6467
 433 S  -0.3744 -0.7078 -0.6044 -0.4044 -0.2944 -0.5178 -0.2356
 434 I  1.0000 -0.0733 -0.0100 0.7244 -0.2067 0.1722 0.7644
 435 F  0.4033 0.4144 0.4578 0.7178 -0.3022 0.1722 0.3533
 436 L  0.2367 -0.0733 -0.0100 0.6622 -0.2067 0.7933 -0.0589
 437 N  -0.2367 -0.3656 -0.2700 -0.7489 -0.0833 -0.4478 -0.5878
 438 V  0.7522 -0.3167 -0.2578 0.3678 -0.2122 -0.0344 1.0000
 439 A  -0.3889 -0.7556 -0.7522 -0.1900 -0.1889 1.0000 -0.5289
 440 A  -0.3889 -0.7556 -0.7522 -0.1900 -0.1889 1.0000 -0.5289
 441 V  0.7522 -0.3167 -0.2578 0.3678 -0.2122 -0.0344 1.0000
 442 N  -0.2367 -0.3656 -0.2700 -0.7489 -0.0833 -0.4478 -0.5878
 443 T  0.4467 -0.4633 -0.3567 -0.2211 -0.3200 -0.4478 0.2356
 444 H  0.4267 0.1222 0.1533 -0.3011 0.2167 -0.0344 -0.1178
 445 R  0.1167 0.4144 0.5178 -1.0000 1.0000 0.5867 -0.4122
 446 D  -0.2367 -0.4633 -0.3122 -0.8522 -1.0000 -0.1722 -0.7056
 447 R  0.1167 0.4144 0.5178 -1.0000 1.0000 0.5867 -0.4122
 448 P  0.2744 -1.0000 -0.3267 0.0611 -0.0111 -1.0000 0.1178
 449 Q  -0.2556 -0.1222 -0.0222 -0.5156 -0.3067 0.5867 -0.4122
 450 N  -0.2367 -0.3656 -0.2700 -0.7489 -0.0833 -0.4478 -0.5878
 451 V  0.7522 -0.3167 -0.2578 0.3678 -0.2122 -0.0344 1.0000
 452 D  -0.2367 -0.4633 -0.3122 -0.8522 -1.0000 -0.1722 -0.7056
 453 I  1.0000 -0.0733 -0.0100 0.7244 -0.2067 0.1722 0.7644
 454 S  -0.3744 -0.7078 -0.6044 -0.4044 -0.2944 -0.5178 -0.2356
 455 R  0.1167 0.4144 0.5178 -1.0000 1.0000 0.5867 -0.4122
 456 P  0.2744 -1.0000 -0.3267 0.0611 -0.0111 -1.0000 0.1178
 457 S  -0.3744 -0.7078 -0.6044 -0.4044 -0.2944 -0.5178 -0.2356
 458 E  -0.2556 -0.2678 -0.0644 -0.7733 -0.9644 1.0000 -0.6467
 459 E  -0.2556 -0.2678 -0.0644 -0.7733 -0.9644 1.0000 -0.6467
 460 A  -0.3889 -0.7556 -0.7522 -0.1900 -0.1889 1.0000 -0.5289
 461 L  0.2367 -0.0733 -0.0100 0.6622 -0.2067 0.7933 -0.0589
 462 V  0.7522 -0.3167 -0.2578 0.3678 -0.2122 -0.0344 1.0000
 463 T  0.4467 -0.4633 -0.3567 -0.2211 -0.3200 -0.4478 0.2356
 464 V  0.7522 -0.3167 -0.2578 0.3678 -0.2122 -0.0344 1.0000
 465 P  0.2744 -1.0000 -0.3267 0.0611 -0.0111 -1.0000 0.1178
 466 A  -0.3889 -0.7556 -0.7522 -0.1900 -0.1889 1.0000 -0.5289
 467 H  0.4267 0.1222 0.1533 -0.3011 0.2167 -0.0344 -0.1178
 468 Q  -0.2556 -0.1222 -0.0222 -0.5156 -0.3067 0.5867 -0.4122
