 181 N  -0.2367 -0.3656 -0.2700 -0.7489 -0.0833 -0.4478 -0.5878
 182 E  -0.2556 -0.2678 -0.0644 -0.7733 -0.9644 1.0000 -0.6467
 183 K  -0.0978 0.0733 0.1811 -0.9878 0.8078 0.3100 -0.2944
 184 L  0.2367 -0.0733 -0.0100 0.6622 -0.2067 0.7933 -0.0589
 185 A  -0.3889 -0.7556 -0.7522 -0.1900 -0.1889 1.0000 -0.5289
 186 K  -0.0978 0.0733 0.1811 -0.9878 0.8078 0.3100 -0.2944
 187 K  -0.0978 0.0733 0.1811 -0.9878 0.8078 0.3100 -0.2944
 188 K  -0.0978 0.0733 0.1811 -0.9878 0.8078 0.3100 -0.2944
 189 I  1.0000 -0.0733 -0.0100 0.7244 -0.2067 0.1722 0.7644
 190 V  0.7522 -0.3167 -0.2578 0.3678 -0.2122 -0.0344 1.0000
 191 S  -0.3744 -0.7078 -0.6044 -0.4044 -0.2944 -0.5178 -0.2356
 192 I  1.0000 -0.0733 -0.0100 0.7244 -0.2067 0.1722 0.7644
 193 D  -0.2367 -0.4633 -0.3122 -0.8522 -1.0000 -0.1722 -0.7056
 194 A  -0.3889 -0.7556 -0.7522 -0.1900 -0.1889 1.0000 -0.5289
 195 G  -1.0000 -1.0000 -1.0000 -0.3800 -0.1989 -1.0000 -1.0000
 196 R  0.1167 0.4144 0.5178 -1.0000 1.0000 0.5867 -0.4122
 197 K  -0.0978 0.0733 0.1811 -0.9878 0.8078 0.3100 -0.2944
 198 Y  0.4033 0.4633 0.6011 0.2089 -0.3044 -0.1722 0.5289
 199 F  0.4033 0.4144 0.4578 0.7178 -0.3022 0.1722 0.3533
 200 S  -0.3744 -0.7078 -0.6044 -0.4044 -0.2944 -0.5178 -0.2356
 201 P  0.2744 -1.0000 -0.3267 0.0611 -0.0111 -1.0000 0.1178
 202 E  -0.2556 -0.2678 -0.0644 -0.7733 -0.9644 1.0000 -0.6467
 203 Q  -0.2556 -0.1222 -0.0222 -0.5156 -0.3067 0.5867 -0.4122
 204 L  0.2367 -0.0733 -0.0100 0.6622 -0.2067 0.7933 -0.0589
 205 K  -0.0978 0.0733 0.1811 -0.9878 0.8078 0.3100 -0.2944
 206 E  -0.2556 -0.2678 -0.0644 -0.7733 -0.9644 1.0000 -0.6467
 207 I  1.0000 -0.0733 -0.0100 0.7244 -0.2067 0.1722 0.7644
 208 I  1.0000 -0.0733 -0.0100 0.7244 -0.2067 0.1722 0.7644
 209 D  -0.2367 -0.4633 -0.3122 -0.8522 -1.0000 -0.1722 -0.7056
 210 K  -0.0978 0.0733 0.1811 -0.9878 0.8078 0.3100 -0.2944
 211 A  -0.3889 -0.7556 -0.7522 -0.1900 -0.1889 1.0000 -0.5289
 212 K  -0.0978 0.0733 0.1811 -0.9878 0.8078 0.3100 -0.2944
 213 H  0.4267 0.1222 0.1533 -0.3011 0.2167 -0.0344 -0.1178
 214 Y  0.4033 0.4633 0.6011 0.2089 -0.3044 -0.1722 0.5289
 215 G  -1.0000 -1.0000 -1.0000 -0.3800 -0.1989 -1.0000 -1.0000
 216 Y  0.4033 0.4633 0.6011 0.2089 -0.3044 -0.1722 0.5289
 217 T  0.4467 -0.4633 -0.3567 -0.2211 -0.3200 -0.4478 0.2356
 218 D  -0.2367 -0.4633 -0.3122 -0.8522 -1.0000 -0.1722 -0.7056
 219 L  0.2367 -0.0733 -0.0100 0.6622 -0.2067 0.7933 -0.0589
 220 H  0.4267 0.1222 0.1533 -0.3011 0.2167 -0.0344 -0.1178
 221 L  0.2367 -0.0733 -0.0100 0.6622 -0.2067 0.7933 -0.0589
 222 L  0.2367 -0.0733 -0.0100 0.6622 -0.2067 0.7933 -0.0589
 223 V  0.7522 -0.3167 -0.2578 0.3678 -0.2122 -0.0344 1.0000
 224 G  -1.0000 -1.0000 -1.0000 -0.3800 -0.1989 -1.0000 -1.0000
 225 N  -0.2367 -0.3656 -0.2700 -0.7489 -0.0833 -0.4478 -0.5878
 226 D  -0.2367 -0.4633 -0.3122 -0.8522 -1.0000 -0.1722 -0.7056
 227 G  -1.0000 -1.0000 -1.0000 -0.3800 -0.1989 -1.0000 -1.0000
 228 L  0.2367 -0.0733 -0.0100 0.6622 -0.2067 0.7933 -0.0589
 229 R  0.1167 0.4144 0.5178 -1.0000 1.0000 0.5867 -0.4122
 230 F  0.4033 0.4144 0.4578 0.7178 -0.3022 0.1722 0.3533
 231 M  0.1222 0.0733 0.0967 0.3744 -0.2911 0.7244 -0.0011
 232 L  0.2367 -0.0733 -0.0100 0.6622 -0.2067 0.7933 -0.0589
 233 D  -0.2367 -0.4633 -0.3122 -0.8522 -1.0000 -0.1722 -0.7056
 234 D  -0.2367 -0.4633 -0.3122 -0.8522 -1.0000 -0.1722 -0.7056
 235 M  0.1222 0.0733 0.0967 0.3744 -0.2911 0.7244 -0.0011
 236 S  -0.3744 -0.7078 -0.6044 -0.4044 -0.2944 -0.5178 -0.2356
 237 I  1.0000 -0.0733 -0.0100 0.7244 -0.2067 0.1722 0.7644
 238 T  0.4467 -0.4633 -0.3567 -0.2211 -0.3200 -0.4478 0.2356
 239 A  -0.3889 -0.7556 -0.7522 -0.1900 -0.1889 1.0000 -0.5289
 240 N  -0.2367 -0.3656 -0.2700 -0.7489 -0.0833 -0.4478 -0.5878
 241 G  -1.0000 -1.0000 -1.0000 -0.3800 -0.1989 -1.0000 -1.0000
 242 K  -0.0978 0.0733 0.1811 -0.9878 0.8078 0.3100 -0.2944
 243 T  0.4467 -0.4633 -0.3567 -0.2211 -0.3200 -0.4478 0.2356
 244 Y  0.4033 0.4633 0.6011 0.2089 -0.3044 -0.1722 0.5289
 245 A  -0.3889 -0.7556 -0.7522 -0.1900 -0.1889 1.0000 -0.5289
 246 S  -0.3744 -0.7078 -0.6044 -0.4044 -0.2944 -0.5178 -0.2356
 247 D  -0.2367 -0.4633 -0.3122 -0.8522 -1.0000 -0.1722 -0.7056
 248 D  -0.2367 -0.4633 -0.3122 -0.8522 -1.0000 -0.1722 -0.7056
 249 V  0.7522 -0.3167 -0.2578 0.3678 -0.2122 -0.0344 1.0000
 250 K  -0.0978 0.0733 0.1811 -0.9878 0.8078 0.3100 -0.2944
 251 R  0.1167 0.4144 0.5178 -1.0000 1.0000 0.5867 -0.4122
 252 A  -0.3889 -0.7556 -0.7522 -0.1900 -0.1889 1.0000 -0.5289
 253 I  1.0000 -0.0733 -0.0100 0.7244 -0.2067 0.1722 0.7644
 254 E  -0.2556 -0.2678 -0.0644 -0.7733 -0.9644 1.0000 -0.6467
 255 K  -0.0978 0.0733 0.1811 -0.9878 0.8078 0.3100 -0.2944
 256 G  -1.0000 -1.0000 -1.0000 -0.3800 -0.1989 -1.0000 -1.0000
 257 T  0.4467 -0.4633 -0.3567 -0.2211 -0.3200 -0.4478 0.2356
 258 N  -0.2367 -0.3656 -0.2700 -0.7489 -0.0833 -0.4478 -0.5878
 259 D  -0.2367 -0.4633 -0.3122 -0.8522 -1.0000 -0.1722 -0.7056
 260 Y  0.4033 0.4633 0.6011 0.2089 -0.3044 -0.1722 0.5289
 261 Y  0.4033 0.4633 0.6011 0.2089 -0.3044 -0.1722 0.5289
 262 N  -0.2367 -0.3656 -0.2700 -0.7489 -0.0833 -0.4478 -0.5878
 263 D  -0.2367 -0.4633 -0.3122 -0.8522 -1.0000 -0.1722 -0.7056
 264 P  0.2744 -1.0000 -0.3267 0.0611 -0.0111 -1.0000 0.1178
 265 N  -0.2367 -0.3656 -0.2700 -0.7489 -0.0833 -0.4478 -0.5878
 266 G  -1.0000 -1.0000 -1.0000 -0.3800 -0.1989 -1.0000 -1.0000
 267 N  -0.2367 -0.3656 -0.2700 -0.7489 -0.0833 -0.4478 -0.5878
 268 H  0.4267 0.1222 0.1533 -0.3011 0.2167 -0.0344 -0.1178
 269 L  0.2367 -0.0733 -0.0100 0.6622 -0.2067 0.7933 -0.0589
 270 T  0.4467 -0.4633 -0.3567 -0.2211 -0.3200 -0.4478 0.2356
 271 E  -0.2556 -0.2678 -0.0644 -0.7733 -0.9644 1.0000 -0.6467
 272 S  -0.3744 -0.7078 -0.6044 -0.4044 -0.2944 -0.5178 -0.2356
 273 Q  -0.2556 -0.1222 -0.0222 -0.5156 -0.3067 0.5867 -0.4122
 274 M  0.1222 0.0733 0.0967 0.3744 -0.2911 0.7244 -0.0011
 275 T  0.4467 -0.4633 -0.3567 -0.2211 -0.3200 -0.4478 0.2356
 276 D  -0.2367 -0.4633 -0.3122 -0.8522 -1.0000 -0.1722 -0.7056
 277 L  0.2367 -0.0733 -0.0100 0.6622 -0.2067 0.7933 -0.0589
 278 I  1.0000 -0.0733 -0.0100 0.7244 -0.2067 0.1722 0.7644
 279 N  -0.2367 -0.3656 -0.2700 -0.7489 -0.0833 -0.4478 -0.5878
 280 Y  0.4033 0.4633 0.6011 0.2089 -0.3044 -0.1722 0.5289
 281 A  -0.3889 -0.7556 -0.7522 -0.1900 -0.1889 1.0000 -0.5289
 282 K  -0.0978 0.0733 0.1811 -0.9878 0.8078 0.3100 -0.2944
 283 D  -0.2367 -0.4633 -0.3122 -0.8522 -1.0000 -0.1722 -0.7056
 284 K  -0.0978 0.0733 0.1811 -0.9878 0.8078 0.3100 -0.2944
 285 G  -1.0000 -1.0000 -1.0000 -0.3800 -0.1989 -1.0000 -1.0000
 286 I  1.0000 -0.0733 -0.0100 0.7244 -0.2067 0.1722 0.7644
 287 G  -1.0000 -1.0000 -1.0000 -0.3800 -0.1989 -1.0000 -1.0000
 288 L  0.2367 -0.0733 -0.0100 0.6622 -0.2067 0.7933 -0.0589
 289 I  1.0000 -0.0733 -0.0100 0.7244 -0.2067 0.1722 0.7644
 290 P  0.2744 -1.0000 -0.3267 0.0611 -0.0111 -1.0000 0.1178
 291 T  0.4467 -0.4633 -0.3567 -0.2211 -0.3200 -0.4478 0.2356
 292 V  0.7522 -0.3167 -0.2578 0.3678 -0.2122 -0.0344 1.0000
 293 N  -0.2367 -0.3656 -0.2700 -0.7489 -0.0833 -0.4478 -0.5878
 294 S  -0.3744 -0.7078 -0.6044 -0.4044 -0.2944 -0.5178 -0.2356
 295 P  0.2744 -1.0000 -0.3267 0.0611 -0.0111 -1.0000 0.1178
 296 G  -1.0000 -1.0000 -1.0000 -0.3800 -0.1989 -1.0000 -1.0000
 297 H  0.4267 0.1222 0.1533 -0.3011 0.2167 -0.0344 -0.1178
 298 M  0.1222 0.0733 0.0967 0.3744 -0.2911 0.7244 -0.0011
 299 D  -0.2367 -0.4633 -0.3122 -0.8522 -1.0000 -0.1722 -0.7056
 300 A  -0.3889 -0.7556 -0.7522 -0.1900 -0.1889 1.0000 -0.5289
 301 I  1.0000 -0.0733 -0.0100 0.7244 -0.2067 0.1722 0.7644
 302 L  0.2367 -0.0733 -0.0100 0.6622 -0.2067 0.7933 -0.0589
 303 N  -0.2367 -0.3656 -0.2700 -0.7489 -0.0833 -0.4478 -0.5878
 304 A  -0.3889 -0.7556 -0.7522 -0.1900 -0.1889 1.0000 -0.5289
 305 M  0.1222 0.0733 0.0967 0.3744 -0.2911 0.7244 -0.0011
 306 K  -0.0978 0.0733 0.1811 -0.9878 0.8078 0.3100 -0.2944
 307 E  -0.2556 -0.2678 -0.0644 -0.7733 -0.9644 1.0000 -0.6467
 308 L  0.2367 -0.0733 -0.0100 0.6622 -0.2067 0.7933 -0.0589
 309 G  -1.0000 -1.0000 -1.0000 -0.3800 -0.1989 -1.0000 -1.0000
 310 I  1.0000 -0.0733 -0.0100 0.7244 -0.2067 0.1722 0.7644
 311 Q  -0.2556 -0.1222 -0.0222 -0.5156 -0.3067 0.5867 -0.4122
 312 N  -0.2367 -0.3656 -0.2700 -0.7489 -0.0833 -0.4478 -0.5878
 313 P  0.2744 -1.0000 -0.3267 0.0611 -0.0111 -1.0000 0.1178
 314 N  -0.2367 -0.3656 -0.2700 -0.7489 -0.0833 -0.4478 -0.5878
 315 F  0.4033 0.4144 0.4578 0.7178 -0.3022 0.1722 0.3533
 316 S  -0.3744 -0.7078 -0.6044 -0.4044 -0.2944 -0.5178 -0.2356
 317 Y  0.4033 0.4633 0.6011 0.2089 -0.3044 -0.1722 0.5289
 318 F  0.4033 0.4144 0.4578 0.7178 -0.3022 0.1722 0.3533
 319 G  -1.0000 -1.0000 -1.0000 -0.3800 -0.1989 -1.0000 -1.0000
 320 K  -0.0978 0.0733 0.1811 -0.9878 0.8078 0.3100 -0.2944
 321 K  -0.0978 0.0733 0.1811 -0.9878 0.8078 0.3100 -0.2944
 322 S  -0.3744 -0.7078 -0.6044 -0.4044 -0.2944 -0.5178 -0.2356
 323 A  -0.3889 -0.7556 -0.7522 -0.1900 -0.1889 1.0000 -0.5289
 324 R  0.1167 0.4144 0.5178 -1.0000 1.0000 0.5867 -0.4122
 325 T  0.4467 -0.4633 -0.3567 -0.2211 -0.3200 -0.4478 0.2356
 326 V  0.7522 -0.3167 -0.2578 0.3678 -0.2122 -0.0344 1.0000
 327 D  -0.2367 -0.4633 -0.3122 -0.8522 -1.0000 -0.1722 -0.7056
 328 L  0.2367 -0.0733 -0.0100 0.6622 -0.2067 0.7933 -0.0589
 329 D  -0.2367 -0.4633 -0.3122 -0.8522 -1.0000 -0.1722 -0.7056
 330 N  -0.2367 -0.3656 -0.2700 -0.7489 -0.0833 -0.4478 -0.5878
 331 E  -0.2556 -0.2678 -0.0644 -0.7733 -0.9644 1.0000 -0.6467
 332 Q  -0.2556 -0.1222 -0.0222 -0.5156 -0.3067 0.5867 -0.4122
 333 A  -0.3889 -0.7556 -0.7522 -0.1900 -0.1889 1.0000 -0.5289
 334 V  0.7522 -0.3167 -0.2578 0.3678 -0.2122 -0.0344 1.0000
 335 A  -0.3889 -0.7556 -0.7522 -0.1900 -0.1889 1.0000 -0.5289
 336 F  0.4033 0.4144 0.4578 0.7178 -0.3022 0.1722 0.3533
 337 T  0.4467 -0.4633 -0.3567 -0.2211 -0.3200 -0.4478 0.2356
 338 K  -0.0978 0.0733 0.1811 -0.9878 0.8078 0.3100 -0.2944
 339 A  -0.3889 -0.7556 -0.7522 -0.1900 -0.1889 1.0000 -0.5289
 340 L  0.2367 -0.0733 -0.0100 0.6622 -0.2067 0.7933 -0.0589
 341 I  1.0000 -0.0733 -0.0100 0.7244 -0.2067 0.1722 0.7644
 342 D  -0.2367 -0.4633 -0.3122 -0.8522 -1.0000 -0.1722 -0.7056
 343 K  -0.0978 0.0733 0.1811 -0.9878 0.8078 0.3100 -0.2944
 344 Y  0.4033 0.4633 0.6011 0.2089 -0.3044 -0.1722 0.5289
 345 A  -0.3889 -0.7556 -0.7522 -0.1900 -0.1889 1.0000 -0.5289
 346 A  -0.3889 -0.7556 -0.7522 -0.1900 -0.1889 1.0000 -0.5289
 347 Y  0.4033 0.4633 0.6011 0.2089 -0.3044 -0.1722 0.5289
 348 F  0.4033 0.4144 0.4578 0.7178 -0.3022 0.1722 0.3533
 349 A  -0.3889 -0.7556 -0.7522 -0.1900 -0.1889 1.0000 -0.5289
 350 K  -0.0978 0.0733 0.1811 -0.9878 0.8078 0.3100 -0.2944
 351 K  -0.0978 0.0733 0.1811 -0.9878 0.8078 0.3100 -0.2944
 352 T  0.4467 -0.4633 -0.3567 -0.2211 -0.3200 -0.4478 0.2356
 353 E  -0.2556 -0.2678 -0.0644 -0.7733 -0.9644 1.0000 -0.6467
 354 I  1.0000 -0.0733 -0.0100 0.7244 -0.2067 0.1722 0.7644
 355 F  0.4033 0.4144 0.4578 0.7178 -0.3022 0.1722 0.3533
 356 N  -0.2367 -0.3656 -0.2700 -0.7489 -0.0833 -0.4478 -0.5878
 357 I  1.0000 -0.0733 -0.0100 0.7244 -0.2067 0.1722 0.7644
 358 G  -1.0000 -1.0000 -1.0000 -0.3800 -0.1989 -1.0000 -1.0000
 359 L  0.2367 -0.0733 -0.0100 0.6622 -0.2067 0.7933 -0.0589
 360 D  -0.2367 -0.4633 -0.3122 -0.8522 -1.0000 -0.1722 -0.7056
 361 E  -0.2556 -0.2678 -0.0644 -0.7733 -0.9644 1.0000 -0.6467
 362 Y  0.4033 0.4633 0.6011 0.2089 -0.3044 -0.1722 0.5289
 363 A  -0.3889 -0.7556 -0.7522 -0.1900 -0.1889 1.0000 -0.5289
 364 N  -0.2367 -0.3656 -0.2700 -0.7489 -0.0833 -0.4478 -0.5878
 365 D  -0.2367 -0.4633 -0.3122 -0.8522 -1.0000 -0.1722 -0.7056
 366 A  -0.3889 -0.7556 -0.7522 -0.1900 -0.1889 1.0000 -0.5289
 367 T  0.4467 -0.4633 -0.3567 -0.2211 -0.3200 -0.4478 0.2356
 368 D  -0.2367 -0.4633 -0.3122 -0.8522 -1.0000 -0.1722 -0.7056
 369 A  -0.3889 -0.7556 -0.7522 -0.1900 -0.1889 1.0000 -0.5289
 370 K  -0.0978 0.0733 0.1811 -0.9878 0.8078 0.3100 -0.2944
 371 G  -1.0000 -1.0000 -1.0000 -0.3800 -0.1989 -1.0000 -1.0000
 372 W  0.5322 1.0000 1.0000 1.0000 -0.2322 0.3100 0.5878
 373 S  -0.3744 -0.7078 -0.6044 -0.4044 -0.2944 -0.5178 -0.2356
 374 V  0.7522 -0.3167 -0.2578 0.3678 -0.2122 -0.0344 1.0000
 375 L  0.2367 -0.0733 -0.0100 0.6622 -0.2067 0.7933 -0.0589
 376 Q  -0.2556 -0.1222 -0.0222 -0.5156 -0.3067 0.5867 -0.4122
 377 A  -0.3889 -0.7556 -0.7522 -0.1900 -0.1889 1.0000 -0.5289
 378 D  -0.2367 -0.4633 -0.3122 -0.8522 -1.0000 -0.1722 -0.7056
 379 K  -0.0978 0.0733 0.1811 -0.9878 0.8078 0.3100 -0.2944
 380 Y  0.4033 0.4633 0.6011 0.2089 -0.3044 -0.1722 0.5289
 381 Y  0.4033 0.4633 0.6011 0.2089 -0.3044 -0.1722 0.5289
 382 P  0.2744 -1.0000 -0.3267 0.0611 -0.0111 -1.0000 0.1178
 383 N  -0.2367 -0.3656 -0.2700 -0.7489 -0.0833 -0.4478 -0.5878
 384 E  -0.2556 -0.2678 -0.0644 -0.7733 -0.9644 1.0000 -0.6467
 385 G  -1.0000 -1.0000 -1.0000 -0.3800 -0.1989 -1.0000 -1.0000
 386 Y  0.4033 0.4633 0.6011 0.2089 -0.3044 -0.1722 0.5289
 387 P  0.2744 -1.0000 -0.3267 0.0611 -0.0111 -1.0000 0.1178
 388 V  0.7522 -0.3167 -0.2578 0.3678 -0.2122 -0.0344 1.0000
 389 K  -0.0978 0.0733 0.1811 -0.9878 0.8078 0.3100 -0.2944
 390 G  -1.0000 -1.0000 -1.0000 -0.3800 -0.1989 -1.0000 -1.0000
 391 Y  0.4033 0.4633 0.6011 0.2089 -0.3044 -0.1722 0.5289
 392 E  -0.2556 -0.2678 -0.0644 -0.7733 -0.9644 1.0000 -0.6467
 393 K  -0.0978 0.0733 0.1811 -0.9878 0.8078 0.3100 -0.2944
 394 F  0.4033 0.4144 0.4578 0.7178 -0.3022 0.1722 0.3533
 395 I  1.0000 -0.0733 -0.0100 0.7244 -0.2067 0.1722 0.7644
 396 A  -0.3889 -0.7556 -0.7522 -0.1900 -0.1889 1.0000 -0.5289
 397 Y  0.4033 0.4633 0.6011 0.2089 -0.3044 -0.1722 0.5289
 398 A  -0.3889 -0.7556 -0.7522 -0.1900 -0.1889 1.0000 -0.5289
 399 N  -0.2367 -0.3656 -0.2700 -0.7489 -0.0833 -0.4478 -0.5878
 400 D  -0.2367 -0.4633 -0.3122 -0.8522 -1.0000 -0.1722 -0.7056
 401 L  0.2367 -0.0733 -0.0100 0.6622 -0.2067 0.7933 -0.0589
 402 A  -0.3889 -0.7556 -0.7522 -0.1900 -0.1889 1.0000 -0.5289
 403 R  0.1167 0.4144 0.5178 -1.0000 1.0000 0.5867 -0.4122
 404 I  1.0000 -0.0733 -0.0100 0.7244 -0.2067 0.1722 0.7644
 405 V  0.7522 -0.3167 -0.2578 0.3678 -0.2122 -0.0344 1.0000
 406 K  -0.0978 0.0733 0.1811 -0.9878 0.8078 0.3100 -0.2944
 407 S  -0.3744 -0.7078 -0.6044 -0.4044 -0.2944 -0.5178 -0.2356
 408 H  0.4267 0.1222 0.1533 -0.3011 0.2167 -0.0344 -0.1178
 409 G  -1.0000 -1.0000 -1.0000 -0.3800 -0.1989 -1.0000 -1.0000
 410 L  0.2367 -0.0733 -0.0100 0.6622 -0.2067 0.7933 -0.0589
 411 K  -0.0978 0.0733 0.1811 -0.9878 0.8078 0.3100 -0.2944
 412 P  0.2744 -1.0000 -0.3267 0.0611 -0.0111 -1.0000 0.1178
 413 M  0.1222 0.0733 0.0967 0.3744 -0.2911 0.7244 -0.0011
 414 A  -0.3889 -0.7556 -0.7522 -0.1900 -0.1889 1.0000 -0.5289
 415 F  0.4033 0.4144 0.4578 0.7178 -0.3022 0.1722 0.3533
 416 N  -0.2367 -0.3656 -0.2700 -0.7489 -0.0833 -0.4478 -0.5878
 417 D  -0.2367 -0.4633 -0.3122 -0.8522 -1.0000 -0.1722 -0.7056
 418 G  -1.0000 -1.0000 -1.0000 -0.3800 -0.1989 -1.0000 -1.0000
 419 I  1.0000 -0.0733 -0.0100 0.7244 -0.2067 0.1722 0.7644
 420 Y  0.4033 0.4633 0.6011 0.2089 -0.3044 -0.1722 0.5289
 421 Y  0.4033 0.4633 0.6011 0.2089 -0.3044 -0.1722 0.5289
 422 N  -0.2367 -0.3656 -0.2700 -0.7489 -0.0833 -0.4478 -0.5878
 423 S  -0.3744 -0.7078 -0.6044 -0.4044 -0.2944 -0.5178 -0.2356
 424 D  -0.2367 -0.4633 -0.3122 -0.8522 -1.0000 -0.1722 -0.7056
 425 T  0.4467 -0.4633 -0.3567 -0.2211 -0.3200 -0.4478 0.2356
 426 S  -0.3744 -0.7078 -0.6044 -0.4044 -0.2944 -0.5178 -0.2356
 427 F  0.4033 0.4144 0.4578 0.7178 -0.3022 0.1722 0.3533
 428 G  -1.0000 -1.0000 -1.0000 -0.3800 -0.1989 -1.0000 -1.0000
 429 S  -0.3744 -0.7078 -0.6044 -0.4044 -0.2944 -0.5178 -0.2356
 430 F  0.4033 0.4144 0.4578 0.7178 -0.3022 0.1722 0.3533
 431 D  -0.2367 -0.4633 -0.3122 -0.8522 -1.0000 -0.1722 -0.7056
 432 K  -0.0978 0.0733 0.1811 -0.9878 0.8078 0.3100 -0.2944
 433 D  -0.2367 -0.4633 -0.3122 -0.8522 -1.0000 -0.1722 -0.7056
 434 I  1.0000 -0.0733 -0.0100 0.7244 -0.2067 0.1722 0.7644
 435 I  1.0000 -0.0733 -0.0100 0.7244 -0.2067 0.1722 0.7644
 436 V  0.7522 -0.3167 -0.2578 0.3678 -0.2122 -0.0344 1.0000
 437 S  -0.3744 -0.7078 -0.6044 -0.4044 -0.2944 -0.5178 -0.2356
 438 M  0.1222 0.0733 0.0967 0.3744 -0.2911 0.7244 -0.0011
 439 W  0.5322 1.0000 1.0000 1.0000 -0.2322 0.3100 0.5878
 440 T  0.4467 -0.4633 -0.3567 -0.2211 -0.3200 -0.4478 0.2356
 441 G  -1.0000 -1.0000 -1.0000 -0.3800 -0.1989 -1.0000 -1.0000
 442 G  -1.0000 -1.0000 -1.0000 -0.3800 -0.1989 -1.0000 -1.0000
 443 W  0.5322 1.0000 1.0000 1.0000 -0.2322 0.3100 0.5878
 444 G  -1.0000 -1.0000 -1.0000 -0.3800 -0.1989 -1.0000 -1.0000
 445 G  -1.0000 -1.0000 -1.0000 -0.3800 -0.1989 -1.0000 -1.0000
 446 Y  0.4033 0.4633 0.6011 0.2089 -0.3044 -0.1722 0.5289
 447 D  -0.2367 -0.4633 -0.3122 -0.8522 -1.0000 -0.1722 -0.7056
 448 V  0.7522 -0.3167 -0.2578 0.3678 -0.2122 -0.0344 1.0000
 449 A  -0.3889 -0.7556 -0.7522 -0.1900 -0.1889 1.0000 -0.5289
 450 S  -0.3744 -0.7078 -0.6044 -0.4044 -0.2944 -0.5178 -0.2356
 451 S  -0.3744 -0.7078 -0.6044 -0.4044 -0.2944 -0.5178 -0.2356
 452 K  -0.0978 0.0733 0.1811 -0.9878 0.8078 0.3100 -0.2944
 453 L  0.2367 -0.0733 -0.0100 0.6622 -0.2067 0.7933 -0.0589
 454 L  0.2367 -0.0733 -0.0100 0.6622 -0.2067 0.7933 -0.0589
 455 A  -0.3889 -0.7556 -0.7522 -0.1900 -0.1889 1.0000 -0.5289
 456 E  -0.2556 -0.2678 -0.0644 -0.7733 -0.9644 1.0000 -0.6467
 457 K  -0.0978 0.0733 0.1811 -0.9878 0.8078 0.3100 -0.2944
 458 G  -1.0000 -1.0000 -1.0000 -0.3800 -0.1989 -1.0000 -1.0000
 459 H  0.4267 0.1222 0.1533 -0.3011 0.2167 -0.0344 -0.1178
 460 Q  -0.2556 -0.1222 -0.0222 -0.5156 -0.3067 0.5867 -0.4122
 461 I  1.0000 -0.0733 -0.0100 0.7244 -0.2067 0.1722 0.7644
 462 L  0.2367 -0.0733 -0.0100 0.6622 -0.2067 0.7933 -0.0589
 463 N  -0.2367 -0.3656 -0.2700 -0.7489 -0.0833 -0.4478 -0.5878
 464 T  0.4467 -0.4633 -0.3567 -0.2211 -0.3200 -0.4478 0.2356
 465 N  -0.2367 -0.3656 -0.2700 -0.7489 -0.0833 -0.4478 -0.5878
 466 D  -0.2367 -0.4633 -0.3122 -0.8522 -1.0000 -0.1722 -0.7056
 467 A  -0.3889 -0.7556 -0.7522 -0.1900 -0.1889 1.0000 -0.5289
 468 W  0.5322 1.0000 1.0000 1.0000 -0.2322 0.3100 0.5878
 469 Y  0.4033 0.4633 0.6011 0.2089 -0.3044 -0.1722 0.5289
 470 Y  0.4033 0.4633 0.6011 0.2089 -0.3044 -0.1722 0.5289
 471 V  0.7522 -0.3167 -0.2578 0.3678 -0.2122 -0.0344 1.0000
 472 L  0.2367 -0.0733 -0.0100 0.6622 -0.2067 0.7933 -0.0589
 473 G  -1.0000 -1.0000 -1.0000 -0.3800 -0.1989 -1.0000 -1.0000
 474 R  0.1167 0.4144 0.5178 -1.0000 1.0000 0.5867 -0.4122
 475 N  -0.2367 -0.3656 -0.2700 -0.7489 -0.0833 -0.4478 -0.5878
 476 A  -0.3889 -0.7556 -0.7522 -0.1900 -0.1889 1.0000 -0.5289
 477 D  -0.2367 -0.4633 -0.3122 -0.8522 -1.0000 -0.1722 -0.7056
 478 G  -1.0000 -1.0000 -1.0000 -0.3800 -0.1989 -1.0000 -1.0000
 479 Q  -0.2556 -0.1222 -0.0222 -0.5156 -0.3067 0.5867 -0.4122
 480 G  -1.0000 -1.0000 -1.0000 -0.3800 -0.1989 -1.0000 -1.0000
 481 W  0.5322 1.0000 1.0000 1.0000 -0.2322 0.3100 0.5878
 482 Y  0.4033 0.4633 0.6011 0.2089 -0.3044 -0.1722 0.5289
 483 N  -0.2367 -0.3656 -0.2700 -0.7489 -0.0833 -0.4478 -0.5878
 484 L  0.2367 -0.0733 -0.0100 0.6622 -0.2067 0.7933 -0.0589
 485 D  -0.2367 -0.4633 -0.3122 -0.8522 -1.0000 -0.1722 -0.7056
 486 Q  -0.2556 -0.1222 -0.0222 -0.5156 -0.3067 0.5867 -0.4122
 487 G  -1.0000 -1.0000 -1.0000 -0.3800 -0.1989 -1.0000 -1.0000
 488 L  0.2367 -0.0733 -0.0100 0.6622 -0.2067 0.7933 -0.0589
 489 N  -0.2367 -0.3656 -0.2700 -0.7489 -0.0833 -0.4478 -0.5878
 490 G  -1.0000 -1.0000 -1.0000 -0.3800 -0.1989 -1.0000 -1.0000
 491 I  1.0000 -0.0733 -0.0100 0.7244 -0.2067 0.1722 0.7644
 492 K  -0.0978 0.0733 0.1811 -0.9878 0.8078 0.3100 -0.2944
 493 N  -0.2367 -0.3656 -0.2700 -0.7489 -0.0833 -0.4478 -0.5878
 494 T  0.4467 -0.4633 -0.3567 -0.2211 -0.3200 -0.4478 0.2356
 495 P  0.2744 -1.0000 -0.3267 0.0611 -0.0111 -1.0000 0.1178
 496 I  1.0000 -0.0733 -0.0100 0.7244 -0.2067 0.1722 0.7644
 497 T  0.4467 -0.4633 -0.3567 -0.2211 -0.3200 -0.4478 0.2356
 498 S  -0.3744 -0.7078 -0.6044 -0.4044 -0.2944 -0.5178 -0.2356
 499 V  0.7522 -0.3167 -0.2578 0.3678 -0.2122 -0.0344 1.0000
 500 P  0.2744 -1.0000 -0.3267 0.0611 -0.0111 -1.0000 0.1178
 501 K  -0.0978 0.0733 0.1811 -0.9878 0.8078 0.3100 -0.2944
 502 T  0.4467 -0.4633 -0.3567 -0.2211 -0.3200 -0.4478 0.2356
 503 E  -0.2556 -0.2678 -0.0644 -0.7733 -0.9644 1.0000 -0.6467
 504 G  -1.0000 -1.0000 -1.0000 -0.3800 -0.1989 -1.0000 -1.0000
 505 A  -0.3889 -0.7556 -0.7522 -0.1900 -0.1889 1.0000 -0.5289
 506 D  -0.2367 -0.4633 -0.3122 -0.8522 -1.0000 -0.1722 -0.7056
 507 I  1.0000 -0.0733 -0.0100 0.7244 -0.2067 0.1722 0.7644
 508 P  0.2744 -1.0000 -0.3267 0.0611 -0.0111 -1.0000 0.1178
 509 I  1.0000 -0.0733 -0.0100 0.7244 -0.2067 0.1722 0.7644
 510 I  1.0000 -0.0733 -0.0100 0.7244 -0.2067 0.1722 0.7644
 511 G  -1.0000 -1.0000 -1.0000 -0.3800 -0.1989 -1.0000 -1.0000
 512 G  -1.0000 -1.0000 -1.0000 -0.3800 -0.1989 -1.0000 -1.0000
 513 M  0.1222 0.0733 0.0967 0.3744 -0.2911 0.7244 -0.0011
 514 V  0.7522 -0.3167 -0.2578 0.3678 -0.2122 -0.0344 1.0000
 515 A  -0.3889 -0.7556 -0.7522 -0.1900 -0.1889 1.0000 -0.5289
 516 A  -0.3889 -0.7556 -0.7522 -0.1900 -0.1889 1.0000 -0.5289
 517 W  0.5322 1.0000 1.0000 1.0000 -0.2322 0.3100 0.5878
 518 A  -0.3889 -0.7556 -0.7522 -0.1900 -0.1889 1.0000 -0.5289
 519 D  -0.2367 -0.4633 -0.3122 -0.8522 -1.0000 -0.1722 -0.7056
 520 T  0.4467 -0.4633 -0.3567 -0.2211 -0.3200 -0.4478 0.2356
 521 P  0.2744 -1.0000 -0.3267 0.0611 -0.0111 -1.0000 0.1178
 522 S  -0.3744 -0.7078 -0.6044 -0.4044 -0.2944 -0.5178 -0.2356
 523 A  -0.3889 -0.7556 -0.7522 -0.1900 -0.1889 1.0000 -0.5289
 524 R  0.1167 0.4144 0.5178 -1.0000 1.0000 0.5867 -0.4122
 525 Y  0.4033 0.4633 0.6011 0.2089 -0.3044 -0.1722 0.5289
 526 S  -0.3744 -0.7078 -0.6044 -0.4044 -0.2944 -0.5178 -0.2356
 527 P  0.2744 -1.0000 -0.3267 0.0611 -0.0111 -1.0000 0.1178
 528 S  -0.3744 -0.7078 -0.6044 -0.4044 -0.2944 -0.5178 -0.2356
 529 R  0.1167 0.4144 0.5178 -1.0000 1.0000 0.5867 -0.4122
 530 L  0.2367 -0.0733 -0.0100 0.6622 -0.2067 0.7933 -0.0589
 531 F  0.4033 0.4144 0.4578 0.7178 -0.3022 0.1722 0.3533
 532 K  -0.0978 0.0733 0.1811 -0.9878 0.8078 0.3100 -0.2944
 533 L  0.2367 -0.0733 -0.0100 0.6622 -0.2067 0.7933 -0.0589
 534 M  0.1222 0.0733 0.0967 0.3744 -0.2911 0.7244 -0.0011
 535 R  0.1167 0.4144 0.5178 -1.0000 1.0000 0.5867 -0.4122
 536 H  0.4267 0.1222 0.1533 -0.3011 0.2167 -0.0344 -0.1178
 537 F  0.4033 0.4144 0.4578 0.7178 -0.3022 0.1722 0.3533
 538 A  -0.3889 -0.7556 -0.7522 -0.1900 -0.1889 1.0000 -0.5289
 539 N  -0.2367 -0.3656 -0.2700 -0.7489 -0.0833 -0.4478 -0.5878
 540 A  -0.3889 -0.7556 -0.7522 -0.1900 -0.1889 1.0000 -0.5289
 541 N  -0.2367 -0.3656 -0.2700 -0.7489 -0.0833 -0.4478 -0.5878
 542 A  -0.3889 -0.7556 -0.7522 -0.1900 -0.1889 1.0000 -0.5289
 543 E  -0.2556 -0.2678 -0.0644 -0.7733 -0.9644 1.0000 -0.6467
 544 Y  0.4033 0.4633 0.6011 0.2089 -0.3044 -0.1722 0.5289
 545 F  0.4033 0.4144 0.4578 0.7178 -0.3022 0.1722 0.3533
 546 A  -0.3889 -0.7556 -0.7522 -0.1900 -0.1889 1.0000 -0.5289
 547 A  -0.3889 -0.7556 -0.7522 -0.1900 -0.1889 1.0000 -0.5289
 548 D  -0.2367 -0.4633 -0.3122 -0.8522 -1.0000 -0.1722 -0.7056
 549 Y  0.4033 0.4633 0.6011 0.2089 -0.3044 -0.1722 0.5289
 550 E  -0.2556 -0.2678 -0.0644 -0.7733 -0.9644 1.0000 -0.6467
 551 S  -0.3744 -0.7078 -0.6044 -0.4044 -0.2944 -0.5178 -0.2356
 552 A  -0.3889 -0.7556 -0.7522 -0.1900 -0.1889 1.0000 -0.5289
 553 E  -0.2556 -0.2678 -0.0644 -0.7733 -0.9644 1.0000 -0.6467
 554 Q  -0.2556 -0.1222 -0.0222 -0.5156 -0.3067 0.5867 -0.4122
 555 A  -0.3889 -0.7556 -0.7522 -0.1900 -0.1889 1.0000 -0.5289
 556 L  0.2367 -0.0733 -0.0100 0.6622 -0.2067 0.7933 -0.0589
 557 N  -0.2367 -0.3656 -0.2700 -0.7489 -0.0833 -0.4478 -0.5878
 558 E  -0.2556 -0.2678 -0.0644 -0.7733 -0.9644 1.0000 -0.6467
 559 V  0.7522 -0.3167 -0.2578 0.3678 -0.2122 -0.0344 1.0000
 560 P  0.2744 -1.0000 -0.3267 0.0611 -0.0111 -1.0000 0.1178
 561 K  -0.0978 0.0733 0.1811 -0.9878 0.8078 0.3100 -0.2944
 562 D  -0.2367 -0.4633 -0.3122 -0.8522 -1.0000 -0.1722 -0.7056
 563 L  0.2367 -0.0733 -0.0100 0.6622 -0.2067 0.7933 -0.0589
 564 N  -0.2367 -0.3656 -0.2700 -0.7489 -0.0833 -0.4478 -0.5878
 565 R  0.1167 0.4144 0.5178 -1.0000 1.0000 0.5867 -0.4122
 566 Y  0.4033 0.4633 0.6011 0.2089 -0.3044 -0.1722 0.5289
 567 T  0.4467 -0.4633 -0.3567 -0.2211 -0.3200 -0.4478 0.2356
 568 A  -0.3889 -0.7556 -0.7522 -0.1900 -0.1889 1.0000 -0.5289
 569 E  -0.2556 -0.2678 -0.0644 -0.7733 -0.9644 1.0000 -0.6467
 570 S  -0.3744 -0.7078 -0.6044 -0.4044 -0.2944 -0.5178 -0.2356
 571 V  0.7522 -0.3167 -0.2578 0.3678 -0.2122 -0.0344 1.0000
 572 T  0.4467 -0.4633 -0.3567 -0.2211 -0.3200 -0.4478 0.2356
 573 A  -0.3889 -0.7556 -0.7522 -0.1900 -0.1889 1.0000 -0.5289
 574 V  0.7522 -0.3167 -0.2578 0.3678 -0.2122 -0.0344 1.0000
 575 K  -0.0978 0.0733 0.1811 -0.9878 0.8078 0.3100 -0.2944
 576 E  -0.2556 -0.2678 -0.0644 -0.7733 -0.9644 1.0000 -0.6467
 577 A  -0.3889 -0.7556 -0.7522 -0.1900 -0.1889 1.0000 -0.5289
 578 E  -0.2556 -0.2678 -0.0644 -0.7733 -0.9644 1.0000 -0.6467
 579 K  -0.0978 0.0733 0.1811 -0.9878 0.8078 0.3100 -0.2944
 580 A  -0.3889 -0.7556 -0.7522 -0.1900 -0.1889 1.0000 -0.5289
 581 I  1.0000 -0.0733 -0.0100 0.7244 -0.2067 0.1722 0.7644
 582 R  0.1167 0.4144 0.5178 -1.0000 1.0000 0.5867 -0.4122
 583 S  -0.3744 -0.7078 -0.6044 -0.4044 -0.2944 -0.5178 -0.2356
 584 L  0.2367 -0.0733 -0.0100 0.6622 -0.2067 0.7933 -0.0589
 585 D  -0.2367 -0.4633 -0.3122 -0.8522 -1.0000 -0.1722 -0.7056
 586 S  -0.3744 -0.7078 -0.6044 -0.4044 -0.2944 -0.5178 -0.2356
 587 N  -0.2367 -0.3656 -0.2700 -0.7489 -0.0833 -0.4478 -0.5878
 588 L  0.2367 -0.0733 -0.0100 0.6622 -0.2067 0.7933 -0.0589
 589 S  -0.3744 -0.7078 -0.6044 -0.4044 -0.2944 -0.5178 -0.2356
 590 R  0.1167 0.4144 0.5178 -1.0000 1.0000 0.5867 -0.4122
 591 A  -0.3889 -0.7556 -0.7522 -0.1900 -0.1889 1.0000 -0.5289
 592 Q  -0.2556 -0.1222 -0.0222 -0.5156 -0.3067 0.5867 -0.4122
 593 Q  -0.2556 -0.1222 -0.0222 -0.5156 -0.3067 0.5867 -0.4122
 594 D  -0.2367 -0.4633 -0.3122 -0.8522 -1.0000 -0.1722 -0.7056
 595 T  0.4467 -0.4633 -0.3567 -0.2211 -0.3200 -0.4478 0.2356
 596 I  1.0000 -0.0733 -0.0100 0.7244 -0.2067 0.1722 0.7644
 597 D  -0.2367 -0.4633 -0.3122 -0.8522 -1.0000 -0.1722 -0.7056
 598 Q  -0.2556 -0.1222 -0.0222 -0.5156 -0.3067 0.5867 -0.4122
 599 A  -0.3889 -0.7556 -0.7522 -0.1900 -0.1889 1.0000 -0.5289
 600 I  1.0000 -0.0733 -0.0100 0.7244 -0.2067 0.1722 0.7644
 601 A  -0.3889 -0.7556 -0.7522 -0.1900 -0.1889 1.0000 -0.5289
 602 K  -0.0978 0.0733 0.1811 -0.9878 0.8078 0.3100 -0.2944
 603 L  0.2367 -0.0733 -0.0100 0.6622 -0.2067 0.7933 -0.0589
 604 Q  -0.2556 -0.1222 -0.0222 -0.5156 -0.3067 0.5867 -0.4122
 605 E  -0.2556 -0.2678 -0.0644 -0.7733 -0.9644 1.0000 -0.6467
 606 T  0.4467 -0.4633 -0.3567 -0.2211 -0.3200 -0.4478 0.2356
 607 V  0.7522 -0.3167 -0.2578 0.3678 -0.2122 -0.0344 1.0000
 608 N  -0.2367 -0.3656 -0.2700 -0.7489 -0.0833 -0.4478 -0.5878
 609 N  -0.2367 -0.3656 -0.2700 -0.7489 -0.0833 -0.4478 -0.5878
 610 L  0.2367 -0.0733 -0.0100 0.6622 -0.2067 0.7933 -0.0589
 611 T  0.4467 -0.4633 -0.3567 -0.2211 -0.3200 -0.4478 0.2356
 612 L  0.2367 -0.0733 -0.0100 0.6622 -0.2067 0.7933 -0.0589
 613 T  0.4467 -0.4633 -0.3567 -0.2211 -0.3200 -0.4478 0.2356
 614 P  0.2744 -1.0000 -0.3267 0.0611 -0.0111 -1.0000 0.1178
