 6 I  1.0000 -0.0733 -0.0100 0.7244 -0.2067 0.1722 0.7644
 7 E  -0.2556 -0.2678 -0.0644 -0.7733 -0.9644 1.0000 -0.6467
 8 R  0.1167 0.4144 0.5178 -1.0000 1.0000 0.5867 -0.4122
 9 L  0.2367 -0.0733 -0.0100 0.6622 -0.2067 0.7933 -0.0589
 10 Q  -0.2556 -0.1222 -0.0222 -0.5156 -0.3067 0.5867 -0.4122
 11 D  -0.2367 -0.4633 -0.3122 -0.8522 -1.0000 -0.1722 -0.7056
 12 Y  0.4033 0.4633 0.6011 0.2089 -0.3044 -0.1722 0.5289
 13 L  0.2367 -0.0733 -0.0100 0.6622 -0.2067 0.7933 -0.0589
 14 L  0.2367 -0.0733 -0.0100 0.6622 -0.2067 0.7933 -0.0589
 15 P  0.2744 -1.0000 -0.3267 0.0611 -0.0111 -1.0000 0.1178
 16 E  -0.2556 -0.2678 -0.0644 -0.7733 -0.9644 1.0000 -0.6467
 17 W  0.5322 1.0000 1.0000 1.0000 -0.2322 0.3100 0.5878
 18 V  0.7522 -0.3167 -0.2578 0.3678 -0.2122 -0.0344 1.0000
 19 S  -0.3744 -0.7078 -0.6044 -0.4044 -0.2944 -0.5178 -0.2356
 20 I  1.0000 -0.0733 -0.0100 0.7244 -0.2067 0.1722 0.7644
 21 F  0.4033 0.4144 0.4578 0.7178 -0.3022 0.1722 0.3533
 22 D  -0.2367 -0.4633 -0.3122 -0.8522 -1.0000 -0.1722 -0.7056
 23 I  1.0000 -0.0733 -0.0100 0.7244 -0.2067 0.1722 0.7644
 24 A  -0.3889 -0.7556 -0.7522 -0.1900 -0.1889 1.0000 -0.5289
 25 D  -0.2367 -0.4633 -0.3122 -0.8522 -1.0000 -0.1722 -0.7056
 26 F  0.4033 0.4144 0.4578 0.7178 -0.3022 0.1722 0.3533
 27 S  -0.3744 -0.7078 -0.6044 -0.4044 -0.2944 -0.5178 -0.2356
 28 G  -1.0000 -1.0000 -1.0000 -0.3800 -0.1989 -1.0000 -1.0000
 29 R  0.1167 0.4144 0.5178 -1.0000 1.0000 0.5867 -0.4122
 ! !  -1.0000 -1.0000 -1.0000 -1.0000 -1.0000 -1.0000 -1.0000
 31 L  0.2367 -0.0733 -0.0100 0.6622 -0.2067 0.7933 -0.0589
 32 R  0.1167 0.4144 0.5178 -1.0000 1.0000 0.5867 -0.4122
 33 I  1.0000 -0.0733 -0.0100 0.7244 -0.2067 0.1722 0.7644
 34 R  0.1167 0.4144 0.5178 -1.0000 1.0000 0.5867 -0.4122
 35 G  -1.0000 -1.0000 -1.0000 -0.3800 -0.1989 -1.0000 -1.0000
 36 D  -0.2367 -0.4633 -0.3122 -0.8522 -1.0000 -0.1722 -0.7056
 37 I  1.0000 -0.0733 -0.0100 0.7244 -0.2067 0.1722 0.7644
 38 R  0.1167 0.4144 0.5178 -1.0000 1.0000 0.5867 -0.4122
 39 P  0.2744 -1.0000 -0.3267 0.0611 -0.0111 -1.0000 0.1178
 40 A  -0.3889 -0.7556 -0.7522 -0.1900 -0.1889 1.0000 -0.5289
 41 L  0.2367 -0.0733 -0.0100 0.6622 -0.2067 0.7933 -0.0589
 42 L  0.2367 -0.0733 -0.0100 0.6622 -0.2067 0.7933 -0.0589
 43 R  0.1167 0.4144 0.5178 -1.0000 1.0000 0.5867 -0.4122
 44 L  0.2367 -0.0733 -0.0100 0.6622 -0.2067 0.7933 -0.0589
 45 A  -0.3889 -0.7556 -0.7522 -0.1900 -0.1889 1.0000 -0.5289
 46 S  -0.3744 -0.7078 -0.6044 -0.4044 -0.2944 -0.5178 -0.2356
 47 R  0.1167 0.4144 0.5178 -1.0000 1.0000 0.5867 -0.4122
 48 L  0.2367 -0.0733 -0.0100 0.6622 -0.2067 0.7933 -0.0589
 49 A  -0.3889 -0.7556 -0.7522 -0.1900 -0.1889 1.0000 -0.5289
 50 E  -0.2556 -0.2678 -0.0644 -0.7733 -0.9644 1.0000 -0.6467
 51 L  0.2367 -0.0733 -0.0100 0.6622 -0.2067 0.7933 -0.0589
 52 L  0.2367 -0.0733 -0.0100 0.6622 -0.2067 0.7933 -0.0589
 53 N  -0.2367 -0.3656 -0.2700 -0.7489 -0.0833 -0.4478 -0.5878
 54 E  -0.2556 -0.2678 -0.0644 -0.7733 -0.9644 1.0000 -0.6467
 55 S  -0.3744 -0.7078 -0.6044 -0.4044 -0.2944 -0.5178 -0.2356
 56 P  0.2744 -1.0000 -0.3267 0.0611 -0.0111 -1.0000 0.1178
 57 G  -1.0000 -1.0000 -1.0000 -0.3800 -0.1989 -1.0000 -1.0000
 58 P  0.2744 -1.0000 -0.3267 0.0611 -0.0111 -1.0000 0.1178
 59 R  0.1167 0.4144 0.5178 -1.0000 1.0000 0.5867 -0.4122
 60 P  0.2744 -1.0000 -0.3267 0.0611 -0.0111 -1.0000 0.1178
 61 W  0.5322 1.0000 1.0000 1.0000 -0.2322 0.3100 0.5878
 62 Y  0.4033 0.4633 0.6011 0.2089 -0.3044 -0.1722 0.5289
 63 P  0.2744 -1.0000 -0.3267 0.0611 -0.0111 -1.0000 0.1178
 64 H  0.4267 0.1222 0.1533 -0.3011 0.2167 -0.0344 -0.1178
 65 V  0.7522 -0.3167 -0.2578 0.3678 -0.2122 -0.0344 1.0000
 66 A  -0.3889 -0.7556 -0.7522 -0.1900 -0.1889 1.0000 -0.5289
 67 S  -0.3744 -0.7078 -0.6044 -0.4044 -0.2944 -0.5178 -0.2356
 68 H  0.4267 0.1222 0.1533 -0.3011 0.2167 -0.0344 -0.1178
 ! !  -1.0000 -1.0000 -1.0000 -1.0000 -1.0000 -1.0000 -1.0000
 70 R  0.1167 0.4144 0.5178 -1.0000 1.0000 0.5867 -0.4122
 71 R  0.1167 0.4144 0.5178 -1.0000 1.0000 0.5867 -0.4122
 72 R  0.1167 0.4144 0.5178 -1.0000 1.0000 0.5867 -0.4122
 73 V  0.7522 -0.3167 -0.2578 0.3678 -0.2122 -0.0344 1.0000
 74 N  -0.2367 -0.3656 -0.2700 -0.7489 -0.0833 -0.4478 -0.5878
 75 P  0.2744 -1.0000 -0.3267 0.0611 -0.0111 -1.0000 0.1178
 76 P  0.2744 -1.0000 -0.3267 0.0611 -0.0111 -1.0000 0.1178
 77 P  0.2744 -1.0000 -0.3267 0.0611 -0.0111 -1.0000 0.1178
 78 E  -0.2556 -0.2678 -0.0644 -0.7733 -0.9644 1.0000 -0.6467
 79 T  0.4467 -0.4633 -0.3567 -0.2211 -0.3200 -0.4478 0.2356
 80 W  0.5322 1.0000 1.0000 1.0000 -0.2322 0.3100 0.5878
 81 L  0.2367 -0.0733 -0.0100 0.6622 -0.2067 0.7933 -0.0589
 82 A  -0.3889 -0.7556 -0.7522 -0.1900 -0.1889 1.0000 -0.5289
 83 L  0.2367 -0.0733 -0.0100 0.6622 -0.2067 0.7933 -0.0589
 84 G  -1.0000 -1.0000 -1.0000 -0.3800 -0.1989 -1.0000 -1.0000
 85 P  0.2744 -1.0000 -0.3267 0.0611 -0.0111 -1.0000 0.1178
 86 E  -0.2556 -0.2678 -0.0644 -0.7733 -0.9644 1.0000 -0.6467
 87 K  -0.0978 0.0733 0.1811 -0.9878 0.8078 0.3100 -0.2944
 88 R  0.1167 0.4144 0.5178 -1.0000 1.0000 0.5867 -0.4122
 89 G  -1.0000 -1.0000 -1.0000 -0.3800 -0.1989 -1.0000 -1.0000
 90 Y  0.4033 0.4633 0.6011 0.2089 -0.3044 -0.1722 0.5289
 91 K  -0.0978 0.0733 0.1811 -0.9878 0.8078 0.3100 -0.2944
 92 S  -0.3744 -0.7078 -0.6044 -0.4044 -0.2944 -0.5178 -0.2356
 93 Y  0.4033 0.4633 0.6011 0.2089 -0.3044 -0.1722 0.5289
 94 A  -0.3889 -0.7556 -0.7522 -0.1900 -0.1889 1.0000 -0.5289
 95 H  0.4267 0.1222 0.1533 -0.3011 0.2167 -0.0344 -0.1178
 96 S  -0.3744 -0.7078 -0.6044 -0.4044 -0.2944 -0.5178 -0.2356
 97 G  -1.0000 -1.0000 -1.0000 -0.3800 -0.1989 -1.0000 -1.0000
 98 V  0.7522 -0.3167 -0.2578 0.3678 -0.2122 -0.0344 1.0000
 99 F  0.4033 0.4144 0.4578 0.7178 -0.3022 0.1722 0.3533
 100 I  1.0000 -0.0733 -0.0100 0.7244 -0.2067 0.1722 0.7644
 101 G  -1.0000 -1.0000 -1.0000 -0.3800 -0.1989 -1.0000 -1.0000
 102 G  -1.0000 -1.0000 -1.0000 -0.3800 -0.1989 -1.0000 -1.0000
 103 R  0.1167 0.4144 0.5178 -1.0000 1.0000 0.5867 -0.4122
 104 G  -1.0000 -1.0000 -1.0000 -0.3800 -0.1989 -1.0000 -1.0000
 105 L  0.2367 -0.0733 -0.0100 0.6622 -0.2067 0.7933 -0.0589
 106 S  -0.3744 -0.7078 -0.6044 -0.4044 -0.2944 -0.5178 -0.2356
 107 V  0.7522 -0.3167 -0.2578 0.3678 -0.2122 -0.0344 1.0000
 108 R  0.1167 0.4144 0.5178 -1.0000 1.0000 0.5867 -0.4122
 109 F  0.4033 0.4144 0.4578 0.7178 -0.3022 0.1722 0.3533
 110 I  1.0000 -0.0733 -0.0100 0.7244 -0.2067 0.1722 0.7644
 111 L  0.2367 -0.0733 -0.0100 0.6622 -0.2067 0.7933 -0.0589
 112 K  -0.0978 0.0733 0.1811 -0.9878 0.8078 0.3100 -0.2944
 113 D  -0.2367 -0.4633 -0.3122 -0.8522 -1.0000 -0.1722 -0.7056
 114 E  -0.2556 -0.2678 -0.0644 -0.7733 -0.9644 1.0000 -0.6467
 115 A  -0.3889 -0.7556 -0.7522 -0.1900 -0.1889 1.0000 -0.5289
 116 I  1.0000 -0.0733 -0.0100 0.7244 -0.2067 0.1722 0.7644
 117 E  -0.2556 -0.2678 -0.0644 -0.7733 -0.9644 1.0000 -0.6467
 118 E  -0.2556 -0.2678 -0.0644 -0.7733 -0.9644 1.0000 -0.6467
 119 R  0.1167 0.4144 0.5178 -1.0000 1.0000 0.5867 -0.4122
 120 K  -0.0978 0.0733 0.1811 -0.9878 0.8078 0.3100 -0.2944
 121 N  -0.2367 -0.3656 -0.2700 -0.7489 -0.0833 -0.4478 -0.5878
 122 L  0.2367 -0.0733 -0.0100 0.6622 -0.2067 0.7933 -0.0589
 123 G  -1.0000 -1.0000 -1.0000 -0.3800 -0.1989 -1.0000 -1.0000
 124 R  0.1167 0.4144 0.5178 -1.0000 1.0000 0.5867 -0.4122
 125 W  0.5322 1.0000 1.0000 1.0000 -0.2322 0.3100 0.5878
 ! !  -1.0000 -1.0000 -1.0000 -1.0000 -1.0000 -1.0000 -1.0000
 127 S  -0.3744 -0.7078 -0.6044 -0.4044 -0.2944 -0.5178 -0.2356
 128 R  0.1167 0.4144 0.5178 -1.0000 1.0000 0.5867 -0.4122
 129 S  -0.3744 -0.7078 -0.6044 -0.4044 -0.2944 -0.5178 -0.2356
 130 G  -1.0000 -1.0000 -1.0000 -0.3800 -0.1989 -1.0000 -1.0000
 131 P  0.2744 -1.0000 -0.3267 0.0611 -0.0111 -1.0000 0.1178
 132 A  -0.3889 -0.7556 -0.7522 -0.1900 -0.1889 1.0000 -0.5289
 133 F  0.4033 0.4144 0.4578 0.7178 -0.3022 0.1722 0.3533
 134 E  -0.2556 -0.2678 -0.0644 -0.7733 -0.9644 1.0000 -0.6467
 135 Q  -0.2556 -0.1222 -0.0222 -0.5156 -0.3067 0.5867 -0.4122
 136 W  0.5322 1.0000 1.0000 1.0000 -0.2322 0.3100 0.5878
 137 K  -0.0978 0.0733 0.1811 -0.9878 0.8078 0.3100 -0.2944
 138 K  -0.0978 0.0733 0.1811 -0.9878 0.8078 0.3100 -0.2944
 139 K  -0.0978 0.0733 0.1811 -0.9878 0.8078 0.3100 -0.2944
 140 V  0.7522 -0.3167 -0.2578 0.3678 -0.2122 -0.0344 1.0000
 141 G  -1.0000 -1.0000 -1.0000 -0.3800 -0.1989 -1.0000 -1.0000
 142 D  -0.2367 -0.4633 -0.3122 -0.8522 -1.0000 -0.1722 -0.7056
 143 L  0.2367 -0.0733 -0.0100 0.6622 -0.2067 0.7933 -0.0589
 144 R  0.1167 0.4144 0.5178 -1.0000 1.0000 0.5867 -0.4122
 145 D  -0.2367 -0.4633 -0.3122 -0.8522 -1.0000 -0.1722 -0.7056
 146 F  0.4033 0.4144 0.4578 0.7178 -0.3022 0.1722 0.3533
 147 G  -1.0000 -1.0000 -1.0000 -0.3800 -0.1989 -1.0000 -1.0000
 148 P  0.2744 -1.0000 -0.3267 0.0611 -0.0111 -1.0000 0.1178
 149 V  0.7522 -0.3167 -0.2578 0.3678 -0.2122 -0.0344 1.0000
 150 H  0.4267 0.1222 0.1533 -0.3011 0.2167 -0.0344 -0.1178
 151 D  -0.2367 -0.4633 -0.3122 -0.8522 -1.0000 -0.1722 -0.7056
 152 D  -0.2367 -0.4633 -0.3122 -0.8522 -1.0000 -0.1722 -0.7056
 153 P  0.2744 -1.0000 -0.3267 0.0611 -0.0111 -1.0000 0.1178
 ! !  -1.0000 -1.0000 -1.0000 -1.0000 -1.0000 -1.0000 -1.0000
 155 A  -0.3889 -0.7556 -0.7522 -0.1900 -0.1889 1.0000 -0.5289
 156 D  -0.2367 -0.4633 -0.3122 -0.8522 -1.0000 -0.1722 -0.7056
 157 P  0.2744 -1.0000 -0.3267 0.0611 -0.0111 -1.0000 0.1178
 158 P  0.2744 -1.0000 -0.3267 0.0611 -0.0111 -1.0000 0.1178
 159 K  -0.0978 0.0733 0.1811 -0.9878 0.8078 0.3100 -0.2944
 160 V  0.7522 -0.3167 -0.2578 0.3678 -0.2122 -0.0344 1.0000
 161 E  -0.2556 -0.2678 -0.0644 -0.7733 -0.9644 1.0000 -0.6467
 162 W  0.5322 1.0000 1.0000 1.0000 -0.2322 0.3100 0.5878
 163 D  -0.2367 -0.4633 -0.3122 -0.8522 -1.0000 -0.1722 -0.7056
 164 P  0.2744 -1.0000 -0.3267 0.0611 -0.0111 -1.0000 0.1178
 165 R  0.1167 0.4144 0.5178 -1.0000 1.0000 0.5867 -0.4122
 166 V  0.7522 -0.3167 -0.2578 0.3678 -0.2122 -0.0344 1.0000
 167 F  0.4033 0.4144 0.4578 0.7178 -0.3022 0.1722 0.3533
 168 G  -1.0000 -1.0000 -1.0000 -0.3800 -0.1989 -1.0000 -1.0000
 169 E  -0.2556 -0.2678 -0.0644 -0.7733 -0.9644 1.0000 -0.6467
 170 R  0.1167 0.4144 0.5178 -1.0000 1.0000 0.5867 -0.4122
 171 L  0.2367 -0.0733 -0.0100 0.6622 -0.2067 0.7933 -0.0589
 172 G  -1.0000 -1.0000 -1.0000 -0.3800 -0.1989 -1.0000 -1.0000
 173 S  -0.3744 -0.7078 -0.6044 -0.4044 -0.2944 -0.5178 -0.2356
 174 L  0.2367 -0.0733 -0.0100 0.6622 -0.2067 0.7933 -0.0589
 175 K  -0.0978 0.0733 0.1811 -0.9878 0.8078 0.3100 -0.2944
 176 S  -0.3744 -0.7078 -0.6044 -0.4044 -0.2944 -0.5178 -0.2356
 177 A  -0.3889 -0.7556 -0.7522 -0.1900 -0.1889 1.0000 -0.5289
 178 S  -0.3744 -0.7078 -0.6044 -0.4044 -0.2944 -0.5178 -0.2356
 179 L  0.2367 -0.0733 -0.0100 0.6622 -0.2067 0.7933 -0.0589
 180 D  -0.2367 -0.4633 -0.3122 -0.8522 -1.0000 -0.1722 -0.7056
 181 I  1.0000 -0.0733 -0.0100 0.7244 -0.2067 0.1722 0.7644
 182 G  -1.0000 -1.0000 -1.0000 -0.3800 -0.1989 -1.0000 -1.0000
 183 F  0.4033 0.4144 0.4578 0.7178 -0.3022 0.1722 0.3533
 184 R  0.1167 0.4144 0.5178 -1.0000 1.0000 0.5867 -0.4122
 185 V  0.7522 -0.3167 -0.2578 0.3678 -0.2122 -0.0344 1.0000
 186 T  0.4467 -0.4633 -0.3567 -0.2211 -0.3200 -0.4478 0.2356
 187 F  0.4033 0.4144 0.4578 0.7178 -0.3022 0.1722 0.3533
 188 D  -0.2367 -0.4633 -0.3122 -0.8522 -1.0000 -0.1722 -0.7056
 189 T  0.4467 -0.4633 -0.3567 -0.2211 -0.3200 -0.4478 0.2356
 190 S  -0.3744 -0.7078 -0.6044 -0.4044 -0.2944 -0.5178 -0.2356
 191 L  0.2367 -0.0733 -0.0100 0.6622 -0.2067 0.7933 -0.0589
 192 A  -0.3889 -0.7556 -0.7522 -0.1900 -0.1889 1.0000 -0.5289
 193 G  -1.0000 -1.0000 -1.0000 -0.3800 -0.1989 -1.0000 -1.0000
 194 I  1.0000 -0.0733 -0.0100 0.7244 -0.2067 0.1722 0.7644
 195 V  0.7522 -0.3167 -0.2578 0.3678 -0.2122 -0.0344 1.0000
 196 K  -0.0978 0.0733 0.1811 -0.9878 0.8078 0.3100 -0.2944
 197 T  0.4467 -0.4633 -0.3567 -0.2211 -0.3200 -0.4478 0.2356
 198 I  1.0000 -0.0733 -0.0100 0.7244 -0.2067 0.1722 0.7644
 199 R  0.1167 0.4144 0.5178 -1.0000 1.0000 0.5867 -0.4122
 200 T  0.4467 -0.4633 -0.3567 -0.2211 -0.3200 -0.4478 0.2356
 201 F  0.4033 0.4144 0.4578 0.7178 -0.3022 0.1722 0.3533
 202 D  -0.2367 -0.4633 -0.3122 -0.8522 -1.0000 -0.1722 -0.7056
 203 L  0.2367 -0.0733 -0.0100 0.6622 -0.2067 0.7933 -0.0589
 204 L  0.2367 -0.0733 -0.0100 0.6622 -0.2067 0.7933 -0.0589
 205 Y  0.4033 0.4633 0.6011 0.2089 -0.3044 -0.1722 0.5289
 206 A  -0.3889 -0.7556 -0.7522 -0.1900 -0.1889 1.0000 -0.5289
 207 E  -0.2556 -0.2678 -0.0644 -0.7733 -0.9644 1.0000 -0.6467
 208 A  -0.3889 -0.7556 -0.7522 -0.1900 -0.1889 1.0000 -0.5289
 209 E  -0.2556 -0.2678 -0.0644 -0.7733 -0.9644 1.0000 -0.6467
 210 K  -0.0978 0.0733 0.1811 -0.9878 0.8078 0.3100 -0.2944
