 6 D  -0.2367 -0.4633 -0.3122 -0.8522 -1.0000 -0.1722 -0.7056
 7 R  0.1167 0.4144 0.5178 -1.0000 1.0000 0.5867 -0.4122
 8 M  0.1222 0.0733 0.0967 0.3744 -0.2911 0.7244 -0.0011
 9 Y  0.4033 0.4633 0.6011 0.2089 -0.3044 -0.1722 0.5289
 10 E  -0.2556 -0.2678 -0.0644 -0.7733 -0.9644 1.0000 -0.6467
 11 L  0.2367 -0.0733 -0.0100 0.6622 -0.2067 0.7933 -0.0589
 12 E  -0.2556 -0.2678 -0.0644 -0.7733 -0.9644 1.0000 -0.6467
 13 Y  0.4033 0.4633 0.6011 0.2089 -0.3044 -0.1722 0.5289
 14 P  0.2744 -1.0000 -0.3267 0.0611 -0.0111 -1.0000 0.1178
 15 S  -0.3744 -0.7078 -0.6044 -0.4044 -0.2944 -0.5178 -0.2356
 16 P  0.2744 -1.0000 -0.3267 0.0611 -0.0111 -1.0000 0.1178
 17 E  -0.2556 -0.2678 -0.0644 -0.7733 -0.9644 1.0000 -0.6467
 18 V  0.7522 -0.3167 -0.2578 0.3678 -0.2122 -0.0344 1.0000
 19 S  -0.3744 -0.7078 -0.6044 -0.4044 -0.2944 -0.5178 -0.2356
 20 G  -1.0000 -1.0000 -1.0000 -0.3800 -0.1989 -1.0000 -1.0000
 21 Q  -0.2556 -0.1222 -0.0222 -0.5156 -0.3067 0.5867 -0.4122
 22 T  0.4467 -0.4633 -0.3567 -0.2211 -0.3200 -0.4478 0.2356
 23 A  -0.3889 -0.7556 -0.7522 -0.1900 -0.1889 1.0000 -0.5289
 24 G  -1.0000 -1.0000 -1.0000 -0.3800 -0.1989 -1.0000 -1.0000
 25 G  -1.0000 -1.0000 -1.0000 -0.3800 -0.1989 -1.0000 -1.0000
 26 P  0.2744 -1.0000 -0.3267 0.0611 -0.0111 -1.0000 0.1178
 27 T  0.4467 -0.4633 -0.3567 -0.2211 -0.3200 -0.4478 0.2356
 28 L  0.2367 -0.0733 -0.0100 0.6622 -0.2067 0.7933 -0.0589
 29 I  1.0000 -0.0733 -0.0100 0.7244 -0.2067 0.1722 0.7644
 30 V  0.7522 -0.3167 -0.2578 0.3678 -0.2122 -0.0344 1.0000
 31 A  -0.3889 -0.7556 -0.7522 -0.1900 -0.1889 1.0000 -0.5289
 32 L  0.2367 -0.0733 -0.0100 0.6622 -0.2067 0.7933 -0.0589
 33 Q  -0.2556 -0.1222 -0.0222 -0.5156 -0.3067 0.5867 -0.4122
 34 G  -1.0000 -1.0000 -1.0000 -0.3800 -0.1989 -1.0000 -1.0000
 35 Y  0.4033 0.4633 0.6011 0.2089 -0.3044 -0.1722 0.5289
 36 A  -0.3889 -0.7556 -0.7522 -0.1900 -0.1889 1.0000 -0.5289
 37 D  -0.2367 -0.4633 -0.3122 -0.8522 -1.0000 -0.1722 -0.7056
 38 A  -0.3889 -0.7556 -0.7522 -0.1900 -0.1889 1.0000 -0.5289
 39 G  -1.0000 -1.0000 -1.0000 -0.3800 -0.1989 -1.0000 -1.0000
 40 H  0.4267 0.1222 0.1533 -0.3011 0.2167 -0.0344 -0.1178
 41 A  -0.3889 -0.7556 -0.7522 -0.1900 -0.1889 1.0000 -0.5289
 42 V  0.7522 -0.3167 -0.2578 0.3678 -0.2122 -0.0344 1.0000
 43 E  -0.2556 -0.2678 -0.0644 -0.7733 -0.9644 1.0000 -0.6467
 44 S  -0.3744 -0.7078 -0.6044 -0.4044 -0.2944 -0.5178 -0.2356
 45 S  -0.3744 -0.7078 -0.6044 -0.4044 -0.2944 -0.5178 -0.2356
 46 S  -0.3744 -0.7078 -0.6044 -0.4044 -0.2944 -0.5178 -0.2356
 47 S  -0.3744 -0.7078 -0.6044 -0.4044 -0.2944 -0.5178 -0.2356
 48 H  0.4267 0.1222 0.1533 -0.3011 0.2167 -0.0344 -0.1178
 49 L  0.2367 -0.0733 -0.0100 0.6622 -0.2067 0.7933 -0.0589
 50 M  0.1222 0.0733 0.0967 0.3744 -0.2911 0.7244 -0.0011
 51 D  -0.2367 -0.4633 -0.3122 -0.8522 -1.0000 -0.1722 -0.7056
 52 A  -0.3889 -0.7556 -0.7522 -0.1900 -0.1889 1.0000 -0.5289
 53 L  0.2367 -0.0733 -0.0100 0.6622 -0.2067 0.7933 -0.0589
 54 D  -0.2367 -0.4633 -0.3122 -0.8522 -1.0000 -0.1722 -0.7056
 55 H  0.4267 0.1222 0.1533 -0.3011 0.2167 -0.0344 -0.1178
 56 R  0.1167 0.4144 0.5178 -1.0000 1.0000 0.5867 -0.4122
 57 L  0.2367 -0.0733 -0.0100 0.6622 -0.2067 0.7933 -0.0589
 58 I  1.0000 -0.0733 -0.0100 0.7244 -0.2067 0.1722 0.7644
 59 A  -0.3889 -0.7556 -0.7522 -0.1900 -0.1889 1.0000 -0.5289
 60 S  -0.3744 -0.7078 -0.6044 -0.4044 -0.2944 -0.5178 -0.2356
 61 F  0.4033 0.4144 0.4578 0.7178 -0.3022 0.1722 0.3533
 62 N  -0.2367 -0.3656 -0.2700 -0.7489 -0.0833 -0.4478 -0.5878
 63 N  -0.2367 -0.3656 -0.2700 -0.7489 -0.0833 -0.4478 -0.5878
 64 D  -0.2367 -0.4633 -0.3122 -0.8522 -1.0000 -0.1722 -0.7056
 65 E  -0.2556 -0.2678 -0.0644 -0.7733 -0.9644 1.0000 -0.6467
 66 L  0.2367 -0.0733 -0.0100 0.6622 -0.2067 0.7933 -0.0589
 67 I  1.0000 -0.0733 -0.0100 0.7244 -0.2067 0.1722 0.7644
 68 D  -0.2367 -0.4633 -0.3122 -0.8522 -1.0000 -0.1722 -0.7056
 69 Y  0.4033 0.4633 0.6011 0.2089 -0.3044 -0.1722 0.5289
 70 R  0.1167 0.4144 0.5178 -1.0000 1.0000 0.5867 -0.4122
 71 S  -0.3744 -0.7078 -0.6044 -0.4044 -0.2944 -0.5178 -0.2356
 72 R  0.1167 0.4144 0.5178 -1.0000 1.0000 0.5867 -0.4122
 73 R  0.1167 0.4144 0.5178 -1.0000 1.0000 0.5867 -0.4122
 74 P  0.2744 -1.0000 -0.3267 0.0611 -0.0111 -1.0000 0.1178
 75 V  0.7522 -0.3167 -0.2578 0.3678 -0.2122 -0.0344 1.0000
 76 V  0.7522 -0.3167 -0.2578 0.3678 -0.2122 -0.0344 1.0000
 77 V  0.7522 -0.3167 -0.2578 0.3678 -0.2122 -0.0344 1.0000
 78 I  1.0000 -0.0733 -0.0100 0.7244 -0.2067 0.1722 0.7644
 79 E  -0.2556 -0.2678 -0.0644 -0.7733 -0.9644 1.0000 -0.6467
 80 H  0.4267 0.1222 0.1533 -0.3011 0.2167 -0.0344 -0.1178
 81 N  -0.2367 -0.3656 -0.2700 -0.7489 -0.0833 -0.4478 -0.5878
 82 E  -0.2556 -0.2678 -0.0644 -0.7733 -0.9644 1.0000 -0.6467
 83 V  0.7522 -0.3167 -0.2578 0.3678 -0.2122 -0.0344 1.0000
 84 T  0.4467 -0.4633 -0.3567 -0.2211 -0.3200 -0.4478 0.2356
 85 S  -0.3744 -0.7078 -0.6044 -0.4044 -0.2944 -0.5178 -0.2356
 86 M  0.1222 0.0733 0.0967 0.3744 -0.2911 0.7244 -0.0011
 87 D  -0.2367 -0.4633 -0.3122 -0.8522 -1.0000 -0.1722 -0.7056
 88 E  -0.2556 -0.2678 -0.0644 -0.7733 -0.9644 1.0000 -0.6467
 89 L  0.2367 -0.0733 -0.0100 0.6622 -0.2067 0.7933 -0.0589
 90 N  -0.2367 -0.3656 -0.2700 -0.7489 -0.0833 -0.4478 -0.5878
 91 L  0.2367 -0.0733 -0.0100 0.6622 -0.2067 0.7933 -0.0589
 92 G  -1.0000 -1.0000 -1.0000 -0.3800 -0.1989 -1.0000 -1.0000
 93 L  0.2367 -0.0733 -0.0100 0.6622 -0.2067 0.7933 -0.0589
 94 H  0.4267 0.1222 0.1533 -0.3011 0.2167 -0.0344 -0.1178
 95 V  0.7522 -0.3167 -0.2578 0.3678 -0.2122 -0.0344 1.0000
 96 V  0.7522 -0.3167 -0.2578 0.3678 -0.2122 -0.0344 1.0000
 97 R  0.1167 0.4144 0.5178 -1.0000 1.0000 0.5867 -0.4122
 98 D  -0.2367 -0.4633 -0.3122 -0.8522 -1.0000 -0.1722 -0.7056
 99 N  -0.2367 -0.3656 -0.2700 -0.7489 -0.0833 -0.4478 -0.5878
 100 D  -0.2367 -0.4633 -0.3122 -0.8522 -1.0000 -0.1722 -0.7056
 101 N  -0.2367 -0.3656 -0.2700 -0.7489 -0.0833 -0.4478 -0.5878
 102 K  -0.0978 0.0733 0.1811 -0.9878 0.8078 0.3100 -0.2944
 103 P  0.2744 -1.0000 -0.3267 0.0611 -0.0111 -1.0000 0.1178
 104 F  0.4033 0.4144 0.4578 0.7178 -0.3022 0.1722 0.3533
 105 L  0.2367 -0.0733 -0.0100 0.6622 -0.2067 0.7933 -0.0589
 106 M  0.1222 0.0733 0.0967 0.3744 -0.2911 0.7244 -0.0011
 107 L  0.2367 -0.0733 -0.0100 0.6622 -0.2067 0.7933 -0.0589
 108 S  -0.3744 -0.7078 -0.6044 -0.4044 -0.2944 -0.5178 -0.2356
 109 G  -1.0000 -1.0000 -1.0000 -0.3800 -0.1989 -1.0000 -1.0000
 110 P  0.2744 -1.0000 -0.3267 0.0611 -0.0111 -1.0000 0.1178
 111 E  -0.2556 -0.2678 -0.0644 -0.7733 -0.9644 1.0000 -0.6467
 112 P  0.2744 -1.0000 -0.3267 0.0611 -0.0111 -1.0000 0.1178
 113 D  -0.2367 -0.4633 -0.3122 -0.8522 -1.0000 -0.1722 -0.7056
 114 L  0.2367 -0.0733 -0.0100 0.6622 -0.2067 0.7933 -0.0589
 115 R  0.1167 0.4144 0.5178 -1.0000 1.0000 0.5867 -0.4122
 116 W  0.5322 1.0000 1.0000 1.0000 -0.2322 0.3100 0.5878
 117 G  -1.0000 -1.0000 -1.0000 -0.3800 -0.1989 -1.0000 -1.0000
 118 D  -0.2367 -0.4633 -0.3122 -0.8522 -1.0000 -0.1722 -0.7056
 119 F  0.4033 0.4144 0.4578 0.7178 -0.3022 0.1722 0.3533
 120 S  -0.3744 -0.7078 -0.6044 -0.4044 -0.2944 -0.5178 -0.2356
 121 N  -0.2367 -0.3656 -0.2700 -0.7489 -0.0833 -0.4478 -0.5878
 122 A  -0.3889 -0.7556 -0.7522 -0.1900 -0.1889 1.0000 -0.5289
 123 V  0.7522 -0.3167 -0.2578 0.3678 -0.2122 -0.0344 1.0000
 124 V  0.7522 -0.3167 -0.2578 0.3678 -0.2122 -0.0344 1.0000
 125 D  -0.2367 -0.4633 -0.3122 -0.8522 -1.0000 -0.1722 -0.7056
 126 L  0.2367 -0.0733 -0.0100 0.6622 -0.2067 0.7933 -0.0589
 127 V  0.7522 -0.3167 -0.2578 0.3678 -0.2122 -0.0344 1.0000
 128 E  -0.2556 -0.2678 -0.0644 -0.7733 -0.9644 1.0000 -0.6467
 129 K  -0.0978 0.0733 0.1811 -0.9878 0.8078 0.3100 -0.2944
 130 F  0.4033 0.4144 0.4578 0.7178 -0.3022 0.1722 0.3533
 131 G  -1.0000 -1.0000 -1.0000 -0.3800 -0.1989 -1.0000 -1.0000
 132 V  0.7522 -0.3167 -0.2578 0.3678 -0.2122 -0.0344 1.0000
 133 E  -0.2556 -0.2678 -0.0644 -0.7733 -0.9644 1.0000 -0.6467
 134 N  -0.2367 -0.3656 -0.2700 -0.7489 -0.0833 -0.4478 -0.5878
 135 T  0.4467 -0.4633 -0.3567 -0.2211 -0.3200 -0.4478 0.2356
 136 I  1.0000 -0.0733 -0.0100 0.7244 -0.2067 0.1722 0.7644
 137 C  -0.1556 -0.3656 -0.3989 0.5644 -0.1267 -0.7244 0.5289
 138 L  0.2367 -0.0733 -0.0100 0.6622 -0.2067 0.7933 -0.0589
 139 Y  0.4033 0.4633 0.6011 0.2089 -0.3044 -0.1722 0.5289
 140 A  -0.3889 -0.7556 -0.7522 -0.1900 -0.1889 1.0000 -0.5289
 141 A  -0.3889 -0.7556 -0.7522 -0.1900 -0.1889 1.0000 -0.5289
 142 P  0.2744 -1.0000 -0.3267 0.0611 -0.0111 -1.0000 0.1178
 143 M  0.1222 0.0733 0.0967 0.3744 -0.2911 0.7244 -0.0011
 144 T  0.4467 -0.4633 -0.3567 -0.2211 -0.3200 -0.4478 0.2356
 145 V  0.7522 -0.3167 -0.2578 0.3678 -0.2122 -0.0344 1.0000
 146 P  0.2744 -1.0000 -0.3267 0.0611 -0.0111 -1.0000 0.1178
 147 H  0.4267 0.1222 0.1533 -0.3011 0.2167 -0.0344 -0.1178
 148 T  0.4467 -0.4633 -0.3567 -0.2211 -0.3200 -0.4478 0.2356
 149 R  0.1167 0.4144 0.5178 -1.0000 1.0000 0.5867 -0.4122
 150 P  0.2744 -1.0000 -0.3267 0.0611 -0.0111 -1.0000 0.1178
 151 T  0.4467 -0.4633 -0.3567 -0.2211 -0.3200 -0.4478 0.2356
 152 V  0.7522 -0.3167 -0.2578 0.3678 -0.2122 -0.0344 1.0000
 153 V  0.7522 -0.3167 -0.2578 0.3678 -0.2122 -0.0344 1.0000
 154 T  0.4467 -0.4633 -0.3567 -0.2211 -0.3200 -0.4478 0.2356
 155 A  -0.3889 -0.7556 -0.7522 -0.1900 -0.1889 1.0000 -0.5289
 156 H  0.4267 0.1222 0.1533 -0.3011 0.2167 -0.0344 -0.1178
 157 G  -1.0000 -1.0000 -1.0000 -0.3800 -0.1989 -1.0000 -1.0000
 158 N  -0.2367 -0.3656 -0.2700 -0.7489 -0.0833 -0.4478 -0.5878
 159 S  -0.3744 -0.7078 -0.6044 -0.4044 -0.2944 -0.5178 -0.2356
 160 T  0.4467 -0.4633 -0.3567 -0.2211 -0.3200 -0.4478 0.2356
 161 D  -0.2367 -0.4633 -0.3122 -0.8522 -1.0000 -0.1722 -0.7056
 162 R  0.1167 0.4144 0.5178 -1.0000 1.0000 0.5867 -0.4122
 163 L  0.2367 -0.0733 -0.0100 0.6622 -0.2067 0.7933 -0.0589
 164 K  -0.0978 0.0733 0.1811 -0.9878 0.8078 0.3100 -0.2944
 165 D  -0.2367 -0.4633 -0.3122 -0.8522 -1.0000 -0.1722 -0.7056
 166 Q  -0.2556 -0.1222 -0.0222 -0.5156 -0.3067 0.5867 -0.4122
 167 V  0.7522 -0.3167 -0.2578 0.3678 -0.2122 -0.0344 1.0000
 168 S  -0.3744 -0.7078 -0.6044 -0.4044 -0.2944 -0.5178 -0.2356
 169 L  0.2367 -0.0733 -0.0100 0.6622 -0.2067 0.7933 -0.0589
 170 D  -0.2367 -0.4633 -0.3122 -0.8522 -1.0000 -0.1722 -0.7056
 171 T  0.4467 -0.4633 -0.3567 -0.2211 -0.3200 -0.4478 0.2356
 172 R  0.1167 0.4144 0.5178 -1.0000 1.0000 0.5867 -0.4122
 173 M  0.1222 0.0733 0.0967 0.3744 -0.2911 0.7244 -0.0011
 174 T  0.4467 -0.4633 -0.3567 -0.2211 -0.3200 -0.4478 0.2356
 175 V  0.7522 -0.3167 -0.2578 0.3678 -0.2122 -0.0344 1.0000
 176 P  0.2744 -1.0000 -0.3267 0.0611 -0.0111 -1.0000 0.1178
 177 G  -1.0000 -1.0000 -1.0000 -0.3800 -0.1989 -1.0000 -1.0000
 178 S  -0.3744 -0.7078 -0.6044 -0.4044 -0.2944 -0.5178 -0.2356
 179 A  -0.3889 -0.7556 -0.7522 -0.1900 -0.1889 1.0000 -0.5289
 180 S  -0.3744 -0.7078 -0.6044 -0.4044 -0.2944 -0.5178 -0.2356
 181 L  0.2367 -0.0733 -0.0100 0.6622 -0.2067 0.7933 -0.0589
 182 M  0.1222 0.0733 0.0967 0.3744 -0.2911 0.7244 -0.0011
 183 L  0.2367 -0.0733 -0.0100 0.6622 -0.2067 0.7933 -0.0589
 184 E  -0.2556 -0.2678 -0.0644 -0.7733 -0.9644 1.0000 -0.6467
 185 K  -0.0978 0.0733 0.1811 -0.9878 0.8078 0.3100 -0.2944
 186 L  0.2367 -0.0733 -0.0100 0.6622 -0.2067 0.7933 -0.0589
 187 L  0.2367 -0.0733 -0.0100 0.6622 -0.2067 0.7933 -0.0589
 188 K  -0.0978 0.0733 0.1811 -0.9878 0.8078 0.3100 -0.2944
 189 D  -0.2367 -0.4633 -0.3122 -0.8522 -1.0000 -0.1722 -0.7056
 190 K  -0.0978 0.0733 0.1811 -0.9878 0.8078 0.3100 -0.2944
 191 G  -1.0000 -1.0000 -1.0000 -0.3800 -0.1989 -1.0000 -1.0000
 192 K  -0.0978 0.0733 0.1811 -0.9878 0.8078 0.3100 -0.2944
 193 N  -0.2367 -0.3656 -0.2700 -0.7489 -0.0833 -0.4478 -0.5878
 194 V  0.7522 -0.3167 -0.2578 0.3678 -0.2122 -0.0344 1.0000
 195 S  -0.3744 -0.7078 -0.6044 -0.4044 -0.2944 -0.5178 -0.2356
 196 G  -1.0000 -1.0000 -1.0000 -0.3800 -0.1989 -1.0000 -1.0000
 197 Y  0.4033 0.4633 0.6011 0.2089 -0.3044 -0.1722 0.5289
 198 T  0.4467 -0.4633 -0.3567 -0.2211 -0.3200 -0.4478 0.2356
 199 V  0.7522 -0.3167 -0.2578 0.3678 -0.2122 -0.0344 1.0000
 200 H  0.4267 0.1222 0.1533 -0.3011 0.2167 -0.0344 -0.1178
 201 V  0.7522 -0.3167 -0.2578 0.3678 -0.2122 -0.0344 1.0000
 202 P  0.2744 -1.0000 -0.3267 0.0611 -0.0111 -1.0000 0.1178
 203 H  0.4267 0.1222 0.1533 -0.3011 0.2167 -0.0344 -0.1178
 204 Y  0.4033 0.4633 0.6011 0.2089 -0.3044 -0.1722 0.5289
 205 V  0.7522 -0.3167 -0.2578 0.3678 -0.2122 -0.0344 1.0000
 206 S  -0.3744 -0.7078 -0.6044 -0.4044 -0.2944 -0.5178 -0.2356
 207 A  -0.3889 -0.7556 -0.7522 -0.1900 -0.1889 1.0000 -0.5289
 208 S  -0.3744 -0.7078 -0.6044 -0.4044 -0.2944 -0.5178 -0.2356
 209 P  0.2744 -1.0000 -0.3267 0.0611 -0.0111 -1.0000 0.1178
 210 Y  0.4033 0.4633 0.6011 0.2089 -0.3044 -0.1722 0.5289
 211 P  0.2744 -1.0000 -0.3267 0.0611 -0.0111 -1.0000 0.1178
 212 A  -0.3889 -0.7556 -0.7522 -0.1900 -0.1889 1.0000 -0.5289
 213 A  -0.3889 -0.7556 -0.7522 -0.1900 -0.1889 1.0000 -0.5289
 214 T  0.4467 -0.4633 -0.3567 -0.2211 -0.3200 -0.4478 0.2356
 215 L  0.2367 -0.0733 -0.0100 0.6622 -0.2067 0.7933 -0.0589
 216 K  -0.0978 0.0733 0.1811 -0.9878 0.8078 0.3100 -0.2944
 217 L  0.2367 -0.0733 -0.0100 0.6622 -0.2067 0.7933 -0.0589
 218 L  0.2367 -0.0733 -0.0100 0.6622 -0.2067 0.7933 -0.0589
 219 Q  -0.2556 -0.1222 -0.0222 -0.5156 -0.3067 0.5867 -0.4122
 220 S  -0.3744 -0.7078 -0.6044 -0.4044 -0.2944 -0.5178 -0.2356
 221 I  1.0000 -0.0733 -0.0100 0.7244 -0.2067 0.1722 0.7644
 222 A  -0.3889 -0.7556 -0.7522 -0.1900 -0.1889 1.0000 -0.5289
 223 D  -0.2367 -0.4633 -0.3122 -0.8522 -1.0000 -0.1722 -0.7056
 224 S  -0.3744 -0.7078 -0.6044 -0.4044 -0.2944 -0.5178 -0.2356
 225 A  -0.3889 -0.7556 -0.7522 -0.1900 -0.1889 1.0000 -0.5289
 226 D  -0.2367 -0.4633 -0.3122 -0.8522 -1.0000 -0.1722 -0.7056
 227 L  0.2367 -0.0733 -0.0100 0.6622 -0.2067 0.7933 -0.0589
 228 N  -0.2367 -0.3656 -0.2700 -0.7489 -0.0833 -0.4478 -0.5878
 229 L  0.2367 -0.0733 -0.0100 0.6622 -0.2067 0.7933 -0.0589
 230 P  0.2744 -1.0000 -0.3267 0.0611 -0.0111 -1.0000 0.1178
 231 L  0.2367 -0.0733 -0.0100 0.6622 -0.2067 0.7933 -0.0589
 232 L  0.2367 -0.0733 -0.0100 0.6622 -0.2067 0.7933 -0.0589
 233 A  -0.3889 -0.7556 -0.7522 -0.1900 -0.1889 1.0000 -0.5289
 234 L  0.2367 -0.0733 -0.0100 0.6622 -0.2067 0.7933 -0.0589
 235 E  -0.2556 -0.2678 -0.0644 -0.7733 -0.9644 1.0000 -0.6467
 236 R  0.1167 0.4144 0.5178 -1.0000 1.0000 0.5867 -0.4122
 237 D  -0.2367 -0.4633 -0.3122 -0.8522 -1.0000 -0.1722 -0.7056
 238 A  -0.3889 -0.7556 -0.7522 -0.1900 -0.1889 1.0000 -0.5289
 239 E  -0.2556 -0.2678 -0.0644 -0.7733 -0.9644 1.0000 -0.6467
 240 K  -0.0978 0.0733 0.1811 -0.9878 0.8078 0.3100 -0.2944
 241 V  0.7522 -0.3167 -0.2578 0.3678 -0.2122 -0.0344 1.0000
 242 H  0.4267 0.1222 0.1533 -0.3011 0.2167 -0.0344 -0.1178
 243 R  0.1167 0.4144 0.5178 -1.0000 1.0000 0.5867 -0.4122
 244 Q  -0.2556 -0.1222 -0.0222 -0.5156 -0.3067 0.5867 -0.4122
 245 L  0.2367 -0.0733 -0.0100 0.6622 -0.2067 0.7933 -0.0589
 246 M  0.1222 0.0733 0.0967 0.3744 -0.2911 0.7244 -0.0011
 247 E  -0.2556 -0.2678 -0.0644 -0.7733 -0.9644 1.0000 -0.6467
 248 Q  -0.2556 -0.1222 -0.0222 -0.5156 -0.3067 0.5867 -0.4122
 249 T  0.4467 -0.4633 -0.3567 -0.2211 -0.3200 -0.4478 0.2356
 250 E  -0.2556 -0.2678 -0.0644 -0.7733 -0.9644 1.0000 -0.6467
 251 E  -0.2556 -0.2678 -0.0644 -0.7733 -0.9644 1.0000 -0.6467
 252 S  -0.3744 -0.7078 -0.6044 -0.4044 -0.2944 -0.5178 -0.2356
 253 S  -0.3744 -0.7078 -0.6044 -0.4044 -0.2944 -0.5178 -0.2356
 254 E  -0.2556 -0.2678 -0.0644 -0.7733 -0.9644 1.0000 -0.6467
 255 I  1.0000 -0.0733 -0.0100 0.7244 -0.2067 0.1722 0.7644
 256 Q  -0.2556 -0.1222 -0.0222 -0.5156 -0.3067 0.5867 -0.4122
 257 R  0.1167 0.4144 0.5178 -1.0000 1.0000 0.5867 -0.4122
 258 V  0.7522 -0.3167 -0.2578 0.3678 -0.2122 -0.0344 1.0000
 259 V  0.7522 -0.3167 -0.2578 0.3678 -0.2122 -0.0344 1.0000
 260 G  -1.0000 -1.0000 -1.0000 -0.3800 -0.1989 -1.0000 -1.0000
 261 A  -0.3889 -0.7556 -0.7522 -0.1900 -0.1889 1.0000 -0.5289
 262 L  0.2367 -0.0733 -0.0100 0.6622 -0.2067 0.7933 -0.0589
 263 E  -0.2556 -0.2678 -0.0644 -0.7733 -0.9644 1.0000 -0.6467
 264 Q  -0.2556 -0.1222 -0.0222 -0.5156 -0.3067 0.5867 -0.4122
 265 Q  -0.2556 -0.1222 -0.0222 -0.5156 -0.3067 0.5867 -0.4122
 266 Y  0.4033 0.4633 0.6011 0.2089 -0.3044 -0.1722 0.5289
 267 D  -0.2367 -0.4633 -0.3122 -0.8522 -1.0000 -0.1722 -0.7056
 268 S  -0.3744 -0.7078 -0.6044 -0.4044 -0.2944 -0.5178 -0.2356
 269 E  -0.2556 -0.2678 -0.0644 -0.7733 -0.9644 1.0000 -0.6467
 270 L  0.2367 -0.0733 -0.0100 0.6622 -0.2067 0.7933 -0.0589
 271 E  -0.2556 -0.2678 -0.0644 -0.7733 -0.9644 1.0000 -0.6467
 272 R  0.1167 0.4144 0.5178 -1.0000 1.0000 0.5867 -0.4122
 273 Y  0.4033 0.4633 0.6011 0.2089 -0.3044 -0.1722 0.5289
 274 R  0.1167 0.4144 0.5178 -1.0000 1.0000 0.5867 -0.4122
