 89 D  -0.2367 -0.4633 -0.3122 -0.8522 -1.0000 -0.1722 -0.7056
 90 E  -0.2556 -0.2678 -0.0644 -0.7733 -0.9644 1.0000 -0.6467
 91 H  0.4267 0.1222 0.1533 -0.3011 0.2167 -0.0344 -0.1178
 92 L  0.2367 -0.0733 -0.0100 0.6622 -0.2067 0.7933 -0.0589
 93 C  -0.1556 -0.3656 -0.3989 0.5644 -0.1267 -0.7244 0.5289
 94 A  -0.3889 -0.7556 -0.7522 -0.1900 -0.1889 1.0000 -0.5289
 95 N  -0.2367 -0.3656 -0.2700 -0.7489 -0.0833 -0.4478 -0.5878
 96 L  0.2367 -0.0733 -0.0100 0.6622 -0.2067 0.7933 -0.0589
 ! !  -1.0000 -1.0000 -1.0000 -1.0000 -1.0000 -1.0000 -1.0000
 98 Q  -0.2556 -0.1222 -0.0222 -0.5156 -0.3067 0.5867 -0.4122
 99 L  0.2367 -0.0733 -0.0100 0.6622 -0.2067 0.7933 -0.0589
 100 L  0.2367 -0.0733 -0.0100 0.6622 -0.2067 0.7933 -0.0589
 101 Q  -0.2556 -0.1222 -0.0222 -0.5156 -0.3067 0.5867 -0.4122
 102 E  -0.2556 -0.2678 -0.0644 -0.7733 -0.9644 1.0000 -0.6467
 103 S  -0.3744 -0.7078 -0.6044 -0.4044 -0.2944 -0.5178 -0.2356
 104 L  0.2367 -0.0733 -0.0100 0.6622 -0.2067 0.7933 -0.0589
 105 A  -0.3889 -0.7556 -0.7522 -0.1900 -0.1889 1.0000 -0.5289
 106 Q  -0.2556 -0.1222 -0.0222 -0.5156 -0.3067 0.5867 -0.4122
 107 A  -0.3889 -0.7556 -0.7522 -0.1900 -0.1889 1.0000 -0.5289
 108 R  0.1167 0.4144 0.5178 -1.0000 1.0000 0.5867 -0.4122
 109 L  0.2367 -0.0733 -0.0100 0.6622 -0.2067 0.7933 -0.0589
 110 G  -1.0000 -1.0000 -1.0000 -0.3800 -0.1989 -1.0000 -1.0000
 111 S  -0.3744 -0.7078 -0.6044 -0.4044 -0.2944 -0.5178 -0.2356
 112 R  0.1167 0.4144 0.5178 -1.0000 1.0000 0.5867 -0.4122
 113 R  0.1167 0.4144 0.5178 -1.0000 1.0000 0.5867 -0.4122
 114 P  0.2744 -1.0000 -0.3267 0.0611 -0.0111 -1.0000 0.1178
 115 A  -0.3889 -0.7556 -0.7522 -0.1900 -0.1889 1.0000 -0.5289
 116 R  0.1167 0.4144 0.5178 -1.0000 1.0000 0.5867 -0.4122
 117 L  0.2367 -0.0733 -0.0100 0.6622 -0.2067 0.7933 -0.0589
 118 L  0.2367 -0.0733 -0.0100 0.6622 -0.2067 0.7933 -0.0589
 ! !  -1.0000 -1.0000 -1.0000 -1.0000 -1.0000 -1.0000 -1.0000
 120 P  0.2744 -1.0000 -0.3267 0.0611 -0.0111 -1.0000 0.1178
 121 S  -0.3744 -0.7078 -0.6044 -0.4044 -0.2944 -0.5178 -0.2356
 122 Q  -0.2556 -0.1222 -0.0222 -0.5156 -0.3067 0.5867 -0.4122
 123 L  0.2367 -0.0733 -0.0100 0.6622 -0.2067 0.7933 -0.0589
 124 V  0.7522 -0.3167 -0.2578 0.3678 -0.2122 -0.0344 1.0000
 125 S  -0.3744 -0.7078 -0.6044 -0.4044 -0.2944 -0.5178 -0.2356
 126 Q  -0.2556 -0.1222 -0.0222 -0.5156 -0.3067 0.5867 -0.4122
 127 V  0.7522 -0.3167 -0.2578 0.3678 -0.2122 -0.0344 1.0000
 128 G  -1.0000 -1.0000 -1.0000 -0.3800 -0.1989 -1.0000 -1.0000
 129 K  -0.0978 0.0733 0.1811 -0.9878 0.8078 0.3100 -0.2944
 130 E  -0.2556 -0.2678 -0.0644 -0.7733 -0.9644 1.0000 -0.6467
 131 L  0.2367 -0.0733 -0.0100 0.6622 -0.2067 0.7933 -0.0589
 132 L  0.2367 -0.0733 -0.0100 0.6622 -0.2067 0.7933 -0.0589
 133 R  0.1167 0.4144 0.5178 -1.0000 1.0000 0.5867 -0.4122
 134 L  0.2367 -0.0733 -0.0100 0.6622 -0.2067 0.7933 -0.0589
 135 A  -0.3889 -0.7556 -0.7522 -0.1900 -0.1889 1.0000 -0.5289
 136 Y  0.4033 0.4633 0.6011 0.2089 -0.3044 -0.1722 0.5289
 137 S  -0.3744 -0.7078 -0.6044 -0.4044 -0.2944 -0.5178 -0.2356
 138 E  -0.2556 -0.2678 -0.0644 -0.7733 -0.9644 1.0000 -0.6467
 139 P  0.2744 -1.0000 -0.3267 0.0611 -0.0111 -1.0000 0.1178
 140 C  -0.1556 -0.3656 -0.3989 0.5644 -0.1267 -0.7244 0.5289
 141 G  -1.0000 -1.0000 -1.0000 -0.3800 -0.1989 -1.0000 -1.0000
 142 L  0.2367 -0.0733 -0.0100 0.6622 -0.2067 0.7933 -0.0589
 143 R  0.1167 0.4144 0.5178 -1.0000 1.0000 0.5867 -0.4122
 144 G  -1.0000 -1.0000 -1.0000 -0.3800 -0.1989 -1.0000 -1.0000
 145 A  -0.3889 -0.7556 -0.7522 -0.1900 -0.1889 1.0000 -0.5289
 146 L  0.2367 -0.0733 -0.0100 0.6622 -0.2067 0.7933 -0.0589
 147 L  0.2367 -0.0733 -0.0100 0.6622 -0.2067 0.7933 -0.0589
 148 D  -0.2367 -0.4633 -0.3122 -0.8522 -1.0000 -0.1722 -0.7056
 149 V  0.7522 -0.3167 -0.2578 0.3678 -0.2122 -0.0344 1.0000
 150 C  -0.1556 -0.3656 -0.3989 0.5644 -0.1267 -0.7244 0.5289
 151 V  0.7522 -0.3167 -0.2578 0.3678 -0.2122 -0.0344 1.0000
 152 E  -0.2556 -0.2678 -0.0644 -0.7733 -0.9644 1.0000 -0.6467
 153 Q  -0.2556 -0.1222 -0.0222 -0.5156 -0.3067 0.5867 -0.4122
 154 G  -1.0000 -1.0000 -1.0000 -0.3800 -0.1989 -1.0000 -1.0000
 155 K  -0.0978 0.0733 0.1811 -0.9878 0.8078 0.3100 -0.2944
 156 S  -0.3744 -0.7078 -0.6044 -0.4044 -0.2944 -0.5178 -0.2356
 157 C  -0.1556 -0.3656 -0.3989 0.5644 -0.1267 -0.7244 0.5289
 158 H  0.4267 0.1222 0.1533 -0.3011 0.2167 -0.0344 -0.1178
 159 S  -0.3744 -0.7078 -0.6044 -0.4044 -0.2944 -0.5178 -0.2356
 160 V  0.7522 -0.3167 -0.2578 0.3678 -0.2122 -0.0344 1.0000
 161 G  -1.0000 -1.0000 -1.0000 -0.3800 -0.1989 -1.0000 -1.0000
 162 Q  -0.2556 -0.1222 -0.0222 -0.5156 -0.3067 0.5867 -0.4122
 163 L  0.2367 -0.0733 -0.0100 0.6622 -0.2067 0.7933 -0.0589
 164 A  -0.3889 -0.7556 -0.7522 -0.1900 -0.1889 1.0000 -0.5289
 165 L  0.2367 -0.0733 -0.0100 0.6622 -0.2067 0.7933 -0.0589
 166 D  -0.2367 -0.4633 -0.3122 -0.8522 -1.0000 -0.1722 -0.7056
 167 P  0.2744 -1.0000 -0.3267 0.0611 -0.0111 -1.0000 0.1178
 168 S  -0.3744 -0.7078 -0.6044 -0.4044 -0.2944 -0.5178 -0.2356
 169 L  0.2367 -0.0733 -0.0100 0.6622 -0.2067 0.7933 -0.0589
 170 V  0.7522 -0.3167 -0.2578 0.3678 -0.2122 -0.0344 1.0000
 171 P  0.2744 -1.0000 -0.3267 0.0611 -0.0111 -1.0000 0.1178
 172 T  0.4467 -0.4633 -0.3567 -0.2211 -0.3200 -0.4478 0.2356
 173 F  0.4033 0.4144 0.4578 0.7178 -0.3022 0.1722 0.3533
 174 Q  -0.2556 -0.1222 -0.0222 -0.5156 -0.3067 0.5867 -0.4122
 175 L  0.2367 -0.0733 -0.0100 0.6622 -0.2067 0.7933 -0.0589
 176 T  0.4467 -0.4633 -0.3567 -0.2211 -0.3200 -0.4478 0.2356
 177 L  0.2367 -0.0733 -0.0100 0.6622 -0.2067 0.7933 -0.0589
 178 V  0.7522 -0.3167 -0.2578 0.3678 -0.2122 -0.0344 1.0000
 179 L  0.2367 -0.0733 -0.0100 0.6622 -0.2067 0.7933 -0.0589
 180 R  0.1167 0.4144 0.5178 -1.0000 1.0000 0.5867 -0.4122
 181 L  0.2367 -0.0733 -0.0100 0.6622 -0.2067 0.7933 -0.0589
 182 D  -0.2367 -0.4633 -0.3122 -0.8522 -1.0000 -0.1722 -0.7056
 183 S  -0.3744 -0.7078 -0.6044 -0.4044 -0.2944 -0.5178 -0.2356
 184 R  0.1167 0.4144 0.5178 -1.0000 1.0000 0.5867 -0.4122
 185 L  0.2367 -0.0733 -0.0100 0.6622 -0.2067 0.7933 -0.0589
 186 W  0.5322 1.0000 1.0000 1.0000 -0.2322 0.3100 0.5878
 ! !  -1.0000 -1.0000 -1.0000 -1.0000 -1.0000 -1.0000 -1.0000
 188 K  -0.0978 0.0733 0.1811 -0.9878 0.8078 0.3100 -0.2944
 189 I  1.0000 -0.0733 -0.0100 0.7244 -0.2067 0.1722 0.7644
 190 Q  -0.2556 -0.1222 -0.0222 -0.5156 -0.3067 0.5867 -0.4122
 191 G  -1.0000 -1.0000 -1.0000 -0.3800 -0.1989 -1.0000 -1.0000
 192 L  0.2367 -0.0733 -0.0100 0.6622 -0.2067 0.7933 -0.0589
 193 F  0.4033 0.4144 0.4578 0.7178 -0.3022 0.1722 0.3533
 194 S  -0.3744 -0.7078 -0.6044 -0.4044 -0.2944 -0.5178 -0.2356
 195 S  -0.3744 -0.7078 -0.6044 -0.4044 -0.2944 -0.5178 -0.2356
 196 A  -0.3889 -0.7556 -0.7522 -0.1900 -0.1889 1.0000 -0.5289
 197 N  -0.2367 -0.3656 -0.2700 -0.7489 -0.0833 -0.4478 -0.5878
 198 S  -0.3744 -0.7078 -0.6044 -0.4044 -0.2944 -0.5178 -0.2356
 199 P  0.2744 -1.0000 -0.3267 0.0611 -0.0111 -1.0000 0.1178
 205 S  -0.3744 -0.7078 -0.6044 -0.4044 -0.2944 -0.5178 -0.2356
 206 Q  -0.2556 -0.1222 -0.0222 -0.5156 -0.3067 0.5867 -0.4122
 207 S  -0.3744 -0.7078 -0.6044 -0.4044 -0.2944 -0.5178 -0.2356
 208 L  0.2367 -0.0733 -0.0100 0.6622 -0.2067 0.7933 -0.0589
 209 T  0.4467 -0.4633 -0.3567 -0.2211 -0.3200 -0.4478 0.2356
 210 L  0.2367 -0.0733 -0.0100 0.6622 -0.2067 0.7933 -0.0589
 211 S  -0.3744 -0.7078 -0.6044 -0.4044 -0.2944 -0.5178 -0.2356
 212 T  0.4467 -0.4633 -0.3567 -0.2211 -0.3200 -0.4478 0.2356
 213 G  -1.0000 -1.0000 -1.0000 -0.3800 -0.1989 -1.0000 -1.0000
 214 F  0.4033 0.4144 0.4578 0.7178 -0.3022 0.1722 0.3533
 215 R  0.1167 0.4144 0.5178 -1.0000 1.0000 0.5867 -0.4122
 216 V  0.7522 -0.3167 -0.2578 0.3678 -0.2122 -0.0344 1.0000
 217 I  1.0000 -0.0733 -0.0100 0.7244 -0.2067 0.1722 0.7644
 218 K  -0.0978 0.0733 0.1811 -0.9878 0.8078 0.3100 -0.2944
 219 K  -0.0978 0.0733 0.1811 -0.9878 0.8078 0.3100 -0.2944
 220 K  -0.0978 0.0733 0.1811 -0.9878 0.8078 0.3100 -0.2944
 221 L  0.2367 -0.0733 -0.0100 0.6622 -0.2067 0.7933 -0.0589
 222 Y  0.4033 0.4633 0.6011 0.2089 -0.3044 -0.1722 0.5289
