 1 K  -0.0978 0.0733 0.1811 -0.9878 0.8078 0.3100 -0.2944
 2 S  -0.3744 -0.7078 -0.6044 -0.4044 -0.2944 -0.5178 -0.2356
 3 C  -0.1556 -0.3656 -0.3989 0.5644 -0.1267 -0.7244 0.5289
 4 C  -0.1556 -0.3656 -0.3989 0.5644 -0.1267 -0.7244 0.5289
 5 K  -0.0978 0.0733 0.1811 -0.9878 0.8078 0.3100 -0.2944
 6 S  -0.3744 -0.7078 -0.6044 -0.4044 -0.2944 -0.5178 -0.2356
 7 T  0.4467 -0.4633 -0.3567 -0.2211 -0.3200 -0.4478 0.2356
 8 L  0.2367 -0.0733 -0.0100 0.6622 -0.2067 0.7933 -0.0589
 9 G  -1.0000 -1.0000 -1.0000 -0.3800 -0.1989 -1.0000 -1.0000
 10 R  0.1167 0.4144 0.5178 -1.0000 1.0000 0.5867 -0.4122
 11 N  -0.2367 -0.3656 -0.2700 -0.7489 -0.0833 -0.4478 -0.5878
 12 C  -0.1556 -0.3656 -0.3989 0.5644 -0.1267 -0.7244 0.5289
 13 Y  0.4033 0.4633 0.6011 0.2089 -0.3044 -0.1722 0.5289
 14 N  -0.2367 -0.3656 -0.2700 -0.7489 -0.0833 -0.4478 -0.5878
 15 L  0.2367 -0.0733 -0.0100 0.6622 -0.2067 0.7933 -0.0589
 16 C  -0.1556 -0.3656 -0.3989 0.5644 -0.1267 -0.7244 0.5289
 17 R  0.1167 0.4144 0.5178 -1.0000 1.0000 0.5867 -0.4122
 18 A  -0.3889 -0.7556 -0.7522 -0.1900 -0.1889 1.0000 -0.5289
 19 R  0.1167 0.4144 0.5178 -1.0000 1.0000 0.5867 -0.4122
 20 G  -1.0000 -1.0000 -1.0000 -0.3800 -0.1989 -1.0000 -1.0000
 21 A  -0.3889 -0.7556 -0.7522 -0.1900 -0.1889 1.0000 -0.5289
 22 Q  -0.2556 -0.1222 -0.0222 -0.5156 -0.3067 0.5867 -0.4122
 23 K  -0.0978 0.0733 0.1811 -0.9878 0.8078 0.3100 -0.2944
 24 L  0.2367 -0.0733 -0.0100 0.6622 -0.2067 0.7933 -0.0589
 25 C  -0.1556 -0.3656 -0.3989 0.5644 -0.1267 -0.7244 0.5289
 26 A  -0.3889 -0.7556 -0.7522 -0.1900 -0.1889 1.0000 -0.5289
 27 N  -0.2367 -0.3656 -0.2700 -0.7489 -0.0833 -0.4478 -0.5878
 28 V  0.7522 -0.3167 -0.2578 0.3678 -0.2122 -0.0344 1.0000
 29 C  -0.1556 -0.3656 -0.3989 0.5644 -0.1267 -0.7244 0.5289
 30 R  0.1167 0.4144 0.5178 -1.0000 1.0000 0.5867 -0.4122
 31 C  -0.1556 -0.3656 -0.3989 0.5644 -0.1267 -0.7244 0.5289
 32 K  -0.0978 0.0733 0.1811 -0.9878 0.8078 0.3100 -0.2944
 33 L  0.2367 -0.0733 -0.0100 0.6622 -0.2067 0.7933 -0.0589
 34 T  0.4467 -0.4633 -0.3567 -0.2211 -0.3200 -0.4478 0.2356
 35 S  -0.3744 -0.7078 -0.6044 -0.4044 -0.2944 -0.5178 -0.2356
 36 G  -1.0000 -1.0000 -1.0000 -0.3800 -0.1989 -1.0000 -1.0000
 37 L  0.2367 -0.0733 -0.0100 0.6622 -0.2067 0.7933 -0.0589
 38 S  -0.3744 -0.7078 -0.6044 -0.4044 -0.2944 -0.5178 -0.2356
 39 C  -0.1556 -0.3656 -0.3989 0.5644 -0.1267 -0.7244 0.5289
 40 P  0.2744 -1.0000 -0.3267 0.0611 -0.0111 -1.0000 0.1178
 41 K  -0.0978 0.0733 0.1811 -0.9878 0.8078 0.3100 -0.2944
 42 D  -0.2367 -0.4633 -0.3122 -0.8522 -1.0000 -0.1722 -0.7056
 43 F  0.4033 0.4144 0.4578 0.7178 -0.3022 0.1722 0.3533
 44 P  0.2744 -1.0000 -0.3267 0.0611 -0.0111 -1.0000 0.1178
 45 K  -0.0978 0.0733 0.1811 -0.9878 0.8078 0.3100 -0.2944
